2000-01-01,560,"Chicago, IL",BNA,"Nashville, TN",740,739,855,4,900,859,0,409
2000-01-01,683,"Chicago, IL",BNA,"Nashville, TN",1505,1500,1613,6,1623,1619,0,409
2000-01-01,1050,"Chicago, IL",BNA,"Nashville, TN",1920,1916,2025,6,2038,2031,0,409
2000-01-01,1069,"Chicago, IL",BOI,"Boise, ID",1920,1917,2152,6,2205,2158,0,1437
2000-01-01,138,"Chicago, IL",BWI,"Baltimore, MD",1335,1334,1606,4,1624,1610,0,621
2000-01-01,418,"Chicago, IL",BWI,"Baltimore, MD",1115,1114,1341,3,1355,1344,0,621
2000-01-01,730,"Chicago, IL",BWI,"Baltimore, MD",1655,1654,1947,6,1942,1953,0,621
2000-01-01,756,"Chicago, IL",BWI,"Baltimore, MD",2110,2106,2344,4,2352,2348,0,621
2000-01-01,250,"Chicago, IL",CLT,"Charlotte, NC",1644,1643,1918,5,1925,1923,0,599
2000-01-01,432,"Chicago, IL",CLT,"Charlotte, NC",1314,1311,1550,3,1555,1553,0,599
2000-01-01,1616,"Chicago, IL",CLT,"Charlotte, NC",2045,2044,2313,4,2326,2317,0,599
2000-01-01,570,"Chicago, IL",DAY,"Dayton, OH",1735,1736,1932,3,1937,1935,0,240
2000-01-01,685,"Chicago, IL",DAY,"Dayton, OH",1415,1502,1650,2,1615,1652,0,240
2000-01-01,150,"Chicago, IL",DTW,"Detroit, MI",1744,1743,1947,4,1948,1951,0,235
2000-01-01,396,"Chicago, IL",DTW,"Detroit, MI",1310,1323,1526,4,1526,1530,0,235
2000-01-01,1740,"Chicago, IL",DTW,"Detroit, MI",740,738,928,5,950,933,0,235
2000-01-01,1809,"Chicago, IL",EGE,"Eagle, CO",930,934,1117,6,1117,1123,0,1007
2000-01-01,1425,"Chicago, IL",GEG,"Spokane, WA",1935,1932,2129,3,2136,2132,0,1498
2000-01-01,422,"Chicago, IL",GRR,"Grand Rapids, MI",1914,1910,2046,4,2101,2050,0,137
2000-01-01,1260,"Chicago, IL",GRR,"Grand Rapids, MI",1530,1527,1705,2,1716,1707,0,137
2000-01-01,1408,"Chicago, IL",GRR,"Grand Rapids, MI",2130,2141,2318,4,2318,2322,0,137
2000-01-01,1446,"Chicago, IL",GRR,"Grand Rapids, MI",1150,1148,1325,4,1335,1329,0,137
2000-01-01,750,"Chicago, IL",GSO,"Greensboro/High Point, NC",1755,1753,2035,4,2031,2039,0,590
2000-01-01,1538,"Chicago, IL",GSO,"Greensboro/High Point, NC",1340,1337,1608,4,1619,1612,0,590
2000-01-01,392,"Chicago, IL",MDT,"Harrisburg, PA",1755,1755,2022,4,2031,2026,0,594
2000-01-01,542,"Chicago, IL",MDT,"Harrisburg, PA",1330,1411,1638,5,1611,1643,0,594
2000-01-01,728,"Chicago, IL",MDT,"Harrisburg, PA",2115,2110,2341,4,2353,2345,0,594
2000-01-01,869,"Chicago, IL",MIA,"Miami, FL",1450,1449,1824,3,1839,1827,0,1197
2000-01-01,1088,"Chicago, IL",MIA,"Miami, FL",739,736,1108,7,1132,1115,0,1197
2000-01-01,1636,"Chicago, IL",MIA,"Miami, FL",1020,1017,1350,5,1407,1355,0,1197
2000-01-01,1984,"Chicago, IL",MIA,"Miami, FL",1800,1758,2138,3,2147,2141,0,1197
2000-01-01,1995,"Chicago, IL",MIA,"Miami, FL",830,829,1202,5,1223,1207,0,1197
2000-01-01,1564,"Chicago, IL",MKE,"Milwaukee, WI",2230,2225,2252,3,2307,2255,0,67
2000-01-01,633,"Chicago, IL",MSN,"Madison, WI",2055,2054,2144,2,2141,2146,0,109
2000-01-01,1249,"Chicago, IL",MSN,"Madison, WI",2220,2220,2258,4,2305,2302,0,109
2000-01-01,1581,"Chicago, IL",MSN,"Madison, WI",1410,1410,1445,4,1451,1449,0,109
2000-01-01,367,"Chicago, IL",MSY,"New Orleans, LA",1144,1144,1347,3,1354,1350,0,837
2000-01-01,695,"Chicago, IL",MSY,"New Orleans, LA",945,941,1136,4,1157,1140,0,837
2000-01-01,1789,"Chicago, IL",MSY,"New Orleans, LA",1914,1917,2119,3,2125,2122,0,837
2000-01-01,503,"Chicago, IL",PDX,"Portland, OR",1750,1752,2020,5,2015,2025,0,1739
2000-01-01,569,"Chicago, IL",PDX,"Portland, OR",1530,1531,1732,2,1749,1734,0,1739
2000-01-01,577,"Chicago, IL",PDX,"Portland, OR",1930,1928,2137,3,2150,2140,0,1739
2000-01-01,609,"Chicago, IL",PDX,"Portland, OR",1144,1157,1423,2,1411,1425,0,1739
2000-01-01,1891,"Chicago, IL",PDX,"Portland, OR",920,916,1139,1,1150,1140,0,1739
2000-01-01,749,"Chicago, IL",SAT,"San Antonio, TX",945,942,1235,3,1239,1238,0,1041
2000-01-01,783,"Chicago, IL",SAT,"San Antonio, TX",1925,1923,2216,5,2216,2221,0,1041
2000-01-01,129,"Chicago, IL",SFO,"San Francisco, CA",1040,1036,1305,4,1318,1309,0,1846
2000-01-01,137,"Chicago, IL",SFO,"San Francisco, CA",800,753,1021,12,1040,1033,0,1846
2000-01-01,143,"Chicago, IL",SFO,"San Francisco, CA",1144,1148,1439,5,1419,1444,0,1846
2000-01-01,147,"Chicago, IL",SFO,"San Francisco, CA",1530,1530,1800,7,1755,1807,0,1846
2000-01-01,149,"Chicago, IL",SFO,"San Francisco, CA",1745,1745,2025,11,2022,2036,0,1846
2000-01-01,153,"Chicago, IL",SFO,"San Francisco, CA",1930,1929,2159,7,2209,2206,0,1846
2000-01-01,159,"Chicago, IL",SFO,"San Francisco, CA",930,923,1151,4,1202,1155,0,1846
2000-01-01,161,"Chicago, IL",SFO,"San Francisco, CA",1644,1642,1910,6,1921,1916,0,1846
2000-01-01,637,"Chicago, IL",SFO,"San Francisco, CA",2225,2221,53,4,58,57,0,1846
2000-01-01,667,"Chicago, IL",SFO,"San Francisco, CA",1920,1920,2150,14,2202,2204,0,1846
2000-01-01,691,"Chicago, IL",SFO,"San Francisco, CA",1215,1214,1453,3,1455,1456,0,1846
2000-01-01,495,"Chicago, IL",SLC,"Salt Lake City, UT",1210,1205,1424,3,1426,1427,0,1249
2000-01-01,1439,"Chicago, IL",SLC,"Salt Lake City, UT",914,912,1132,3,1126,1135,0,1249
2000-01-01,1507,"Chicago, IL",SLC,"Salt Lake City, UT",1914,1919,2141,6,2125,2147,0,1249
2000-01-01,1110,"Chicago, IL",TYS,"Knoxville, TN",1310,1307,1526,4,1535,1530,0,475
2000-01-01,1485,"Chicago, IL",TYS,"Knoxville, TN",1744,1741,2000,5,2012,2005,0,475
2000-01-01,352,"Chicago, IL",ALB,"Albany, NY",1314,1309,1553,3,1609,1556,0,723
2000-01-01,1454,"Chicago, IL",ALB,"Albany, NY",1655,1648,1936,4,1950,1940,0,723
2000-01-01,796,"Chicago, IL",ATL,"Atlanta, GA",1330,1326,1609,7,1629,1616,0,606
2000-01-01,1268,"Chicago, IL",ATL,"Atlanta, GA",645,644,938,6,942,944,0,606
2000-01-01,1438,"Chicago, IL",ATL,"Atlanta, GA",2100,2058,2344,8,2346,2352,0,606
2000-01-01,1628,"Chicago, IL",ATL,"Atlanta, GA",1040,1040,1307,6,1330,1313,0,606
2000-01-01,1690,"Chicago, IL",ATL,"Atlanta, GA",1650,1651,1924,9,1939,1933,0,606
2000-01-01,529,"Chicago, IL",BHM,"Birmingham, AL",2115,2113,2255,5,2257,2300,0,584
2000-01-01,1166,"Chicago, IL",BHM,"Birmingham, AL",920,916,1048,3,1101,1051,0,584
2000-01-01,519,"Chicago, IL",CID,"Cedar Rapids/Iowa City, IA",1605,1606,1651,3,1700,1654,0,196
2000-01-01,743,"Chicago, IL",CID,"Cedar Rapids/Iowa City, IA",1930,1941,2036,2,2028,2038,0,196
2000-01-01,1823,"Chicago, IL",CID,"Cedar Rapids/Iowa City, IA",1155,1149,1250,3,1251,1253,0,196
2000-01-01,1019,"Chicago, IL",COS,"Colorado Springs, CO",2045,2041,2206,8,2212,2214,0,911
2000-01-01,1785,"Chicago, IL",COS,"Colorado Springs, CO",945,939,1050,8,1110,1058,0,911
2000-01-01,254,"Chicago, IL",CVG,"Cincinnati, OH",1644,1640,1838,5,1851,1843,0,264
2000-01-01,490,"Chicago, IL",CVG,"Cincinnati, OH",744,739,937,4,953,941,0,264
2000-01-01,1540,"Chicago, IL",CVG,"Cincinnati, OH",2115,2110,2319,7,2324,2326,0,264
2000-01-01,1810,"Chicago, IL",CVG,"Cincinnati, OH",1055,1052,1251,4,1256,1255,0,264
2000-01-01,61,"Chicago, IL",DEN,"Denver, CO",915,"","","",1042,"",1,888
2000-01-01,243,"Chicago, IL",DEN,"Denver, CO",700,656,814,4,825,818,0,888
2000-01-01,245,"Chicago, IL",DEN,"Denver, CO",800,759,920,7,930,927,0,888
2000-01-01,249,"Chicago, IL",DEN,"Denver, CO",1530,1526,1705,6,1700,1711,0,888
2000-01-01,251,"Chicago, IL",DEN,"Denver, CO",945,940,1103,5,1118,1108,0,888
2000-01-01,253,"Chicago, IL",DEN,"Denver, CO",1245,1241,1410,6,1419,1416,0,888
2000-01-01,257,"Chicago, IL",DEN,"Denver, CO",1514,1538,1704,5,1645,1709,0,888
2000-01-01,259,"Chicago, IL",DEN,"Denver, CO",2230,2224,2349,3,2354,2352,0,888
2000-01-01,265,"Chicago, IL",DEN,"Denver, CO",1400,1356,1523,6,1532,1529,0,888
2000-01-01,941,"Chicago, IL",DEN,"Denver, CO",1920,1920,2041,5,2053,2046,0,888
2000-01-01,945,"Chicago, IL",DEN,"Denver, CO",1210,1210,1339,8,1341,1347,0,888
2000-01-01,959,"Chicago, IL",DEN,"Denver, CO",1745,1747,1923,7,1911,1930,0,888
2000-01-01,368,"Chicago, IL",FLL,"Fort Lauderdale, FL",739,736,1112,4,1132,1116,0,1182
2000-01-01,426,"Chicago, IL",FLL,"Fort Lauderdale, FL",2110,2108,52,5,58,57,0,1182
2000-01-01,744,"Chicago, IL",FLL,"Fort Lauderdale, FL",1820,1818,2159,5,2211,2204,0,1182
2000-01-01,1948,"Chicago, IL",FLL,"Fort Lauderdale, FL",1450,1453,1835,5,1841,1840,0,1182
2000-01-01,573,"Chicago, IL",IAH,"Houston, TX",914,911,1130,4,1140,1134,0,925
2000-01-01,703,"Chicago, IL",IAH,"Houston, TX",1200,1157,1428,4,1435,1432,0,925
2000-01-01,1169,"Chicago, IL",IAH,"Houston, TX",1510,1506,1729,5,1743,1734,0,925
2000-01-01,1897,"Chicago, IL",IAH,"Houston, TX",1940,1938,2158,4,2204,2202,0,925
2000-01-01,670,"Chicago, IL",LGA,"New York, NY",2100,2056,2353,4,2350,2357,0,733
2000-01-01,672,"Chicago, IL",LGA,"New York, NY",1900,1858,2142,4,2158,2146,0,733
2000-01-01,674,"Chicago, IL",LGA,"New York, NY",1800,1758,2043,3,2059,2046,0,733
2000-01-01,676,"Chicago, IL",LGA,"New York, NY",1700,1657,1947,4,2000,1951,0,733
2000-01-01,682,"Chicago, IL",LGA,"New York, NY",1400,1404,1651,4,1702,1655,0,733
2000-01-01,684,"Chicago, IL",LGA,"New York, NY",1300,1300,1547,5,1555,1552,0,733
2000-01-01,140,"Chicago, IL",MCO,"Orlando, FL",1814,1829,2146,4,2139,2150,0,1005
2000-01-01,240,"Chicago, IL",MCO,"Orlando, FL",1045,1042,1357,4,1409,1401,0,1005
2000-01-01,342,"Chicago, IL",MCO,"Orlando, FL",2125,2122,32,6,54,38,0,1005
2000-01-01,1500,"Chicago, IL",MCO,"Orlando, FL",1437,1435,1752,3,1759,1755,0,1005
2000-01-01,1832,"Chicago, IL",MCO,"Orlando, FL",800,758,1108,4,1132,1112,0,1005
2000-01-01,299,"Chicago, IL",MSP,"Minneapolis, MN",1145,1146,1300,4,1304,1304,0,334
2000-01-01,505,"Chicago, IL",MSP,"Minneapolis, MN",1945,1945,2056,5,2104,2101,0,334
2000-01-01,719,"Chicago, IL",MSP,"Minneapolis, MN",1444,1443,1605,3,1604,1608,0,334
2000-01-01,1067,"Chicago, IL",MSP,"Minneapolis, MN",1744,1742,1906,5,1913,1911,0,334
2000-01-01,1583,"Chicago, IL",MSP,"Minneapolis, MN",1245,1242,1358,3,1405,1401,0,334
2000-01-01,1889,"Chicago, IL",MSP,"Minneapolis, MN",2230,2230,2347,3,2346,2350,0,334
2000-01-01,489,"Chicago, IL",OMA,"Omaha, NE",805,800,921,3,927,924,0,416
2000-01-01,775,"Chicago, IL",OMA,"Omaha, NE",2050,2050,2215,3,2214,2218,0,416
2000-01-01,1499,"Chicago, IL",OMA,"Omaha, NE",1535,1529,1654,3,1659,1657,0,416
2000-01-01,1859,"Chicago, IL",OMA,"Omaha, NE",1230,1226,1343,1,1358,1344,0,416
2000-01-01,1733,"Chicago, IL",ONT,"Ontario, CA",1150,1145,1417,3,1411,1420,0,1700
2000-01-01,1899,"Chicago, IL",ONT,"Ontario, CA",1925,1926,2154,5,2145,2159,0,1700
2000-01-01,1854,"Chicago, IL",PHL,"Philadelphia, PA",800,849,1215,4,1048,1219,0,678
2000-01-01,1858,"Chicago, IL",PHL,"Philadelphia, PA",1000,954,1238,4,1250,1242,0,678
2000-01-01,1860,"Chicago, IL",PHL,"Philadelphia, PA",1100,"","","",1350,"",1,678
2000-01-01,1864,"Chicago, IL",PHL,"Philadelphia, PA",1310,1308,1604,3,1608,1607,0,678
2000-01-01,1872,"Chicago, IL",PHL,"Philadelphia, PA",1700,1711,2003,4,1959,2007,0,678
2000-01-01,1878,"Chicago, IL",PHL,"Philadelphia, PA",2050,2047,2327,5,2335,2332,0,678
2000-01-01,381,"Chicago, IL",PHX,"Phoenix, AZ",1155,1158,1445,7,1436,1452,0,1440
2000-01-01,423,"Chicago, IL",PHX,"Phoenix, AZ",1544,1545,1828,2,1822,1830,0,1440
2000-01-01,501,"Chicago, IL",PHX,"Phoenix, AZ",1945,1945,2224,3,2225,2227,0,1440
2000-01-01,1273,"Chicago, IL",PHX,"Phoenix, AZ",1840,1848,2133,3,2120,2136,0,1440
2000-01-01,1419,"Chicago, IL",PHX,"Phoenix, AZ",935,934,1224,6,1218,1230,0,1440
2000-01-01,1637,"Chicago, IL",PHX,"Phoenix, AZ",1930,1927,2211,4,2204,2215,0,1440
2000-01-01,1969,"Chicago, IL",PHX,"Phoenix, AZ",800,757,1037,4,1041,1041,0,1440
2000-01-01,1448,"Chicago, IL",PVD,"Providence, RI",1714,1714,2018,6,2022,2024,0,849
2000-01-01,1734,"Chicago, IL",PVD,"Providence, RI",1309,1307,1555,4,1615,1559,0,849
2000-01-01,1768,"Chicago, IL",PVD,"Providence, RI",2045,2045,2342,5,2344,2347,0,849
2000-01-01,798,"Chicago, IL",PWM,"Portland, ME",2045,2042,2342,3,2358,2345,0,900
2000-01-01,1130,"Chicago, IL",PWM,"Portland, ME",1310,1306,1601,3,1620,1604,0,900
2000-01-01,586,"Chicago, IL",RDU,"Raleigh/Durham, NC",1314,1311,1548,3,1603,1551,0,647
2000-01-01,1108,"Chicago, IL",RDU,"Raleigh/Durham, NC",1710,1703,1943,3,1958,1946,0,647
2000-01-01,1158,"Chicago, IL",RDU,"Raleigh/Durham, NC",1130,1127,1401,4,1419,1405,0,647
2000-01-01,590,"Chicago, IL",SDF,"Louisville, KY",2115,2108,2312,7,2325,2319,0,286
2000-01-01,1650,"Chicago, IL",SDF,"Louisville, KY",1350,1348,1545,6,1558,1551,0,286
2000-01-01,271,"Chicago, IL",SJC,"San Jose, CA",930,925,1201,4,1205,1205,0,1830
2000-01-01,361,"Chicago, IL",SJC,"San Jose, CA",1920,1922,2154,5,2157,2159,0,1830
2000-01-01,375,"Chicago, IL",SJC,"San Jose, CA",1514,1514,1740,7,1748,1747,0,1830
2000-01-01,788,"Chicago, IL",TPA,"Tampa, FL",1030,1021,1347,7,1353,1354,0,1012
2000-01-01,1070,"Chicago, IL",TPA,"Tampa, FL",1730,1730,2053,5,2056,2058,0,1012
2000-01-01,1090,"Chicago, IL",TPA,"Tampa, FL",1308,1315,1629,6,1634,1635,0,1012
2000-01-01,1676,"Chicago, IL",TPA,"Tampa, FL",739,822,1134,4,1111,1138,0,1012
2000-01-01,1836,"Chicago, IL",TPA,"Tampa, FL",2115,2110,29,4,46,33,0,1012
2000-01-01,482,"Chicago, IL",ABE,"Allentown/Bethlehem/Easton, PA",914,925,"","",1201,"",0,654
2000-01-01,1122,"Chicago, IL",ABE,"Allentown/Bethlehem/Easton, PA",1730,"","","",2015,"",1,654
2000-01-01,373,"Chicago, IL",AUS,"Austin, TX",1930,2004,2237,3,2213,2240,0,978
2000-01-01,589,"Chicago, IL",AUS,"Austin, TX",914,911,1138,6,1156,1144,0,978
2000-01-01,394,"Chicago, IL",BDL,"Hartford, CT",1644,1644,1947,5,1947,1952,0,783
2000-01-01,1228,"Chicago, IL",BDL,"Hartford, CT",1314,1309,1554,2,1618,1556,0,783
2000-01-01,1404,"Chicago, IL",BDL,"Hartford, CT",1110,1108,1350,4,1406,1354,0,783
2000-01-01,1728,"Chicago, IL",BDL,"Hartford, CT",605,603,844,6,902,850,0,783
2000-01-01,506,"Chicago, IL",BOS,"Boston, MA",845,859,1149,4,1155,1153,0,867
2000-01-01,516,"Chicago, IL",BOS,"Boston, MA",1644,1645,1935,5,1957,1940,0,867
2000-01-01,518,"Chicago, IL",BOS,"Boston, MA",1344,1343,1635,4,1707,1639,0,867
2000-01-01,528,"Chicago, IL",BOS,"Boston, MA",1415,1413,1700,5,1739,1705,0,867
2000-01-01,884,"Chicago, IL",BOS,"Boston, MA",1045,1044,1342,7,1359,1349,0,867
2000-01-01,1018,"Chicago, IL",BOS,"Boston, MA",2045,2044,2343,4,2355,2347,0,867
2000-01-01,160,"Chicago, IL",CMH,"Columbus, OH",2115,2111,2319,3,2326,2322,0,296
2000-01-01,1216,"Chicago, IL",CMH,"Columbus, OH",1655,1654,1902,3,1906,1905,0,296
2000-01-01,1452,"Chicago, IL",CMH,"Columbus, OH",1030,1027,1228,4,1236,1232,0,296
2000-01-01,1644,"Chicago, IL",CMH,"Columbus, OH",744,741,936,6,950,942,0,296
2000-01-01,608,"Chicago, IL",DCA,"Washington, DC",1030,1025,1256,3,1310,1259,0,612
2000-01-01,614,"Chicago, IL",DCA,"Washington, DC",1330,1326,1602,6,1614,1608,0,612
2000-01-01,624,"Chicago, IL",DCA,"Washington, DC",1700,1655,1929,5,1948,1934,0,612
2000-01-01,630,"Chicago, IL",DCA,"Washington, DC",1930,1925,2159,5,2209,2204,0,612
2000-01-01,632,"Chicago, IL",DCA,"Washington, DC",2045,2043,2321,3,2324,2324,0,612
2000-01-01,649,"Chicago, IL",DFW,"Dallas/Fort Worth, TX",1520,1519,1729,5,1745,1734,0,802
2000-01-01,709,"Chicago, IL",DFW,"Dallas/Fort Worth, TX",930,926,1144,7,1154,1151,0,802
2000-01-01,1621,"Chicago, IL",DFW,"Dallas/Fort Worth, TX",1925,1919,2130,7,2141,2137,0,802
2000-01-01,1707,"Chicago, IL",DFW,"Dallas/Fort Worth, TX",1144,1142,1353,5,1411,1358,0,802
2000-01-01,636,"Chicago, IL",EWR,"Newark, NJ",730,726,1006,7,1028,1013,0,719
2000-01-01,642,"Chicago, IL",EWR,"Newark, NJ",1030,1044,1331,7,1331,1338,0,719
2000-01-01,648,"Chicago, IL",EWR,"Newark, NJ",1330,1324,1613,7,1645,1620,0,719
2000-01-01,652,"Chicago, IL",EWR,"Newark, NJ",1430,1427,1715,9,1736,1724,0,719
2000-01-01,656,"Chicago, IL",EWR,"Newark, NJ",1644,1642,1923,6,1948,1929,0,719
2000-01-01,664,"Chicago, IL",EWR,"Newark, NJ",2045,2043,2334,9,2342,2343,0,719
2000-01-01,561,"Chicago, IL",ICT,"Wichita, KS",1925,1923,2109,3,2115,2112,0,588
2000-01-01,1027,"Chicago, IL",ICT,"Wichita, KS",1525,1522,1705,3,1712,1708,0,588
2000-01-01,292,"Chicago, IL",IND,"Indianapolis, IN",700,653,836,3,856,839,0,177
2000-01-01,500,"Chicago, IL",IND,"Indianapolis, IN",1144,"","","",1341,"",1,177
2000-01-01,679,"Chicago, IL",IND,"Indianapolis, IN",1705,1702,1847,7,1901,1854,0,177
2000-01-01,1590,"Chicago, IL",IND,"Indianapolis, IN",1525,1525,1713,7,1721,1720,0,177
2000-01-01,1608,"Chicago, IL",IND,"Indianapolis, IN",1310,1308,1450,6,1505,1456,0,177
2000-01-01,1758,"Chicago, IL",IND,"Indianapolis, IN",2055,2055,2251,7,2253,2258,0,177
2000-01-01,701,"Chicago, IL",LAS,"Las Vegas, NV",1144,1142,1321,4,1333,1325,0,1515
2000-01-01,707,"Chicago, IL",LAS,"Las Vegas, NV",1525,1525,1705,4,1702,1709,0,1515
2000-01-01,711,"Chicago, IL",LAS,"Las Vegas, NV",1955,1953,2136,7,2143,2143,0,1515
2000-01-01,745,"Chicago, IL",LAS,"Las Vegas, NV",2235,2229,7,8,21,15,0,1515
2000-01-01,103,"Chicago, IL",LAX,"Los Angeles, CA",800,759,1005,10,1023,1015,0,1745
2000-01-01,105,"Chicago, IL",LAX,"Los Angeles, CA",1530,2036,"","",1744,"",0,1745
2000-01-01,107,"Chicago, IL",LAX,"Los Angeles, CA",915,912,1119,18,1135,1137,0,1745
2000-01-01,111,"Chicago, IL",LAX,"Los Angeles, CA",1230,1229,1438,4,1453,1442,0,1745
2000-01-01,119,"Chicago, IL",LAX,"Los Angeles, CA",1335,1330,1542,4,1557,1546,0,1745
2000-01-01,123,"Chicago, IL",LAX,"Los Angeles, CA",1925,1924,2153,7,2145,2200,0,1745
2000-01-01,125,"Chicago, IL",LAX,"Los Angeles, CA",1750,1811,2014,4,2007,2018,0,1745
2000-01-01,127,"Chicago, IL",LAX,"Los Angeles, CA",2220,2216,38,7,42,45,0,1745
2000-01-01,641,"Chicago, IL",LAX,"Los Angeles, CA",1144,1145,1403,8,1400,1411,0,1745
2000-01-01,762,"Chicago, IL",LAX,"Los Angeles, CA",700,701,900,8,919,908,0,1745
2000-01-01,841,"Chicago, IL",LAX,"Los Angeles, CA",1914,1917,2129,8,2136,2137,0,1745
2000-01-01,953,"Chicago, IL",LAX,"Los Angeles, CA",2015,2013,2234,9,2237,2243,0,1745
2000-01-01,393,"Chicago, IL",MCI,"Kansas City, MO",914,914,1027,2,1035,1029,0,403
2000-01-01,657,"Chicago, IL",MCI,"Kansas City, MO",1940,1956,2119,4,2105,2123,0,403
2000-01-01,659,"Chicago, IL",MCI,"Kansas City, MO",1214,1215,1335,3,1336,1338,0,403
2000-01-01,1147,"Chicago, IL",MCI,"Kansas City, MO",800,758,920,3,926,923,0,403
2000-01-01,1597,"Chicago, IL",MCI,"Kansas City, MO",1530,1527,1651,3,1655,1654,0,403
2000-01-01,421,"Chicago, IL",MEM,"Memphis, TN",1525,1524,1652,4,1700,1656,0,491
2000-01-01,1629,"Chicago, IL",MEM,"Memphis, TN",1155,1151,1320,5,1330,1325,0,491
2000-01-01,379,"Chicago, IL",OAK,"Oakland, CA",1514,1513,1734,5,1744,1739,0,1836
2000-01-01,469,"Chicago, IL",OAK,"Oakland, CA",1936,1947,2209,3,2210,2212,0,1836
2000-01-01,576,"Chicago, IL",PIT,"Pittsburgh, PA",1045,1043,1251,5,1303,1256,0,412
2000-01-01,582,"Chicago, IL",PIT,"Pittsburgh, PA",1314,1311,1520,6,1535,1526,0,412
2000-01-01,734,"Chicago, IL",PIT,"Pittsburgh, PA",1440,1437,1647,7,1659,1654,0,412
2000-01-01,1204,"Chicago, IL",PIT,"Pittsburgh, PA",1730,1924,2131,11,1953,2142,0,412
2000-01-01,512,"Chicago, IL",RSW,"Fort Myers, FL",1430,1429,1755,2,1813,1757,0,1120
2000-01-01,1206,"Chicago, IL",RSW,"Fort Myers, FL",744,742,1111,3,1127,1114,0,1120
2000-01-01,1852,"Chicago, IL",RSW,"Fort Myers, FL",1100,1057,1424,2,1443,1426,0,1120
2000-01-01,477,"Chicago, IL",SAN,"San Diego, CA",1150,1147,1403,2,1405,1405,0,1723
2000-01-01,929,"Chicago, IL",SAN,"San Diego, CA",1555,1558,1815,2,1809,1817,0,1723
2000-01-01,1121,"Chicago, IL",SAN,"San Diego, CA",1755,1752,2010,3,2012,2013,0,1723
2000-01-01,1277,"Chicago, IL",SAN,"San Diego, CA",1955,1950,2211,3,2213,2214,0,1723
2000-01-01,333,"Chicago, IL",SEA,"Seattle, WA",925,923,1139,4,1148,1143,0,1721
2000-01-01,337,"Chicago, IL",SEA,"Seattle, WA",1950,1957,2157,4,2213,2201,0,1721
2000-01-01,523,"Chicago, IL",SEA,"Seattle, WA",1755,1754,2023,4,2027,2027,0,1721
2000-01-01,755,"Chicago, IL",SEA,"Seattle, WA",810,806,1025,4,1036,1029,0,1721
2000-01-01,943,"Chicago, IL",SEA,"Seattle, WA",1545,1616,1826,6,1756,1832,0,1721
2000-01-01,1283,"Chicago, IL",SEA,"Seattle, WA",1200,1200,1418,7,1424,1425,0,1721
2000-01-01,1748,"Chicago, IL",SJU,"San Juan, PR",739,737,1347,3,1408,1350,0,2072
2000-01-01,877,"Chicago, IL",STT,"Charlotte Amalie, VI",744,741,1357,4,1429,1401,0,2116
2000-01-01,356,"Chicago, IL",SYR,"Syracuse, NY",1418,1418,1644,5,1703,1649,0,607
2000-01-01,1498,"Chicago, IL",SYR,"Syracuse, NY",1644,1643,1909,6,1925,1915,0,607
2000-01-01,568,"Chicago, IL",BTV,"Burlington, VT",1835,1833,2116,3,2129,2119,0,763
2000-01-01,1076,"Chicago, IL",BTV,"Burlington, VT",1320,1317,1603,2,1624,1605,0,763
2000-01-01,380,"Chicago, IL",BUF,"Buffalo, NY",1705,1818,2028,2,1929,2030,0,473
2000-01-01,790,"Chicago, IL",BUF,"Buffalo, NY",2115,2111,2337,3,2342,2340,0,473
2000-01-01,1576,"Chicago, IL",BUF,"Buffalo, NY",1435,1435,1647,3,1701,1650,0,473
2000-01-01,1882,"Chicago, IL",BUF,"Buffalo, NY",1045,1042,1257,3,1306,1300,0,473
2000-01-01,522,"Chicago, IL",CLE,"Cleveland, OH",630,624,827,5,847,832,0,316
2000-01-01,524,"Chicago, IL",CLE,"Cleveland, OH",1710,1709,1921,6,1928,1927,0,316
2000-01-01,710,"Chicago, IL",CLE,"Cleveland, OH",1030,1038,1234,4,1239,1238,0,316
2000-01-01,1790,"Chicago, IL",CLE,"Cleveland, OH",1325,1322,1524,3,1543,1527,0,316
2000-01-01,773,"Chicago, IL",DSM,"Des Moines, IA",1520,1516,1619,3,1630,1622,0,299
2000-01-01,1101,"Chicago, IL",DSM,"Des Moines, IA",2015,2011,2117,3,2128,2120,0,299
2000-01-01,1437,"Chicago, IL",DSM,"Des Moines, IA",1144,1143,1248,3,1253,1251,0,299
2000-01-01,1757,"Chicago, IL",DSM,"Des Moines, IA",925,923,1025,4,1039,1029,0,299
2000-01-01,43,"Chicago, IL",HNL,"Honolulu, HI",1000,958,1444,3,1500,1447,0,4244
2000-01-01,1200,"Chicago, IL",HPN,"White Plains, NY",1336,1333,1621,4,1642,1625,0,738
2000-01-01,1482,"Chicago, IL",HPN,"White Plains, NY",1725,1724,2021,4,2028,2025,0,738
2000-01-01,1488,"Chicago, IL",HPN,"White Plains, NY",1134,1131,1413,4,1429,1417,0,738
2000-01-01,474,"Chicago, IL",IAD,"Washington, DC",1314,"","","",1606,"",1,589
2000-01-01,718,"Chicago, IL",IAD,"Washington, DC",1810,1806,2028,7,2055,2035,0,589
2000-01-01,766,"Chicago, IL",IAD,"Washington, DC",950,949,1210,7,1232,1217,0,589
2000-01-01,882,"Chicago, IL",IAD,"Washington, DC",1700,1655,1934,9,1947,1943,0,589
2000-01-01,1040,"Chicago, IL",IAD,"Washington, DC",2100,2054,2327,6,2345,2333,0,589
2000-01-01,1242,"Chicago, IL",IAD,"Washington, DC",600,557,829,6,842,835,0,589
2000-01-01,1246,"Chicago, IL",IAD,"Washington, DC",1514,1540,1808,6,1810,1814,0,589
2000-01-01,768,"Chicago, IL",JAX,"Jacksonville, FL",835,834,1124,3,1141,1127,0,865
2000-01-01,1042,"Chicago, IL",JAX,"Jacksonville, FL",2050,2047,2348,5,2358,2353,0,865
2000-01-01,694,"Chicago, IL",LGA,"New York, NY",800,756,1037,5,1100,1042,0,733
2000-01-01,896,"Chicago, IL",LGA,"New York, NY",1100,1100,1343,3,1351,1346,0,733
2000-01-01,675,"Chicago, IL",LNK,"Lincoln, NE",2025,2029,2148,2,2151,2150,0,466
2000-01-01,1473,"Chicago, IL",LNK,"Lincoln, NE",912,910,1031,3,1038,1034,0,466
2000-01-01,332,"Chicago, IL",MBS,"Saginaw/Bay City/Midland, MI",1644,1640,1828,5,1841,1833,0,222
2000-01-01,1760,"Chicago, IL",MBS,"Saginaw/Bay City/Midland, MI",1325,1326,1522,3,1522,1525,0,222
2000-01-01,1902,"Chicago, IL",MBS,"Saginaw/Bay City/Midland, MI",2115,2109,2306,6,2313,2312,0,222
2000-01-01,562,"Chicago, IL",MHT,"Manchester, NH",2050,2051,2352,3,2357,2355,0,843
2000-01-01,1024,"Chicago, IL",MHT,"Manchester, NH",1309,1306,1548,2,1615,1550,0,843
2000-01-01,1638,"Chicago, IL",MHT,"Manchester, NH",1655,1654,1949,4,2001,1953,0,843
2000-01-01,532,"Chicago, IL",ORF,"Norfolk, VA",1644,1645,1936,4,1940,1940,0,717
2000-01-01,1032,"Chicago, IL",ORF,"Norfolk, VA",1330,1327,1620,3,1629,1623,0,717
2000-01-01,312,"Chicago, IL",PBI,"West Palm Beach/Palm Beach, FL",1030,1028,1402,3,1417,1405,0,1144
2000-01-01,1824,"Chicago, IL",RIC,"Richmond, VA",1714,1713,1954,7,2004,2001,0,642
2000-01-01,1838,"Chicago, IL",RIC,"Richmond, VA",1330,1325,1604,5,1620,1609,0,642
2000-01-01,438,"Chicago, IL",ROC,"Rochester, NY",1710,1704,1937,7,1945,1944,0,528
2000-01-01,550,"Chicago, IL",ROC,"Rochester, NY",1030,1025,1247,7,1300,1254,0,528
2000-01-01,1456,"Chicago, IL",ROC,"Rochester, NY",1440,1437,1705,6,1715,1711,0,528
2000-01-01,345,"Chicago, IL",SMF,"Sacramento, CA",935,929,1146,3,1210,1149,0,1781
2000-01-01,483,"Chicago, IL",SMF,"Sacramento, CA",1914,1916,2144,4,2148,2148,0,1781
2000-01-01,651,"Chicago, IL",SMF,"Sacramento, CA",1620,1618,1844,3,1852,1847,0,1781
2000-01-01,1405,"Chicago, IL",SMF,"Sacramento, CA",1144,1144,1414,5,1411,1419,0,1781
2000-01-01,303,"Chicago, IL",SNA,"Santa Ana, CA",1544,1541,1753,6,1759,1759,0,1726
2000-01-01,365,"Chicago, IL",SNA,"Santa Ana, CA",1144,1146,1409,4,1400,1413,0,1726
2000-01-01,1075,"Chicago, IL",SNA,"Santa Ana, CA",1744,1742,2006,5,2002,2011,0,1726
2000-01-01,779,"Chicago, IL",STL,"St. Louis, MO",1925,1921,2023,5,2038,2028,0,258
2000-01-01,1097,"Chicago, IL",STL,"St. Louis, MO",1144,1147,1245,5,1255,1250,0,258
2000-01-01,1671,"Chicago, IL",STL,"St. Louis, MO",1520,1520,1624,5,1631,1629,0,258
2000-01-02,568,"Chicago, IL",BTV,"Burlington, VT",1835,1928,2203,2,2129,2205,0,763
2000-01-02,1076,"Chicago, IL",BTV,"Burlington, VT",1320,1319,1607,2,1624,1609,0,763
2000-01-02,380,"Chicago, IL",BUF,"Buffalo, NY",1705,1715,1935,3,1929,1938,0,473
2000-01-02,790,"Chicago, IL",BUF,"Buffalo, NY",2115,2250,100,4,2342,104,0,473
2000-01-02,1576,"Chicago, IL",BUF,"Buffalo, NY",1435,1535,1750,3,1701,1753,0,473
2000-01-02,1882,"Chicago, IL",BUF,"Buffalo, NY",1045,1104,1315,3,1306,1318,0,473
2000-01-02,522,"Chicago, IL",CLE,"Cleveland, OH",630,628,826,4,847,830,0,316
2000-01-02,524,"Chicago, IL",CLE,"Cleveland, OH",1710,1715,1924,5,1928,1929,0,316
2000-01-02,671,"Chicago, IL",CLE,"Cleveland, OH",2115,2232,38,4,2327,42,0,316
2000-01-02,710,"Chicago, IL",CLE,"Cleveland, OH",1030,1028,1230,7,1238,1237,0,316
2000-01-02,1790,"Chicago, IL",CLE,"Cleveland, OH",1325,1323,1540,3,1543,1543,0,316
2000-01-02,571,"Chicago, IL",DSM,"Des Moines, IA",2230,2324,28,2,2339,30,0,299
2000-01-02,593,"Chicago, IL",DSM,"Des Moines, IA",810,824,929,4,920,933,0,299
2000-01-02,773,"Chicago, IL",DSM,"Des Moines, IA",1514,1529,1636,5,1624,1641,0,299
2000-01-02,1101,"Chicago, IL",DSM,"Des Moines, IA",2015,2045,2152,5,2128,2157,0,299
2000-01-02,1437,"Chicago, IL",DSM,"Des Moines, IA",1144,1220,1340,6,1253,1346,0,299
2000-01-02,1757,"Chicago, IL",DSM,"Des Moines, IA",925,924,1036,4,1039,1040,0,299
2000-01-02,43,"Chicago, IL",HNL,"Honolulu, HI",1000,1000,1446,3,1500,1449,0,4244
2000-01-02,1150,"Chicago, IL",HPN,"White Plains, NY",2045,2112,2356,5,2341,1,0,738
2000-01-02,1200,"Chicago, IL",HPN,"White Plains, NY",1336,1332,1626,3,1642,1629,0,738
2000-01-02,1482,"Chicago, IL",HPN,"White Plains, NY",1725,"","","",2028,"",1,738
2000-01-02,1488,"Chicago, IL",HPN,"White Plains, NY",1134,1138,1419,4,1429,1423,0,738
2000-01-02,474,"Chicago, IL",IAD,"Washington, DC",1314,1317,1555,5,1606,1600,0,589
2000-01-02,492,"Chicago, IL",IAD,"Washington, DC",1035,1037,1259,6,1317,1305,0,589
2000-01-02,718,"Chicago, IL",IAD,"Washington, DC",1810,1829,2053,6,2055,2059,0,589
2000-01-02,766,"Chicago, IL",IAD,"Washington, DC",950,949,1215,5,1232,1220,0,589
2000-01-02,882,"Chicago, IL",IAD,"Washington, DC",1700,1722,1951,8,1947,1959,0,589
2000-01-02,1040,"Chicago, IL",IAD,"Washington, DC",2100,2203,30,6,2345,36,0,589
2000-01-02,1242,"Chicago, IL",IAD,"Washington, DC",600,558,838,6,844,844,0,589
2000-01-02,1246,"Chicago, IL",IAD,"Washington, DC",1514,1531,1759,8,1810,1807,0,589
2000-01-02,768,"Chicago, IL",JAX,"Jacksonville, FL",835,833,1132,5,1141,1137,0,865
2000-01-02,1042,"Chicago, IL",JAX,"Jacksonville, FL",2050,2216,133,6,2358,139,0,865
2000-01-02,690,"Chicago, IL",LGA,"New York, NY",1000,957,1247,3,1254,1250,0,733
2000-01-02,692,"Chicago, IL",LGA,"New York, NY",900,913,1158,4,1153,1202,0,733
2000-01-02,694,"Chicago, IL",LGA,"New York, NY",800,759,1048,3,1100,1051,0,733
2000-01-02,696,"Chicago, IL",LGA,"New York, NY",700,659,941,4,955,945,0,733
2000-01-02,698,"Chicago, IL",LGA,"New York, NY",600,557,845,5,856,850,0,733
2000-01-02,896,"Chicago, IL",LGA,"New York, NY",1100,1153,1441,4,1351,1445,0,733
2000-01-02,675,"Chicago, IL",LNK,"Lincoln, NE",2025,2118,2247,3,2151,2250,0,466
2000-01-02,1473,"Chicago, IL",LNK,"Lincoln, NE",912,913,1050,3,1038,1053,0,466
2000-01-02,332,"Chicago, IL",MBS,"Saginaw/Bay City/Midland, MI",1644,1702,1849,3,1841,1852,0,222
2000-01-02,580,"Chicago, IL",MBS,"Saginaw/Bay City/Midland, MI",810,808,958,4,1007,1002,0,222
2000-01-02,1760,"Chicago, IL",MBS,"Saginaw/Bay City/Midland, MI",1325,1324,1521,4,1522,1525,0,222
2000-01-02,1902,"Chicago, IL",MBS,"Saginaw/Bay City/Midland, MI",2115,1,149,4,2313,153,0,222
2000-01-02,562,"Chicago, IL",MHT,"Manchester, NH",2050,2127,9,2,2357,11,0,843
2000-01-02,1024,"Chicago, IL",MHT,"Manchester, NH",1309,1309,1600,5,1615,1605,0,843
2000-01-02,1638,"Chicago, IL",MHT,"Manchester, NH",1655,1657,1946,3,2001,1949,0,843
2000-01-02,532,"Chicago, IL",ORF,"Norfolk, VA",1644,1916,2207,2,1940,2209,0,717
2000-01-02,1032,"Chicago, IL",ORF,"Norfolk, VA",1330,1333,1635,3,1629,1638,0,717
2000-01-02,1198,"Chicago, IL",ORF,"Norfolk, VA",820,816,1103,2,1117,1105,0,717
2000-01-02,312,"Chicago, IL",PBI,"West Palm Beach/Palm Beach, FL",1030,1032,1414,2,1417,1416,0,1144
2000-01-02,282,"Chicago, IL",RIC,"Richmond, VA",620,615,850,3,908,853,0,642
2000-01-02,1824,"Chicago, IL",RIC,"Richmond, VA",1714,1752,2034,4,2004,2038,0,642
2000-01-02,1838,"Chicago, IL",RIC,"Richmond, VA",1330,1328,1613,3,1620,1616,0,642
2000-01-02,386,"Chicago, IL",ROC,"Rochester, NY",2050,2203,39,7,2325,46,0,528
2000-01-02,438,"Chicago, IL",ROC,"Rochester, NY",1710,1715,1944,8,1945,1952,0,528
2000-01-02,550,"Chicago, IL",ROC,"Rochester, NY",1030,1029,1250,7,1300,1257,0,528
2000-01-02,1194,"Chicago, IL",ROC,"Rochester, NY",700,657,911,8,928,919,0,528
2000-01-02,1456,"Chicago, IL",ROC,"Rochester, NY",1440,1536,1757,7,1715,1804,0,528
2000-01-02,345,"Chicago, IL",SMF,"Sacramento, CA",935,931,1151,4,1210,1155,0,1781
2000-01-02,483,"Chicago, IL",SMF,"Sacramento, CA",1914,2017,2238,4,2148,2242,0,1781
2000-01-02,651,"Chicago, IL",SMF,"Sacramento, CA",1620,1617,1835,3,1852,1838,0,1781
2000-01-02,1405,"Chicago, IL",SMF,"Sacramento, CA",1144,1208,1446,4,1411,1450,0,1781
2000-01-02,303,"Chicago, IL",SNA,"Santa Ana, CA",1545,1623,1828,4,1800,1832,0,1726
2000-01-02,365,"Chicago, IL",SNA,"Santa Ana, CA",1144,1224,1452,3,1400,1455,0,1726
2000-01-02,473,"Chicago, IL",SNA,"Santa Ana, CA",1914,1946,2154,17,2134,2211,0,1726
2000-01-02,1075,"Chicago, IL",SNA,"Santa Ana, CA",1745,2104,2304,6,2003,2310,0,1726
2000-01-02,1543,"Chicago, IL",SNA,"Santa Ana, CA",915,914,1140,4,1131,1144,0,1726
2000-01-02,285,"Chicago, IL",STL,"St. Louis, MO",740,800,908,4,851,912,0,258
2000-01-02,779,"Chicago, IL",STL,"St. Louis, MO",1925,2001,2119,3,2038,2122,0,258
2000-01-02,1097,"Chicago, IL",STL,"St. Louis, MO",1144,1142,1246,2,1255,1248,0,258
2000-01-02,1122,"Chicago, IL",ABE,"Allentown/Bethlehem/Easton, PA",1730,1837,2109,2,2015,2111,0,654
2000-01-02,1656,"Chicago, IL",ABE,"Allentown/Bethlehem/Easton, PA",1314,1311,1544,2,1601,1546,0,654
2000-01-02,373,"Chicago, IL",AUS,"Austin, TX",1930,2018,2319,4,2213,2323,0,978
2000-01-02,589,"Chicago, IL",AUS,"Austin, TX",914,912,1205,3,1156,1208,0,978
2000-01-02,394,"Chicago, IL",BDL,"Hartford, CT",1644,1957,2246,5,1945,2251,0,783
2000-01-02,398,"Chicago, IL",BDL,"Hartford, CT",930,927,1221,6,1223,1227,0,783
2000-01-02,1126,"Chicago, IL",BDL,"Hartford, CT",2050,2130,16,5,2352,21,0,783
2000-01-02,1228,"Chicago, IL",BDL,"Hartford, CT",1314,1313,1558,3,1618,1601,0,783
2000-01-02,1404,"Chicago, IL",BDL,"Hartford, CT",1110,1108,1355,4,1406,1359,0,783
2000-01-02,1522,"Chicago, IL",BDL,"Hartford, CT",605,605,852,7,902,859,0,783
2000-01-02,102,"Chicago, IL",BOS,"Boston, MA",1244,1244,1529,8,1553,1537,0,867
2000-01-02,502,"Chicago, IL",BOS,"Boston, MA",645,641,928,8,956,936,0,867
2000-01-02,506,"Chicago, IL",BOS,"Boston, MA",845,841,1137,5,1155,1142,0,867
2000-01-02,516,"Chicago, IL",BOS,"Boston, MA",1644,1653,1947,7,1957,1954,0,867
2000-01-02,518,"Chicago, IL",BOS,"Boston, MA",1345,1342,1653,6,1708,1659,0,867
2000-01-02,526,"Chicago, IL",BOS,"Boston, MA",1845,1932,2216,3,2157,2219,0,867
2000-01-02,528,"Chicago, IL",BOS,"Boston, MA",1415,1412,1706,7,1739,1713,0,867
2000-01-02,884,"Chicago, IL",BOS,"Boston, MA",1045,1045,1357,5,1359,1402,0,867
2000-01-02,1018,"Chicago, IL",BOS,"Boston, MA",2045,2138,27,5,2355,32,0,867
2000-01-02,160,"Chicago, IL",CMH,"Columbus, OH",2115,2258,101,6,2326,107,0,296
2000-01-02,246,"Chicago, IL",CMH,"Columbus, OH",1325,1550,1801,7,1532,1808,0,296
2000-01-02,1216,"Chicago, IL",CMH,"Columbus, OH",1655,2021,2223,4,1906,2227,0,296
2000-01-02,1452,"Chicago, IL",CMH,"Columbus, OH",1030,1038,1241,6,1236,1247,0,296
2000-01-02,1644,"Chicago, IL",CMH,"Columbus, OH",744,742,942,5,950,947,0,296
2000-01-02,602,"Chicago, IL",DCA,"Washington, DC",730,725,957,9,1011,1006,0,612
2000-01-02,608,"Chicago, IL",DCA,"Washington, DC",1030,1029,1304,5,1310,1309,0,612
2000-01-02,614,"Chicago, IL",DCA,"Washington, DC",1330,1331,1616,5,1614,1621,0,612
2000-01-02,622,"Chicago, IL",DCA,"Washington, DC",1630,1635,1904,3,1909,1907,0,612
2000-01-02,624,"Chicago, IL",DCA,"Washington, DC",1700,1659,1934,4,1948,1938,0,612
2000-01-02,628,"Chicago, IL",DCA,"Washington, DC",1830,2014,2236,3,2109,2239,0,612
2000-01-02,630,"Chicago, IL",DCA,"Washington, DC",1930,"","","",2209,"",1,612
2000-01-02,632,"Chicago, IL",DCA,"Washington, DC",2045,2117,2347,4,2324,2351,0,612
2000-01-02,649,"Chicago, IL",DFW,"Dallas/Fort Worth, TX",1520,1623,1855,5,1745,1900,0,802
2000-01-02,709,"Chicago, IL",DFW,"Dallas/Fort Worth, TX",930,927,1156,6,1154,1202,0,802
2000-01-02,1055,"Chicago, IL",DFW,"Dallas/Fort Worth, TX",1414,1426,1701,6,1639,1707,0,802
2000-01-02,1281,"Chicago, IL",DFW,"Dallas/Fort Worth, TX",1755,1854,2112,15,2011,2127,0,802
2000-01-02,1621,"Chicago, IL",DFW,"Dallas/Fort Worth, TX",1925,1925,2201,13,2148,2214,0,802
2000-01-02,1707,"Chicago, IL",DFW,"Dallas/Fort Worth, TX",1144,1150,1422,5,1411,1427,0,802
2000-01-02,1781,"Chicago, IL",DFW,"Dallas/Fort Worth, TX",830,825,1053,6,1052,1059,0,802
2000-01-02,636,"Chicago, IL",EWR,"Newark, NJ",730,728,1009,7,1028,1016,0,719
2000-01-02,640,"Chicago, IL",EWR,"Newark, NJ",930,935,1218,6,1226,1224,0,719
2000-01-02,642,"Chicago, IL",EWR,"Newark, NJ",1030,1027,1311,4,1331,1315,0,719
2000-01-02,644,"Chicago, IL",EWR,"Newark, NJ",1130,1129,1405,5,1425,1410,0,719
2000-01-02,646,"Chicago, IL",EWR,"Newark, NJ",1230,1231,1520,5,1534,1525,0,719
2000-01-02,648,"Chicago, IL",EWR,"Newark, NJ",1330,1334,1642,6,1648,1648,0,719
2000-01-02,652,"Chicago, IL",EWR,"Newark, NJ",1430,1458,1747,9,1736,1756,0,719
2000-01-02,654,"Chicago, IL",EWR,"Newark, NJ",1530,1625,1908,5,1841,1913,0,719
2000-01-02,656,"Chicago, IL",EWR,"Newark, NJ",1644,1744,2030,9,1948,2039,0,719
2000-01-02,658,"Chicago, IL",EWR,"Newark, NJ",1730,1914,2151,5,2039,2156,0,719
2000-01-02,664,"Chicago, IL",EWR,"Newark, NJ",2045,2058,2335,5,2339,2340,0,719
2000-01-02,561,"Chicago, IL",ICT,"Wichita, KS",1925,2035,2213,4,2115,2217,0,588
2000-01-02,795,"Chicago, IL",ICT,"Wichita, KS",914,912,1112,3,1104,1115,0,588
2000-01-02,1027,"Chicago, IL",ICT,"Wichita, KS",1525,1652,1835,6,1712,1841,0,588
2000-01-02,292,"Chicago, IL",IND,"Indianapolis, IN",700,659,844,6,856,850,0,177
2000-01-02,500,"Chicago, IL",IND,"Indianapolis, IN",1144,1151,1336,6,1341,1342,0,177
2000-01-02,679,"Chicago, IL",IND,"Indianapolis, IN",1705,1728,1912,8,1901,1920,0,177
2000-01-02,1590,"Chicago, IL",IND,"Indianapolis, IN",1525,1554,1741,9,1721,1750,0,177
2000-01-02,1608,"Chicago, IL",IND,"Indianapolis, IN",1310,1314,1506,7,1505,1513,0,177
2000-01-02,1722,"Chicago, IL",IND,"Indianapolis, IN",2220,2219,20,4,15,24,0,177
2000-01-02,1758,"Chicago, IL",IND,"Indianapolis, IN",2055,2120,2312,8,2253,2320,0,177
2000-01-02,701,"Chicago, IL",LAS,"Las Vegas, NV",1144,1156,1346,8,1328,1354,0,1515
2000-01-02,707,"Chicago, IL",LAS,"Las Vegas, NV",1525,1526,1653,3,1702,1656,0,1515
2000-01-02,711,"Chicago, IL",LAS,"Las Vegas, NV",1955,2048,2237,12,2143,2249,0,1515
2000-01-02,721,"Chicago, IL",LAS,"Las Vegas, NV",800,759,932,5,940,937,0,1515
2000-01-02,745,"Chicago, IL",LAS,"Las Vegas, NV",2235,2303,36,5,21,41,0,1515
2000-01-02,103,"Chicago, IL",LAX,"Los Angeles, CA",800,758,1013,15,1023,1028,0,1745
2000-01-02,105,"Chicago, IL",LAX,"Los Angeles, CA",1530,1624,1821,4,1744,1825,0,1745
2000-01-02,107,"Chicago, IL",LAX,"Los Angeles, CA",915,924,1134,16,1135,1150,0,1745
2000-01-02,111,"Chicago, IL",LAX,"Los Angeles, CA",1230,1229,1456,7,1453,1503,0,1745
2000-01-02,115,"Chicago, IL",LAX,"Los Angeles, CA",925,930,1152,10,1153,1202,0,1745
2000-01-02,119,"Chicago, IL",LAX,"Los Angeles, CA",1335,1333,1554,4,1557,1558,0,1745
2000-01-02,123,"Chicago, IL",LAX,"Los Angeles, CA",1925,1926,2134,19,2145,2153,0,1745
2000-01-02,125,"Chicago, IL",LAX,"Los Angeles, CA",1750,1758,2004,7,2007,2011,0,1745
2000-01-02,127,"Chicago, IL",LAX,"Los Angeles, CA",2220,2238,50,6,42,56,0,1745
2000-01-02,131,"Chicago, IL",LAX,"Los Angeles, CA",1150,1156,1412,10,1406,1422,0,1745
2000-01-02,815,"Chicago, IL",LAX,"Los Angeles, CA",1845,1928,2131,10,2107,2141,0,1745
2000-01-02,841,"Chicago, IL",LAX,"Los Angeles, CA",1914,1915,2112,8,2136,2120,0,1745
2000-01-02,953,"Chicago, IL",LAX,"Los Angeles, CA",2015,2148,2351,6,2237,2357,0,1745
2000-01-02,393,"Chicago, IL",MCI,"Kansas City, MO",914,912,1037,3,1035,1040,0,403
2000-01-02,657,"Chicago, IL",MCI,"Kansas City, MO",1940,2046,2207,7,2105,2214,0,403
2000-01-02,659,"Chicago, IL",MCI,"Kansas City, MO",1214,1211,1354,3,1336,1357,0,403
2000-01-02,681,"Chicago, IL",MCI,"Kansas City, MO",2210,2235,2358,5,2336,3,0,403
2000-01-02,1147,"Chicago, IL",MCI,"Kansas City, MO",800,"","","",926,"",1,403
2000-01-02,1597,"Chicago, IL",MCI,"Kansas City, MO",1530,1600,1716,4,1655,1720,0,403
2000-01-02,1895,"Chicago, IL",MCI,"Kansas City, MO",1805,1853,2006,3,1930,2009,0,403
2000-01-02,421,"Chicago, IL",MEM,"Memphis, TN",1525,1540,1722,5,1700,1727,0,491
2000-01-02,1151,"Chicago, IL",MEM,"Memphis, TN",914,913,1051,5,1049,1056,0,491
2000-01-02,1629,"Chicago, IL",MEM,"Memphis, TN",1155,1155,1351,6,1330,1357,0,491
2000-01-02,1795,"Chicago, IL",MEM,"Memphis, TN",1915,1954,2134,4,2051,2138,0,491
2000-01-02,379,"Chicago, IL",OAK,"Oakland, CA",1514,1537,1753,6,1744,1759,0,1836
2000-01-02,405,"Chicago, IL",OAK,"Oakland, CA",945,942,1215,3,1226,1218,0,1836
2000-01-02,469,"Chicago, IL",OAK,"Oakland, CA",1950,1956,2203,4,2224,2207,0,1836
2000-01-02,556,"Chicago, IL",PIT,"Pittsburgh, PA",740,738,944,5,959,949,0,412
2000-01-02,576,"Chicago, IL",PIT,"Pittsburgh, PA",1045,1040,1248,5,1303,1253,0,412
2000-01-02,582,"Chicago, IL",PIT,"Pittsburgh, PA",1314,1310,1529,4,1535,1533,0,412
2000-01-02,734,"Chicago, IL",PIT,"Pittsburgh, PA",1440,1452,1702,5,1659,1707,0,412
2000-01-02,1204,"Chicago, IL",PIT,"Pittsburgh, PA",1730,1737,1953,6,1953,1959,0,412
2000-01-02,1642,"Chicago, IL",PIT,"Pittsburgh, PA",2115,2115,2322,5,2335,2327,0,412
2000-01-02,512,"Chicago, IL",RSW,"Fort Myers, FL",1430,1428,1802,3,1813,1805,0,1120
2000-01-02,1206,"Chicago, IL",RSW,"Fort Myers, FL",744,743,1122,4,1127,1126,0,1120
2000-01-02,477,"Chicago, IL",SAN,"San Diego, CA",1150,1216,1446,2,1405,1448,0,1723
2000-01-02,601,"Chicago, IL",SAN,"San Diego, CA",810,809,1030,2,1024,1032,0,1723
2000-01-02,741,"Chicago, IL",SAN,"San Diego, CA",940,939,1153,2,1152,1155,0,1723
2000-01-02,929,"Chicago, IL",SAN,"San Diego, CA",1555,1601,1803,2,1809,1805,0,1723
2000-01-02,1121,"Chicago, IL",SAN,"San Diego, CA",1755,1901,2103,2,2012,2105,0,1723
2000-01-02,1277,"Chicago, IL",SAN,"San Diego, CA",1955,2052,2303,4,2213,2307,0,1723
2000-01-02,333,"Chicago, IL",SEA,"Seattle, WA",925,937,1148,4,1148,1152,0,1721
2000-01-02,337,"Chicago, IL",SEA,"Seattle, WA",1950,2052,2254,3,2213,2257,0,1721
2000-01-02,523,"Chicago, IL",SEA,"Seattle, WA",1755,1756,2020,6,2027,2026,0,1721
2000-01-02,537,"Chicago, IL",SEA,"Seattle, WA",2225,2242,53,3,47,56,0,1721
2000-01-02,755,"Chicago, IL",SEA,"Seattle, WA",810,812,1028,6,1036,1034,0,1721
2000-01-02,943,"Chicago, IL",SEA,"Seattle, WA",1545,1723,1921,6,1756,1927,0,1721
2000-01-02,1283,"Chicago, IL",SEA,"Seattle, WA",1200,1204,1416,4,1424,1420,0,1721
2000-01-02,1748,"Chicago, IL",SJU,"San Juan, PR",739,734,1407,3,1408,1410,0,2072
2000-01-02,1997,"Chicago, IL",SJU,"San Juan, PR",820,820,1456,18,1451,1514,0,2072
2000-01-02,1999,"Chicago, IL",SJU,"San Juan, PR",815,813,1439,12,1444,1451,0,2072
2000-01-02,1671,"Chicago, IL",STL,"St. Louis, MO",1520,1556,1701,3,1631,1704,0,258
2000-01-02,877,"Chicago, IL",STT,"Charlotte Amalie, VI",744,818,1454,4,1429,1458,0,2116
2000-01-02,356,"Chicago, IL",SYR,"Syracuse, NY",1418,1438,1656,3,1703,1659,0,607
2000-01-02,1498,"Chicago, IL",SYR,"Syracuse, NY",1645,1750,2017,5,1926,2022,0,607
2000-01-02,1620,"Chicago, IL",SYR,"Syracuse, NY",650,648,906,4,925,910,0,607
2000-01-02,352,"Chicago, IL",ALB,"Albany, NY",1314,1316,1559,4,1609,1603,0,723
2000-01-02,1048,"Chicago, IL",ALB,"Albany, NY",600,615,853,3,851,856,0,723
2000-01-02,1454,"Chicago, IL",ALB,"Albany, NY",1655,1737,2018,4,1950,2022,0,723
2000-01-02,364,"Chicago, IL",ATL,"Atlanta, GA",1914,1914,2202,10,2205,2212,0,606
2000-01-02,796,"Chicago, IL",ATL,"Atlanta, GA",1330,1334,1653,10,1629,1703,0,606
2000-01-02,1268,"Chicago, IL",ATL,"Atlanta, GA",645,642,925,15,942,940,0,606
2000-01-02,1438,"Chicago, IL",ATL,"Atlanta, GA",2100,2242,122,6,2346,128,0,606
2000-01-02,1628,"Chicago, IL",ATL,"Atlanta, GA",1040,1042,1324,7,1330,1331,0,606
2000-01-02,1690,"Chicago, IL",ATL,"Atlanta, GA",1650,1758,2038,13,1939,2051,0,606
2000-01-02,529,"Chicago, IL",BHM,"Birmingham, AL",2115,2133,2325,3,2257,2328,0,584
2000-01-02,1166,"Chicago, IL",BHM,"Birmingham, AL",920,1014,1152,4,1101,1156,0,584
2000-01-02,519,"Chicago, IL",CID,"Cedar Rapids/Iowa City, IA",1605,1605,1648,3,1700,1651,0,196
2000-01-02,743,"Chicago, IL",CID,"Cedar Rapids/Iowa City, IA",1930,2007,2056,3,2028,2059,0,196
2000-01-02,1823,"Chicago, IL",CID,"Cedar Rapids/Iowa City, IA",1155,1155,1252,3,1251,1255,0,196
2000-01-02,1019,"Chicago, IL",COS,"Colorado Springs, CO",2045,2044,2159,9,2212,2208,0,911
2000-01-02,1785,"Chicago, IL",COS,"Colorado Springs, CO",945,942,1103,5,1110,1108,0,911
2000-01-02,254,"Chicago, IL",CVG,"Cincinnati, OH",1644,1647,1855,4,1851,1859,0,264
2000-01-02,490,"Chicago, IL",CVG,"Cincinnati, OH",744,739,952,5,953,957,0,264
2000-01-02,1540,"Chicago, IL",CVG,"Cincinnati, OH",2115,2211,22,6,2324,28,0,264
2000-01-02,1810,"Chicago, IL",CVG,"Cincinnati, OH",1055,1133,1349,4,1256,1353,0,264
2000-01-02,1863,"Chicago, IL",CVG,"Cincinnati, OH",1414,1413,1616,4,1617,1620,0,264
2000-01-02,61,"Chicago, IL",DEN,"Denver, CO",915,919,1052,5,1042,1057,0,888
2000-01-02,243,"Chicago, IL",DEN,"Denver, CO",700,701,825,7,829,832,0,888
2000-01-02,245,"Chicago, IL",DEN,"Denver, CO",800,841,1001,6,930,1007,0,888
2000-01-02,249,"Chicago, IL",DEN,"Denver, CO",1530,1701,1823,6,1700,1829,0,888
2000-01-02,251,"Chicago, IL",DEN,"Denver, CO",945,940,1106,14,1118,1120,0,888
2000-01-02,253,"Chicago, IL",DEN,"Denver, CO",1245,1251,1422,7,1419,1429,0,888
2000-01-02,257,"Chicago, IL",DEN,"Denver, CO",1514,1608,1727,6,1645,1733,0,888
2000-01-02,259,"Chicago, IL",DEN,"Denver, CO",2230,2327,43,9,2354,52,0,888
2000-01-02,261,"Chicago, IL",DEN,"Denver, CO",805,858,1029,5,934,1034,0,888
2000-01-02,265,"Chicago, IL",DEN,"Denver, CO",1400,1401,1522,7,1532,1529,0,888
2000-01-02,267,"Chicago, IL",DEN,"Denver, CO",1146,1458,1623,6,1319,1629,0,888
2000-01-02,269,"Chicago, IL",DEN,"Denver, CO",1930,2038,2200,5,2106,2205,0,888
2000-01-02,941,"Chicago, IL",DEN,"Denver, CO",1920,1919,2042,6,2053,2048,0,888
2000-01-02,945,"Chicago, IL",DEN,"Denver, CO",1210,1208,1354,7,1341,1401,0,888
2000-01-02,959,"Chicago, IL",DEN,"Denver, CO",1745,1745,1904,5,1911,1909,0,888
2000-01-02,1025,"Chicago, IL",DEN,"Denver, CO",1830,1831,1959,9,2006,2008,0,888
2000-01-02,368,"Chicago, IL",FLL,"Fort Lauderdale, FL",739,738,1129,5,1132,1134,0,1182
2000-01-02,426,"Chicago, IL",FLL,"Fort Lauderdale, FL",2110,2139,116,6,58,122,0,1182
2000-01-02,744,"Chicago, IL",FLL,"Fort Lauderdale, FL",1820,1913,2304,4,2211,2308,0,1182
2000-01-02,1948,"Chicago, IL",FLL,"Fort Lauderdale, FL",1450,1500,1849,4,1841,1853,0,1182
2000-01-02,573,"Chicago, IL",IAH,"Houston, TX",914,915,1155,5,1140,1200,0,925
2000-01-02,703,"Chicago, IL",IAH,"Houston, TX",1200,1213,1517,6,1435,1523,0,925
2000-01-02,705,"Chicago, IL",IAH,"Houston, TX",700,659,930,3,933,933,0,925
2000-01-02,1169,"Chicago, IL",IAH,"Houston, TX",1510,1509,1813,6,1743,1819,0,925
2000-01-02,1897,"Chicago, IL",IAH,"Houston, TX",1940,1954,2249,4,2204,2253,0,925
2000-01-02,1957,"Chicago, IL",IAH,"Houston, TX",1745,1912,2143,4,2017,2147,0,925
2000-01-02,670,"Chicago, IL",LGA,"New York, NY",2100,2225,114,4,2350,118,0,733
2000-01-02,672,"Chicago, IL",LGA,"New York, NY",1900,1942,2233,6,2158,2239,0,733
2000-01-02,674,"Chicago, IL",LGA,"New York, NY",1800,1916,2204,4,2059,2208,0,733
2000-01-02,676,"Chicago, IL",LGA,"New York, NY",1700,1704,2005,4,2000,2009,0,733
2000-01-02,678,"Chicago, IL",LGA,"New York, NY",1600,1556,1843,4,1900,1847,0,733
2000-01-02,680,"Chicago, IL",LGA,"New York, NY",1500,1517,1808,3,1759,1811,0,733
2000-01-02,682,"Chicago, IL",LGA,"New York, NY",1400,1359,1651,5,1700,1656,0,733
2000-01-02,684,"Chicago, IL",LGA,"New York, NY",1300,1300,1548,5,1555,1553,0,733
2000-01-02,140,"Chicago, IL",MCO,"Orlando, FL",1815,1828,2143,4,2140,2147,0,1005
2000-01-02,240,"Chicago, IL",MCO,"Orlando, FL",1045,1042,1408,4,1409,1412,0,1005
2000-01-02,342,"Chicago, IL",MCO,"Orlando, FL",2125,2141,102,5,54,107,0,1005
2000-01-02,1500,"Chicago, IL",MCO,"Orlando, FL",1437,1452,1816,6,1759,1822,0,1005
2000-01-02,1832,"Chicago, IL",MCO,"Orlando, FL",800,758,1127,5,1132,1132,0,1005
2000-01-02,299,"Chicago, IL",MSP,"Minneapolis, MN",1145,1213,1333,3,1304,1336,0,334
2000-01-02,353,"Chicago, IL",MSP,"Minneapolis, MN",745,829,954,3,905,957,0,334
2000-01-02,505,"Chicago, IL",MSP,"Minneapolis, MN",1944,1953,2116,5,2103,2121,0,334
2000-01-02,599,"Chicago, IL",MSP,"Minneapolis, MN",945,941,1054,2,1105,1056,0,334
2000-01-02,765,"Chicago, IL",MSP,"Minneapolis, MN",1644,1642,1800,4,1806,1804,0,334
2000-01-02,1067,"Chicago, IL",MSP,"Minneapolis, MN",1745,1745,1906,3,1914,1909,0,334
2000-01-02,1889,"Chicago, IL",MSP,"Minneapolis, MN",2230,2254,4,3,2346,7,0,334
2000-01-02,1917,"Chicago, IL",MSP,"Minneapolis, MN",845,842,1011,3,1009,1014,0,334
2000-01-02,489,"Chicago, IL",OMA,"Omaha, NE",805,758,933,3,927,936,0,416
2000-01-02,775,"Chicago, IL",OMA,"Omaha, NE",2050,2101,2224,3,2214,2227,0,416
2000-01-02,1129,"Chicago, IL",OMA,"Omaha, NE",914,916,1048,2,1034,1050,0,416
2000-01-02,1499,"Chicago, IL",OMA,"Omaha, NE",1535,1555,1717,2,1659,1719,0,416
2000-01-02,1859,"Chicago, IL",OMA,"Omaha, NE",1230,1233,1415,2,1358,1417,0,416
2000-01-02,1733,"Chicago, IL",ONT,"Ontario, CA",1150,1200,1439,2,1411,1441,0,1700
2000-01-02,1899,"Chicago, IL",ONT,"Ontario, CA",1925,2109,2323,3,2145,2326,0,1700
2000-01-02,1850,"Chicago, IL",PHL,"Philadelphia, PA",615,614,854,4,910,858,0,678
2000-01-02,1854,"Chicago, IL",PHL,"Philadelphia, PA",800,757,1034,5,1048,1039,0,678
2000-01-02,1860,"Chicago, IL",PHL,"Philadelphia, PA",1100,1056,1335,4,1350,1339,0,678
2000-01-02,1864,"Chicago, IL",PHL,"Philadelphia, PA",1310,1307,1546,5,1608,1551,0,678
2000-01-02,1868,"Chicago, IL",PHL,"Philadelphia, PA",1600,"","","",1855,"",1,678
2000-01-02,1872,"Chicago, IL",PHL,"Philadelphia, PA",1700,1709,1942,6,1955,1948,0,678
2000-01-02,1876,"Chicago, IL",PHL,"Philadelphia, PA",1900,2003,2241,5,2151,2246,0,678
2000-01-02,1878,"Chicago, IL",PHL,"Philadelphia, PA",2050,2212,52,4,2335,56,0,678
2000-01-02,381,"Chicago, IL",PHX,"Phoenix, AZ",1155,1156,1452,3,1436,1455,0,1440
2000-01-02,423,"Chicago, IL",PHX,"Phoenix, AZ",1544,1630,1901,3,1822,1904,0,1440
2000-01-02,501,"Chicago, IL",PHX,"Phoenix, AZ",1945,2108,2334,3,2225,2337,0,1440
2000-01-02,1273,"Chicago, IL",PHX,"Phoenix, AZ",1840,1913,2159,2,2120,2201,0,1440
2000-01-02,1419,"Chicago, IL",PHX,"Phoenix, AZ",935,945,1239,3,1216,1242,0,1440
2000-01-02,1637,"Chicago, IL",PHX,"Phoenix, AZ",1930,2019,2245,2,2204,2247,0,1440
2000-01-02,1969,"Chicago, IL",PHX,"Phoenix, AZ",800,800,1100,3,1041,1103,0,1440
2000-01-02,1276,"Chicago, IL",PVD,"Providence, RI",900,859,1200,4,1203,1204,0,849
2000-01-02,1448,"Chicago, IL",PVD,"Providence, RI",1715,1714,2008,5,2023,2013,0,849
2000-01-02,1734,"Chicago, IL",PVD,"Providence, RI",1309,1308,1610,6,1615,1616,0,849
2000-01-02,1768,"Chicago, IL",PVD,"Providence, RI",2045,2211,109,4,2344,113,0,849
2000-01-02,798,"Chicago, IL",PWM,"Portland, ME",2045,2241,130,3,2358,133,0,900
2000-01-02,1130,"Chicago, IL",PWM,"Portland, ME",1310,1316,1614,4,1620,1618,0,900
2000-01-02,1230,"Chicago, IL",PWM,"Portland, ME",740,735,1024,3,1044,1027,0,900
2000-01-02,586,"Chicago, IL",RDU,"Raleigh/Durham, NC",1314,1316,1558,2,1603,1600,0,647
2000-01-02,1108,"Chicago, IL",RDU,"Raleigh/Durham, NC",1710,1743,2020,4,1958,2024,0,647
2000-01-02,1114,"Chicago, IL",RDU,"Raleigh/Durham, NC",615,609,850,6,903,856,0,647
2000-01-02,1190,"Chicago, IL",RDU,"Raleigh/Durham, NC",2055,2217,110,4,2343,114,0,647
2000-01-02,590,"Chicago, IL",SDF,"Louisville, KY",2115,2126,2325,7,2325,2332,0,286
2000-01-02,1650,"Chicago, IL",SDF,"Louisville, KY",1350,1351,1558,6,1558,1604,0,286
2000-01-02,271,"Chicago, IL",SJC,"San Jose, CA",930,932,1158,5,1202,1203,0,1830
2000-01-02,361,"Chicago, IL",SJC,"San Jose, CA",1920,1918,2140,5,2157,2145,0,1830
2000-01-02,375,"Chicago, IL",SJC,"San Jose, CA",1514,1518,1746,5,1748,1751,0,1830
2000-01-02,1401,"Chicago, IL",SJC,"San Jose, CA",1155,1153,1431,5,1430,1436,0,1830
2000-01-02,788,"Chicago, IL",TPA,"Tampa, FL",1030,1029,1355,3,1356,1358,0,1012
2000-01-02,1070,"Chicago, IL",TPA,"Tampa, FL",1730,1813,2138,6,2056,2144,0,1012
2000-01-02,1090,"Chicago, IL",TPA,"Tampa, FL",1308,1307,1630,4,1634,1634,0,1012
2000-01-02,1676,"Chicago, IL",TPA,"Tampa, FL",739,736,1107,5,1111,1112,0,1012
2000-01-02,1836,"Chicago, IL",TPA,"Tampa, FL",2115,2141,114,4,46,118,0,1012
2000-01-02,560,"Chicago, IL",BNA,"Nashville, TN",740,737,855,5,900,900,0,409
2000-01-02,683,"Chicago, IL",BNA,"Nashville, TN",1505,1503,1624,5,1623,1629,0,409
2000-01-02,1050,"Chicago, IL",BNA,"Nashville, TN",1920,1921,2035,8,2038,2043,0,409
2000-01-02,1069,"Chicago, IL",BOI,"Boise, ID",1920,2105,2345,5,2205,2350,0,1437
2000-01-02,138,"Chicago, IL",BWI,"Baltimore, MD",1330,1331,1624,3,1616,1627,0,621
2000-01-02,418,"Chicago, IL",BWI,"Baltimore, MD",1115,1122,1350,3,1355,1353,0,621
2000-01-02,688,"Chicago, IL",BWI,"Baltimore, MD",810,809,1045,2,1054,1047,0,621
2000-01-02,730,"Chicago, IL",BWI,"Baltimore, MD",1655,1711,1941,8,1942,1949,0,621
2000-01-02,756,"Chicago, IL",BWI,"Baltimore, MD",2110,2316,147,7,2352,154,0,621
2000-01-02,250,"Chicago, IL",CLT,"Charlotte, NC",1644,1645,1924,9,1925,1933,0,599
2000-01-02,432,"Chicago, IL",CLT,"Charlotte, NC",1314,1313,1546,5,1555,1551,0,599
2000-01-02,462,"Chicago, IL",CLT,"Charlotte, NC",615,"","","",856,"",1,599
2000-01-02,1616,"Chicago, IL",CLT,"Charlotte, NC",2045,2102,2342,5,2326,2347,0,599
2000-01-02,570,"Chicago, IL",DAY,"Dayton, OH",1735,1841,2039,3,1937,2042,0,240
2000-01-02,685,"Chicago, IL",DAY,"Dayton, OH",1415,1413,1605,6,1615,1611,0,240
2000-01-02,1128,"Chicago, IL",DAY,"Dayton, OH",1044,1042,1236,3,1243,1239,0,240
2000-01-02,150,"Chicago, IL",DTW,"Detroit, MI",1744,1745,2028,6,1955,2034,0,235
2000-01-02,302,"Chicago, IL",DTW,"Detroit, MI",1030,1108,1309,5,1240,1314,0,235
2000-01-02,396,"Chicago, IL",DTW,"Detroit, MI",1310,1312,1510,5,1526,1515,0,235
2000-01-02,440,"Chicago, IL",DTW,"Detroit, MI",740,736,935,7,950,942,0,235
2000-01-02,663,"Chicago, IL",DTW,"Detroit, MI",2125,2248,37,6,2333,43,0,235
2000-01-02,1809,"Chicago, IL",EGE,"Eagle, CO",930,1000,1144,7,1117,1151,0,1007
2000-01-02,1425,"Chicago, IL",GEG,"Spokane, WA",1935,2056,2245,3,2136,2248,0,1498
2000-01-02,422,"Chicago, IL",GRR,"Grand Rapids, MI",1914,2000,2152,3,2101,2155,0,137
2000-01-02,494,"Chicago, IL",GRR,"Grand Rapids, MI",850,844,1023,4,1035,1027,0,137
2000-01-02,1260,"Chicago, IL",GRR,"Grand Rapids, MI",1530,1555,1738,4,1716,1742,0,137
2000-01-02,1408,"Chicago, IL",GRR,"Grand Rapids, MI",2130,2224,18,4,2318,22,0,137
2000-01-02,1446,"Chicago, IL",GRR,"Grand Rapids, MI",1150,1204,1359,2,1335,1401,0,137
2000-01-02,540,"Chicago, IL",GSO,"Greensboro/High Point, NC",850,847,1127,2,1129,1129,0,590
2000-01-02,750,"Chicago, IL",GSO,"Greensboro/High Point, NC",1755,1845,2112,4,2031,2116,0,590
2000-01-02,1538,"Chicago, IL",GSO,"Greensboro/High Point, NC",1340,1338,1629,4,1619,1633,0,590
2000-01-02,392,"Chicago, IL",MDT,"Harrisburg, PA",1755,1820,2047,6,2031,2053,0,594
2000-01-02,482,"Chicago, IL",MDT,"Harrisburg, PA",914,910,1136,4,1155,1140,0,594
2000-01-02,542,"Chicago, IL",MDT,"Harrisburg, PA",1330,1328,1601,4,1611,1605,0,594
2000-01-02,728,"Chicago, IL",MDT,"Harrisburg, PA",2115,2124,2348,4,2353,2352,0,594
2000-01-02,869,"Chicago, IL",MIA,"Miami, FL",1450,1505,1844,3,1839,1847,0,1197
2000-01-02,1088,"Chicago, IL",MIA,"Miami, FL",739,735,1127,9,1132,1136,0,1197
2000-01-02,1636,"Chicago, IL",MIA,"Miami, FL",1020,1015,1413,4,1415,1417,0,1197
2000-01-02,1984,"Chicago, IL",MIA,"Miami, FL",1800,1801,2143,6,2147,2149,0,1197
2000-01-02,1993,"Chicago, IL",MIA,"Miami, FL",930,926,1314,5,1325,1319,0,1197
2000-01-02,1995,"Chicago, IL",MIA,"Miami, FL",830,833,1215,6,1219,1221,0,1197
2000-01-02,1564,"Chicago, IL",MKE,"Milwaukee, WI",2230,2310,2342,3,2307,2345,0,67
2000-01-02,1646,"Chicago, IL",MKE,"Milwaukee, WI",1410,1554,1620,3,1447,1623,0,67
2000-01-02,633,"Chicago, IL",MSN,"Madison, WI",2055,2118,2159,2,2141,2201,0,109
2000-01-02,1249,"Chicago, IL",MSN,"Madison, WI",2220,2229,2319,5,2305,2324,0,109
2000-01-02,1581,"Chicago, IL",MSN,"Madison, WI",1410,1440,1522,2,1451,1524,0,109
2000-01-02,367,"Chicago, IL",MSY,"New Orleans, LA",1144,1143,1350,4,1354,1354,0,837
2000-01-02,695,"Chicago, IL",MSY,"New Orleans, LA",945,940,1152,4,1157,1156,0,837
2000-01-02,1789,"Chicago, IL",MSY,"New Orleans, LA",1914,2007,2230,4,2125,2234,0,837
2000-01-02,295,"Chicago, IL",PDX,"Portland, OR",945,944,1158,3,1206,1201,0,1739
2000-01-02,503,"Chicago, IL",PDX,"Portland, OR",1750,2047,"","",2015,"",0,1739
2000-01-02,569,"Chicago, IL",PDX,"Portland, OR",1530,1531,1747,4,1749,1751,0,1739
2000-01-02,577,"Chicago, IL",PDX,"Portland, OR",1930,1932,2140,4,2150,2144,0,1739
2000-01-02,609,"Chicago, IL",PDX,"Portland, OR",1144,1151,1408,2,1411,1410,0,1739
2000-01-02,1891,"Chicago, IL",PDX,"Portland, OR",920,942,1156,3,1150,1159,0,1739
2000-01-02,749,"Chicago, IL",SAT,"San Antonio, TX",945,943,1249,4,1239,1253,0,1041
2000-01-02,783,"Chicago, IL",SAT,"San Antonio, TX",1925,2013,2320,4,2216,2324,0,1041
2000-01-02,129,"Chicago, IL",SFO,"San Francisco, CA",1040,1040,1309,5,1318,1314,0,1846
2000-01-02,137,"Chicago, IL",SFO,"San Francisco, CA",800,757,1021,3,1037,1024,0,1846
2000-01-02,143,"Chicago, IL",SFO,"San Francisco, CA",1144,1148,1414,6,1419,1420,0,1846
2000-01-02,145,"Chicago, IL",SFO,"San Francisco, CA",1425,1427,1654,6,1654,1700,0,1846
2000-01-02,147,"Chicago, IL",SFO,"San Francisco, CA",1530,1534,1753,4,1755,1757,0,1846
2000-01-02,149,"Chicago, IL",SFO,"San Francisco, CA",1745,1745,2009,5,2019,2014,0,1846
2000-01-02,153,"Chicago, IL",SFO,"San Francisco, CA",1941,2107,2333,5,2223,2338,0,1846
2000-01-02,155,"Chicago, IL",SFO,"San Francisco, CA",2050,2127,2347,4,2323,2351,0,1846
2000-01-02,159,"Chicago, IL",SFO,"San Francisco, CA",930,933,1148,5,1202,1153,0,1846
2000-01-02,161,"Chicago, IL",SFO,"San Francisco, CA",1645,1657,1925,6,1922,1931,0,1846
2000-01-02,637,"Chicago, IL",SFO,"San Francisco, CA",2225,2234,52,5,58,57,0,1846
2000-01-02,667,"Chicago, IL",SFO,"San Francisco, CA",1920,2042,2258,8,2159,2306,0,1846
2000-01-02,691,"Chicago, IL",SFO,"San Francisco, CA",1215,1212,1509,6,1455,1515,0,1846
2000-01-02,495,"Chicago, IL",SLC,"Salt Lake City, UT",1210,1208,1442,3,1426,1445,0,1249
2000-01-02,1439,"Chicago, IL",SLC,"Salt Lake City, UT",914,915,1128,8,1126,1136,0,1249
2000-01-02,1507,"Chicago, IL",SLC,"Salt Lake City, UT",1915,1942,2154,2,2126,2156,0,1249
2000-01-02,390,"Chicago, IL",TYS,"Knoxville, TN",735,731,951,7,1004,958,0,475
2000-01-02,1110,"Chicago, IL",TYS,"Knoxville, TN",1310,1308,1524,4,1535,1528,0,475
2000-01-02,1485,"Chicago, IL",TYS,"Knoxville, TN",1744,1858,2120,4,2012,2124,0,475
2000-01-03,560,"Chicago, IL",BNA,"Nashville, TN",740,746,906,5,900,911,0,409
2000-01-03,683,"Chicago, IL",BNA,"Nashville, TN",1505,1605,1810,6,1623,1816,0,409
2000-01-03,1050,"Chicago, IL",BNA,"Nashville, TN",1920,1935,2115,7,2038,2122,0,409
2000-01-03,1069,"Chicago, IL",BOI,"Boise, ID",1920,2132,17,3,2205,20,0,1437
2000-01-03,138,"Chicago, IL",BWI,"Baltimore, MD",1330,1333,1624,4,1619,1628,0,621
2000-01-03,152,"Chicago, IL",BWI,"Baltimore, MD",625,624,858,3,906,901,0,621
2000-01-03,418,"Chicago, IL",BWI,"Baltimore, MD",1115,1122,1356,2,1355,1358,0,621
2000-01-03,730,"Chicago, IL",BWI,"Baltimore, MD",1655,1657,1944,6,1942,1950,0,621
2000-01-03,756,"Chicago, IL",BWI,"Baltimore, MD",2110,2136,30,7,2352,37,0,621
2000-01-03,250,"Chicago, IL",CLT,"Charlotte, NC",1644,1648,1931,7,1925,1938,0,599
2000-01-03,432,"Chicago, IL",CLT,"Charlotte, NC",1314,1356,1654,5,1555,1659,0,599
2000-01-03,462,"Chicago, IL",CLT,"Charlotte, NC",615,612,855,6,856,901,0,599
2000-01-03,1616,"Chicago, IL",CLT,"Charlotte, NC",2045,2055,2334,4,2326,2338,0,599
2000-01-03,570,"Chicago, IL",DAY,"Dayton, OH",1735,2000,2159,4,1937,2203,0,240
2000-01-03,685,"Chicago, IL",DAY,"Dayton, OH",1415,1414,1630,3,1615,1633,0,240
2000-01-03,1128,"Chicago, IL",DAY,"Dayton, OH",1044,1043,1237,3,1243,1240,0,240
2000-01-03,1552,"Chicago, IL",DAY,"Dayton, OH",750,746,938,2,950,940,0,240
2000-01-03,150,"Chicago, IL",DTW,"Detroit, MI",1744,1744,1948,15,1955,2003,0,235
2000-01-03,302,"Chicago, IL",DTW,"Detroit, MI",1030,1029,1233,24,1240,1257,0,235
2000-01-03,396,"Chicago, IL",DTW,"Detroit, MI",1310,1334,1558,2,1526,1600,0,235
2000-01-03,440,"Chicago, IL",DTW,"Detroit, MI",740,737,952,5,950,957,0,235
2000-01-03,454,"Chicago, IL",DTW,"Detroit, MI",645,639,844,3,850,847,0,235
2000-01-03,663,"Chicago, IL",DTW,"Detroit, MI",2125,2226,33,7,2333,40,0,235
2000-01-03,1425,"Chicago, IL",GEG,"Spokane, WA",1935,2132,2319,5,2136,2324,0,1498
2000-01-03,422,"Chicago, IL",GRR,"Grand Rapids, MI",1914,"","","",2101,"",1,137
2000-01-03,494,"Chicago, IL",GRR,"Grand Rapids, MI",850,849,1023,4,1035,1027,0,137
2000-01-03,1260,"Chicago, IL",GRR,"Grand Rapids, MI",1530,1603,1756,5,1716,1801,0,137
2000-01-03,1408,"Chicago, IL",GRR,"Grand Rapids, MI",2130,2303,42,4,2318,46,0,137
2000-01-03,1446,"Chicago, IL",GRR,"Grand Rapids, MI",1150,1149,1327,4,1335,1331,0,137
2000-01-03,540,"Chicago, IL",GSO,"Greensboro/High Point, NC",850,850,1131,3,1129,1134,0,590
2000-01-03,750,"Chicago, IL",GSO,"Greensboro/High Point, NC",1755,1950,2242,3,2031,2245,0,590
2000-01-03,1538,"Chicago, IL",GSO,"Greensboro/High Point, NC",1340,1434,1734,2,1619,1736,0,590
2000-01-03,392,"Chicago, IL",MDT,"Harrisburg, PA",1755,1814,2100,5,2031,2105,0,594
2000-01-03,482,"Chicago, IL",MDT,"Harrisburg, PA",914,1017,1245,4,1155,1249,0,594
2000-01-03,542,"Chicago, IL",MDT,"Harrisburg, PA",1330,1329,1613,4,1611,1617,0,594
2000-01-03,728,"Chicago, IL",MDT,"Harrisburg, PA",2115,2205,35,4,2353,39,0,594
2000-01-03,869,"Chicago, IL",MIA,"Miami, FL",1450,1507,1915,4,1839,1919,0,1197
2000-01-03,1088,"Chicago, IL",MIA,"Miami, FL",739,738,1134,7,1132,1141,0,1197
2000-01-03,1636,"Chicago, IL",MIA,"Miami, FL",1020,1104,1452,4,1407,1456,0,1197
2000-01-03,1984,"Chicago, IL",MIA,"Miami, FL",1800,1819,2223,4,2147,2227,0,1197
2000-01-03,1564,"Chicago, IL",MKE,"Milwaukee, WI",2230,"","","",2307,"",1,67
2000-01-03,1646,"Chicago, IL",MKE,"Milwaukee, WI",1410,1408,1454,4,1447,1458,0,67
2000-01-03,633,"Chicago, IL",MSN,"Madison, WI",2055,2214,2255,4,2141,2259,0,109
2000-01-03,1249,"Chicago, IL",MSN,"Madison, WI",2220,"","","",2305,"",1,109
2000-01-03,1581,"Chicago, IL",MSN,"Madison, WI",1410,1409,1458,6,1451,1504,0,109
2000-01-03,367,"Chicago, IL",MSY,"New Orleans, LA",1144,1220,1458,2,1358,1500,0,837
2000-01-03,695,"Chicago, IL",MSY,"New Orleans, LA",945,946,1205,3,1157,1208,0,837
2000-01-03,1789,"Chicago, IL",MSY,"New Orleans, LA",1914,2307,124,4,2125,128,0,837
2000-01-03,295,"Chicago, IL",PDX,"Portland, OR",945,941,1148,7,1206,1155,0,1739
2000-01-03,503,"Chicago, IL",PDX,"Portland, OR",1750,1820,2035,3,2015,2038,0,1739
2000-01-03,569,"Chicago, IL",PDX,"Portland, OR",1530,1535,1751,5,1749,1756,0,1739
2000-01-03,577,"Chicago, IL",PDX,"Portland, OR",1930,1946,2152,5,2150,2157,0,1739
2000-01-03,609,"Chicago, IL",PDX,"Portland, OR",1144,1151,1412,6,1411,1418,0,1739
2000-01-03,1891,"Chicago, IL",PDX,"Portland, OR",920,918,1145,5,1150,1150,0,1739
2000-01-03,749,"Chicago, IL",SAT,"San Antonio, TX",945,945,1246,5,1239,1251,0,1041
2000-01-03,783,"Chicago, IL",SAT,"San Antonio, TX",1925,1951,2302,6,2216,2308,0,1041
2000-01-03,129,"Chicago, IL",SFO,"San Francisco, CA",1040,1044,1256,4,1318,1300,0,1846
2000-01-03,137,"Chicago, IL",SFO,"San Francisco, CA",800,800,1012,4,1037,1016,0,1846
2000-01-03,143,"Chicago, IL",SFO,"San Francisco, CA",1144,1151,1419,7,1419,1426,0,1846
2000-01-03,145,"Chicago, IL",SFO,"San Francisco, CA",1425,1538,1746,6,1654,1752,0,1846
2000-01-03,147,"Chicago, IL",SFO,"San Francisco, CA",1530,1639,1838,5,1755,1843,0,1846
2000-01-03,149,"Chicago, IL",SFO,"San Francisco, CA",1745,1920,2134,6,2022,2140,0,1846
2000-01-03,153,"Chicago, IL",SFO,"San Francisco, CA",1930,"","","",2209,"",1,1846
2000-01-03,155,"Chicago, IL",SFO,"San Francisco, CA",2050,2226,47,3,2323,50,0,1846
2000-01-03,157,"Chicago, IL",SFO,"San Francisco, CA",700,704,917,7,936,924,0,1846
2000-01-03,159,"Chicago, IL",SFO,"San Francisco, CA",930,933,1138,5,1202,1143,0,1846
2000-01-03,161,"Chicago, IL",SFO,"San Francisco, CA",1645,"","","",1922,"",1,1846
2000-01-03,637,"Chicago, IL",SFO,"San Francisco, CA",2225,2315,121,5,58,126,0,1846
2000-01-03,667,"Chicago, IL",SFO,"San Francisco, CA",1920,2019,2231,4,2159,2235,0,1846
2000-01-03,691,"Chicago, IL",SFO,"San Francisco, CA",1215,1227,1451,5,1455,1456,0,1846
2000-01-03,495,"Chicago, IL",SLC,"Salt Lake City, UT",1210,1212,1429,2,1426,1431,0,1249
2000-01-03,1439,"Chicago, IL",SLC,"Salt Lake City, UT",914,918,1122,2,1126,1124,0,1249
2000-01-03,1507,"Chicago, IL",SLC,"Salt Lake City, UT",1914,2043,2243,3,2125,2246,0,1249
2000-01-03,390,"Chicago, IL",TYS,"Knoxville, TN",735,733,953,5,1004,958,0,475
2000-01-03,1110,"Chicago, IL",TYS,"Knoxville, TN",1310,1326,1555,5,1535,1600,0,475
2000-01-03,1485,"Chicago, IL",TYS,"Knoxville, TN",1744,"","","",2012,"",1,475
2000-01-03,352,"Chicago, IL",ALB,"Albany, NY",1314,1313,1602,4,1609,1606,0,723
2000-01-03,1048,"Chicago, IL",ALB,"Albany, NY",600,558,832,4,851,836,0,723
2000-01-03,1454,"Chicago, IL",ALB,"Albany, NY",1655,"","","",1950,"",1,723
2000-01-03,364,"Chicago, IL",ATL,"Atlanta, GA",1914,1919,2224,11,2205,2235,0,606
2000-01-03,446,"Chicago, IL",ATL,"Atlanta, GA",925,1024,1316,4,1215,1320,0,606
2000-01-03,796,"Chicago, IL",ATL,"Atlanta, GA",1330,1349,1654,5,1629,1659,0,606
2000-01-03,1268,"Chicago, IL",ATL,"Atlanta, GA",645,642,944,8,942,952,0,606
2000-01-03,1438,"Chicago, IL",ATL,"Atlanta, GA",2100,2222,109,7,2346,116,0,606
2000-01-03,1628,"Chicago, IL",ATL,"Atlanta, GA",1040,1038,1322,5,1330,1327,0,606
2000-01-03,1690,"Chicago, IL",ATL,"Atlanta, GA",1650,1654,2004,11,1939,2015,0,606
2000-01-03,529,"Chicago, IL",BHM,"Birmingham, AL",2115,2123,2343,9,2257,2352,0,584
2000-01-03,1166,"Chicago, IL",BHM,"Birmingham, AL",920,923,1104,4,1101,1108,0,584
2000-01-03,519,"Chicago, IL",CID,"Cedar Rapids/Iowa City, IA",1605,"","","",1700,"",1,196
2000-01-03,743,"Chicago, IL",CID,"Cedar Rapids/Iowa City, IA",1930,"","","",2028,"",1,196
2000-01-03,1823,"Chicago, IL",CID,"Cedar Rapids/Iowa City, IA",1155,1155,1308,3,1251,1311,0,196
2000-01-03,1827,"Chicago, IL",CID,"Cedar Rapids/Iowa City, IA",950,949,1039,3,1046,1042,0,196
2000-01-03,1019,"Chicago, IL",COS,"Colorado Springs, CO",2015,2135,2247,6,2142,2253,0,911
2000-01-03,1785,"Chicago, IL",COS,"Colorado Springs, CO",945,944,1103,4,1110,1107,0,911
2000-01-03,254,"Chicago, IL",CVG,"Cincinnati, OH",1644,1756,2052,6,1851,2058,0,264
2000-01-03,490,"Chicago, IL",CVG,"Cincinnati, OH",744,742,957,6,953,1003,0,264
2000-01-03,1140,"Chicago, IL",CVG,"Cincinnati, OH",600,556,755,3,809,758,0,264
2000-01-03,1540,"Chicago, IL",CVG,"Cincinnati, OH",2115,2146,2349,7,2324,2356,0,264
2000-01-03,1810,"Chicago, IL",CVG,"Cincinnati, OH",1055,1051,1300,5,1256,1305,0,264
2000-01-03,1863,"Chicago, IL",CVG,"Cincinnati, OH",1414,1416,1706,6,1617,1712,0,264
2000-01-03,61,"Chicago, IL",DEN,"Denver, CO",915,914,1043,13,1042,1056,0,888
2000-01-03,243,"Chicago, IL",DEN,"Denver, CO",700,658,814,8,829,822,0,888
2000-01-03,245,"Chicago, IL",DEN,"Denver, CO",800,758,911,9,930,920,0,888
2000-01-03,249,"Chicago, IL",DEN,"Denver, CO",1530,"","","",1700,"",1,888
2000-01-03,251,"Chicago, IL",DEN,"Denver, CO",945,940,1101,9,1118,1110,0,888
2000-01-03,253,"Chicago, IL",DEN,"Denver, CO",1245,1244,1420,7,1419,1427,0,888
2000-01-03,255,"Chicago, IL",DEN,"Denver, CO",919,918,1046,9,1055,1055,0,888
2000-01-03,257,"Chicago, IL",DEN,"Denver, CO",1514,1600,1732,8,1645,1740,0,888
2000-01-03,259,"Chicago, IL",DEN,"Denver, CO",2230,2300,17,4,2354,21,0,888
2000-01-03,261,"Chicago, IL",DEN,"Denver, CO",805,845,1001,9,934,1010,0,888
2000-01-03,265,"Chicago, IL",DEN,"Denver, CO",1400,1400,1520,23,1531,1543,0,888
2000-01-03,267,"Chicago, IL",DEN,"Denver, CO",1146,1152,1327,8,1322,1335,0,888
2000-01-03,269,"Chicago, IL",DEN,"Denver, CO",1930,2058,2217,6,2106,2223,0,888
2000-01-03,941,"Chicago, IL",DEN,"Denver, CO",1920,2055,2203,7,2053,2210,0,888
2000-01-03,945,"Chicago, IL",DEN,"Denver, CO",1210,1208,1345,10,1341,1355,0,888
2000-01-03,959,"Chicago, IL",DEN,"Denver, CO",1745,1748,1857,7,1911,1904,0,888
2000-01-03,1817,"Chicago, IL",DEN,"Denver, CO",1030,1031,1158,7,1206,1205,0,888
2000-01-03,368,"Chicago, IL",FLL,"Fort Lauderdale, FL",739,736,1131,4,1132,1135,0,1182
2000-01-03,426,"Chicago, IL",FLL,"Fort Lauderdale, FL",2110,2244,231,5,58,236,0,1182
2000-01-03,744,"Chicago, IL",FLL,"Fort Lauderdale, FL",1820,1937,2338,5,2211,2343,0,1182
2000-01-03,1948,"Chicago, IL",FLL,"Fort Lauderdale, FL",1450,1501,1905,5,1841,1910,0,1182
2000-01-03,573,"Chicago, IL",IAH,"Houston, TX",914,913,1149,4,1140,1153,0,925
2000-01-03,703,"Chicago, IL",IAH,"Houston, TX",1200,1159,1505,5,1435,1510,0,925
2000-01-03,705,"Chicago, IL",IAH,"Houston, TX",700,712,1003,8,933,1011,0,925
2000-01-03,1169,"Chicago, IL",IAH,"Houston, TX",1510,1507,1807,4,1743,1811,0,925
2000-01-03,1897,"Chicago, IL",IAH,"Houston, TX",1940,2018,2306,4,2204,2310,0,925
2000-01-03,1957,"Chicago, IL",IAH,"Houston, TX",1745,1754,2043,5,2017,2048,0,925
2000-01-03,670,"Chicago, IL",LGA,"New York, NY",2100,2300,138,6,2350,144,0,733
2000-01-03,672,"Chicago, IL",LGA,"New York, NY",1900,2005,2251,4,2158,2255,0,733
2000-01-03,674,"Chicago, IL",LGA,"New York, NY",1800,1837,2130,4,2059,2134,0,733
2000-01-03,676,"Chicago, IL",LGA,"New York, NY",1700,1714,2006,3,2000,2009,0,733
2000-01-03,678,"Chicago, IL",LGA,"New York, NY",1600,1729,2016,7,1900,2023,0,733
2000-01-03,680,"Chicago, IL",LGA,"New York, NY",1500,"","","",1759,"",1,733
2000-01-03,682,"Chicago, IL",LGA,"New York, NY",1400,1405,1659,4,1700,1703,0,733
2000-01-03,684,"Chicago, IL",LGA,"New York, NY",1300,1301,1550,6,1555,1556,0,733
2000-01-03,140,"Chicago, IL",MCO,"Orlando, FL",1814,2005,2352,5,2139,2357,0,1005
2000-01-03,240,"Chicago, IL",MCO,"Orlando, FL",1045,1043,1417,4,1409,1421,0,1005
2000-01-03,342,"Chicago, IL",MCO,"Orlando, FL",2125,2229,218,6,54,224,0,1005
2000-01-03,1500,"Chicago, IL",MCO,"Orlando, FL",1437,1441,1810,3,1759,1813,0,1005
2000-01-03,1832,"Chicago, IL",MCO,"Orlando, FL",800,757,1129,4,1132,1133,0,1005
2000-01-03,299,"Chicago, IL",MSP,"Minneapolis, MN",1145,1151,1304,6,1304,1310,0,334
2000-01-03,353,"Chicago, IL",MSP,"Minneapolis, MN",745,751,858,5,905,903,0,334
2000-01-03,505,"Chicago, IL",MSP,"Minneapolis, MN",1945,2102,2209,4,2104,2213,0,334
2000-01-03,599,"Chicago, IL",MSP,"Minneapolis, MN",945,958,1135,5,1105,1140,0,334
2000-01-03,719,"Chicago, IL",MSP,"Minneapolis, MN",1444,1455,1611,2,1604,1613,0,334
2000-01-03,765,"Chicago, IL",MSP,"Minneapolis, MN",1644,"","","",1806,"",1,334
2000-01-03,799,"Chicago, IL",MSP,"Minneapolis, MN",645,656,811,6,809,817,0,334
2000-01-03,1067,"Chicago, IL",MSP,"Minneapolis, MN",1744,"","","",1913,"",1,334
2000-01-03,1583,"Chicago, IL",MSP,"Minneapolis, MN",1245,1321,1454,3,1405,1457,0,334
2000-01-03,1889,"Chicago, IL",MSP,"Minneapolis, MN",2230,2251,8,3,2346,11,0,334
2000-01-03,1917,"Chicago, IL",MSP,"Minneapolis, MN",845,"","","",1009,"",1,334
2000-01-03,489,"Chicago, IL",OMA,"Omaha, NE",805,803,924,4,927,928,0,416
2000-01-03,775,"Chicago, IL",OMA,"Omaha, NE",2050,2159,2322,4,2214,2326,0,416
2000-01-03,1129,"Chicago, IL",OMA,"Omaha, NE",914,925,1043,3,1034,1046,0,416
2000-01-03,1499,"Chicago, IL",OMA,"Omaha, NE",1535,"","","",1659,"",1,416
2000-01-03,1859,"Chicago, IL",OMA,"Omaha, NE",1230,1232,1408,3,1358,1411,0,416
2000-01-03,1733,"Chicago, IL",ONT,"Ontario, CA",1150,1202,1436,4,1411,1440,0,1700
2000-01-03,1899,"Chicago, IL",ONT,"Ontario, CA",1925,2328,115,2,2145,117,0,1700
2000-01-03,1850,"Chicago, IL",PHL,"Philadelphia, PA",620,618,910,4,915,914,0,678
2000-01-03,1854,"Chicago, IL",PHL,"Philadelphia, PA",800,756,1036,4,1048,1040,0,678
2000-01-03,1856,"Chicago, IL",PHL,"Philadelphia, PA",900,856,1136,3,1150,1139,0,678
2000-01-03,1858,"Chicago, IL",PHL,"Philadelphia, PA",1000,1016,1256,8,1250,1304,0,678
2000-01-03,1860,"Chicago, IL",PHL,"Philadelphia, PA",1100,1154,1451,3,1350,1454,0,678
2000-01-03,1862,"Chicago, IL",PHL,"Philadelphia, PA",1200,1208,1459,4,1449,1503,0,678
2000-01-03,1864,"Chicago, IL",PHL,"Philadelphia, PA",1310,1311,1553,3,1608,1556,0,678
2000-01-03,1868,"Chicago, IL",PHL,"Philadelphia, PA",1600,1723,2011,7,1855,2018,0,678
2000-01-03,1872,"Chicago, IL",PHL,"Philadelphia, PA",1700,"","","",1955,"",1,678
2000-01-03,1876,"Chicago, IL",PHL,"Philadelphia, PA",1900,1859,2140,6,2151,2146,0,678
2000-01-03,1878,"Chicago, IL",PHL,"Philadelphia, PA",2050,"","","",2335,"",1,678
2000-01-03,381,"Chicago, IL",PHX,"Phoenix, AZ",1155,1223,1506,9,1436,1515,0,1440
2000-01-03,423,"Chicago, IL",PHX,"Phoenix, AZ",1544,1621,1905,7,1822,1912,0,1440
2000-01-03,501,"Chicago, IL",PHX,"Phoenix, AZ",1945,2103,2331,3,2225,2334,0,1440
2000-01-03,1273,"Chicago, IL",PHX,"Phoenix, AZ",1840,2101,2335,3,2120,2338,0,1440
2000-01-03,1419,"Chicago, IL",PHX,"Phoenix, AZ",935,950,1238,9,1216,1247,0,1440
2000-01-03,1637,"Chicago, IL",PHX,"Phoenix, AZ",1930,2217,38,4,2204,42,0,1440
2000-01-03,1969,"Chicago, IL",PHX,"Phoenix, AZ",800,757,1037,3,1041,1040,0,1440
2000-01-03,1276,"Chicago, IL",PVD,"Providence, RI",900,856,1155,4,1204,1159,0,849
2000-01-03,1448,"Chicago, IL",PVD,"Providence, RI",1715,2117,17,6,2023,23,0,849
2000-01-03,1734,"Chicago, IL",PVD,"Providence, RI",1309,1317,1628,5,1615,1633,0,849
2000-01-03,1768,"Chicago, IL",PVD,"Providence, RI",2045,2144,47,5,2344,52,0,849
2000-01-03,798,"Chicago, IL",PWM,"Portland, ME",2045,2200,110,3,2358,113,0,900
2000-01-03,1130,"Chicago, IL",PWM,"Portland, ME",1310,1308,1600,3,1620,1603,0,900
2000-01-03,1230,"Chicago, IL",PWM,"Portland, ME",740,737,1026,3,1044,1029,0,900
2000-01-03,586,"Chicago, IL",RDU,"Raleigh/Durham, NC",1314,1348,1646,7,1603,1653,0,647
2000-01-03,1108,"Chicago, IL",RDU,"Raleigh/Durham, NC",1710,"","","",1958,"",1,647
2000-01-03,1114,"Chicago, IL",RDU,"Raleigh/Durham, NC",615,613,852,4,903,856,0,647
2000-01-03,1158,"Chicago, IL",RDU,"Raleigh/Durham, NC",1130,1140,1426,6,1419,1432,0,647
2000-01-03,1190,"Chicago, IL",RDU,"Raleigh/Durham, NC",2055,2200,101,4,2343,105,0,647
2000-01-03,590,"Chicago, IL",SDF,"Louisville, KY",2115,2140,2345,6,2325,2351,0,286
2000-01-03,1650,"Chicago, IL",SDF,"Louisville, KY",1350,1502,1740,6,1558,1746,0,286
2000-01-03,271,"Chicago, IL",SJC,"San Jose, CA",930,926,1139,5,1202,1144,0,1830
2000-01-03,361,"Chicago, IL",SJC,"San Jose, CA",1920,2000,2206,7,2157,2213,0,1830
2000-01-03,375,"Chicago, IL",SJC,"San Jose, CA",1514,1537,1804,6,1748,1810,0,1830
2000-01-03,1401,"Chicago, IL",SJC,"San Jose, CA",1155,1154,1429,6,1430,1435,0,1830
2000-01-03,788,"Chicago, IL",TPA,"Tampa, FL",1030,1034,1419,5,1353,1424,0,1012
2000-01-03,1070,"Chicago, IL",TPA,"Tampa, FL",1730,1821,2219,3,2056,2222,0,1012
2000-01-03,1090,"Chicago, IL",TPA,"Tampa, FL",1308,1309,1639,5,1634,1644,0,1012
2000-01-03,1676,"Chicago, IL",TPA,"Tampa, FL",739,738,1103,4,1111,1107,0,1012
2000-01-03,1836,"Chicago, IL",TPA,"Tampa, FL",2115,2249,226,3,46,229,0,1012
2000-01-03,1122,"Chicago, IL",ABE,"Allentown/Bethlehem/Easton, PA",1730,"","","",2015,"",1,654
2000-01-03,1656,"Chicago, IL",ABE,"Allentown/Bethlehem/Easton, PA",1314,1313,1549,4,1601,1553,0,654
2000-01-03,373,"Chicago, IL",AUS,"Austin, TX",1930,"","","",2213,"",1,978
2000-01-03,589,"Chicago, IL",AUS,"Austin, TX",914,925,1217,3,1156,1220,0,978
2000-01-03,394,"Chicago, IL",BDL,"Hartford, CT",1644,"","","",1945,"",1,783
2000-01-03,398,"Chicago, IL",BDL,"Hartford, CT",930,952,1240,5,1223,1245,0,783
2000-01-03,1126,"Chicago, IL",BDL,"Hartford, CT",2050,2207,59,4,2352,103,0,783
2000-01-03,1228,"Chicago, IL",BDL,"Hartford, CT",1314,1315,1610,5,1618,1615,0,783
2000-01-03,1404,"Chicago, IL",BDL,"Hartford, CT",1110,1110,1351,4,1406,1355,0,783
2000-01-03,1522,"Chicago, IL",BDL,"Hartford, CT",605,605,847,3,902,850,0,783
2000-01-03,102,"Chicago, IL",BOS,"Boston, MA",1245,1244,1541,5,1555,1546,0,867
2000-01-03,502,"Chicago, IL",BOS,"Boston, MA",645,642,927,12,956,939,0,867
2000-01-03,504,"Chicago, IL",BOS,"Boston, MA",744,746,1034,8,1058,1042,0,867
2000-01-03,506,"Chicago, IL",BOS,"Boston, MA",845,843,1131,7,1155,1138,0,867
2000-01-03,508,"Chicago, IL",BOS,"Boston, MA",945,942,1229,7,1255,1236,0,867
2000-01-03,516,"Chicago, IL",BOS,"Boston, MA",1644,1841,2138,6,1957,2144,0,867
2000-01-03,518,"Chicago, IL",BOS,"Boston, MA",1344,1340,1658,5,1707,1703,0,867
2000-01-03,526,"Chicago, IL",BOS,"Boston, MA",1844,"","","",2156,"",1,867
2000-01-03,528,"Chicago, IL",BOS,"Boston, MA",1415,1414,1714,5,1739,1719,0,867
2000-01-03,884,"Chicago, IL",BOS,"Boston, MA",1045,1050,1345,5,1359,1350,0,867
2000-01-03,1018,"Chicago, IL",BOS,"Boston, MA",2045,2128,26,5,2355,31,0,867
2000-01-03,160,"Chicago, IL",CMH,"Columbus, OH",2115,2116,2325,8,2326,2333,0,296
2000-01-03,246,"Chicago, IL",CMH,"Columbus, OH",1325,1329,1547,3,1532,1550,0,296
2000-01-03,1118,"Chicago, IL",CMH,"Columbus, OH",650,646,846,7,857,853,0,296
2000-01-03,1216,"Chicago, IL",CMH,"Columbus, OH",1655,1659,1920,9,1906,1929,0,296
2000-01-03,1452,"Chicago, IL",CMH,"Columbus, OH",1030,1039,1243,3,1236,1246,0,296
2000-01-03,1644,"Chicago, IL",CMH,"Columbus, OH",744,743,950,6,950,956,0,296
2000-01-03,600,"Chicago, IL",DCA,"Washington, DC",630,629,855,4,911,859,0,612
2000-01-03,602,"Chicago, IL",DCA,"Washington, DC",730,"","","",1011,"",1,612
2000-01-03,608,"Chicago, IL",DCA,"Washington, DC",1030,1027,1252,2,1310,1254,0,612
2000-01-03,610,"Chicago, IL",DCA,"Washington, DC",1130,1140,1409,3,1408,1412,0,612
2000-01-03,614,"Chicago, IL",DCA,"Washington, DC",1330,1342,1629,3,1614,1632,0,612
2000-01-03,620,"Chicago, IL",DCA,"Washington, DC",1530,1536,1818,4,1811,1822,0,612
2000-01-03,622,"Chicago, IL",DCA,"Washington, DC",1630,"","","",1909,"",1,612
2000-01-03,624,"Chicago, IL",DCA,"Washington, DC",1700,"","","",1948,"",1,612
2000-01-03,628,"Chicago, IL",DCA,"Washington, DC",1830,1957,2230,5,2109,2235,0,612
2000-01-03,630,"Chicago, IL",DCA,"Washington, DC",1930,2041,2315,5,2209,2320,0,612
2000-01-03,632,"Chicago, IL",DCA,"Washington, DC",2045,2141,15,3,2324,18,0,612
2000-01-03,399,"Chicago, IL",DFW,"Dallas/Fort Worth, TX",700,659,926,14,918,940,0,802
2000-01-03,649,"Chicago, IL",DFW,"Dallas/Fort Worth, TX",1520,"","","",1745,"",1,802
2000-01-03,709,"Chicago, IL",DFW,"Dallas/Fort Worth, TX",930,932,1158,8,1154,1206,0,802
2000-01-03,1055,"Chicago, IL",DFW,"Dallas/Fort Worth, TX",1405,1409,1658,5,1630,1703,0,802
2000-01-03,1281,"Chicago, IL",DFW,"Dallas/Fort Worth, TX",1755,1825,2100,9,2011,2109,0,802
2000-01-03,1621,"Chicago, IL",DFW,"Dallas/Fort Worth, TX",1925,1924,2204,6,2148,2210,0,802
2000-01-03,1707,"Chicago, IL",DFW,"Dallas/Fort Worth, TX",1144,1150,1456,4,1411,1500,0,802
2000-01-03,1781,"Chicago, IL",DFW,"Dallas/Fort Worth, TX",830,823,1047,8,1052,1055,0,802
2000-01-03,634,"Chicago, IL",EWR,"Newark, NJ",630,631,912,7,927,919,0,719
2000-01-03,638,"Chicago, IL",EWR,"Newark, NJ",830,828,1108,6,1129,1114,0,719
2000-01-03,640,"Chicago, IL",EWR,"Newark, NJ",930,931,1209,9,1226,1218,0,719
2000-01-03,642,"Chicago, IL",EWR,"Newark, NJ",1030,1028,1316,7,1331,1323,0,719
2000-01-03,644,"Chicago, IL",EWR,"Newark, NJ",1130,1128,1500,4,1425,1504,0,719
2000-01-03,646,"Chicago, IL",EWR,"Newark, NJ",1230,"","","",1534,"",1,719
2000-01-03,648,"Chicago, IL",EWR,"Newark, NJ",1330,1341,1702,4,1645,1706,0,719
2000-01-03,652,"Chicago, IL",EWR,"Newark, NJ",1430,1634,1924,6,1736,1930,0,719
2000-01-03,654,"Chicago, IL",EWR,"Newark, NJ",1530,"","","",1841,"",1,719
2000-01-03,656,"Chicago, IL",EWR,"Newark, NJ",1644,"","","",1948,"",1,719
2000-01-03,658,"Chicago, IL",EWR,"Newark, NJ",1730,"","","",2039,"",1,719
2000-01-03,660,"Chicago, IL",EWR,"Newark, NJ",1830,1847,2128,6,2130,2134,0,719
2000-01-03,664,"Chicago, IL",EWR,"Newark, NJ",2045,2132,15,5,2339,20,0,719
2000-01-03,561,"Chicago, IL",ICT,"Wichita, KS",1925,2205,2359,5,2115,4,0,588
2000-01-03,795,"Chicago, IL",ICT,"Wichita, KS",914,912,1104,4,1104,1108,0,588
2000-01-03,1027,"Chicago, IL",ICT,"Wichita, KS",1525,"","","",1712,"",1,588
2000-01-03,292,"Chicago, IL",IND,"Indianapolis, IN",700,659,844,5,856,849,0,177
2000-01-03,322,"Chicago, IL",IND,"Indianapolis, IN",810,815,1004,7,1006,1011,0,177
2000-01-03,500,"Chicago, IL",IND,"Indianapolis, IN",1144,1146,1337,9,1341,1346,0,177
2000-01-03,679,"Chicago, IL",IND,"Indianapolis, IN",1705,"","","",1901,"",1,177
2000-01-03,1590,"Chicago, IL",IND,"Indianapolis, IN",1525,"","","",1721,"",1,177
2000-01-03,1608,"Chicago, IL",IND,"Indianapolis, IN",1310,1311,1503,8,1505,1511,0,177
2000-01-03,1722,"Chicago, IL",IND,"Indianapolis, IN",2220,2302,58,8,15,106,0,177
2000-01-03,1758,"Chicago, IL",IND,"Indianapolis, IN",2055,2133,2325,9,2253,2334,0,177
2000-01-03,701,"Chicago, IL",LAS,"Las Vegas, NV",1144,1147,1319,6,1328,1325,0,1515
2000-01-03,707,"Chicago, IL",LAS,"Las Vegas, NV",1525,1555,1726,4,1702,1730,0,1515
2000-01-03,711,"Chicago, IL",LAS,"Las Vegas, NV",1955,2030,2158,6,2143,2204,0,1515
2000-01-03,721,"Chicago, IL",LAS,"Las Vegas, NV",800,802,929,5,940,934,0,1515
2000-01-03,745,"Chicago, IL",LAS,"Las Vegas, NV",2235,2237,18,5,21,23,0,1515
2000-01-03,103,"Chicago, IL",LAX,"Los Angeles, CA",800,757,954,19,1023,1013,0,1745
2000-01-03,105,"Chicago, IL",LAX,"Los Angeles, CA",1530,1617,1822,6,1744,1828,0,1745
2000-01-03,107,"Chicago, IL",LAX,"Los Angeles, CA",915,915,1150,47,1135,1237,0,1745
2000-01-03,109,"Chicago, IL",LAX,"Los Angeles, CA",1040,1038,1234,5,1305,1239,0,1745
2000-01-03,111,"Chicago, IL",LAX,"Los Angeles, CA",1230,1229,1449,6,1453,1455,0,1745
2000-01-03,115,"Chicago, IL",LAX,"Los Angeles, CA",925,927,1137,9,1153,1146,0,1745
2000-01-03,119,"Chicago, IL",LAX,"Los Angeles, CA",1335,1347,1551,6,1557,1557,0,1745
2000-01-03,121,"Chicago, IL",LAX,"Los Angeles, CA",1445,1511,1716,6,1659,1722,0,1745
2000-01-03,123,"Chicago, IL",LAX,"Los Angeles, CA",1925,"","","",2145,"",1,1745
2000-01-03,125,"Chicago, IL",LAX,"Los Angeles, CA",1750,1754,2004,6,2007,2010,0,1745
2000-01-03,127,"Chicago, IL",LAX,"Los Angeles, CA",2220,2255,101,8,42,109,0,1745
2000-01-03,131,"Chicago, IL",LAX,"Los Angeles, CA",1150,1149,1429,4,1406,1433,0,1745
2000-01-03,641,"Chicago, IL",LAX,"Los Angeles, CA",1144,1255,1456,6,1400,1502,0,1745
2000-01-03,762,"Chicago, IL",LAX,"Los Angeles, CA",700,702,857,4,919,901,0,1745
2000-01-03,815,"Chicago, IL",LAX,"Los Angeles, CA",1845,1912,2110,26,2107,2136,0,1745
2000-01-03,841,"Chicago, IL",LAX,"Los Angeles, CA",1914,1959,2151,18,2136,2209,0,1745
2000-01-03,953,"Chicago, IL",LAX,"Los Angeles, CA",2015,2206,2354,12,2237,6,0,1745
2000-01-03,393,"Chicago, IL",MCI,"Kansas City, MO",914,926,1046,5,1035,1051,0,403
2000-01-03,657,"Chicago, IL",MCI,"Kansas City, MO",1940,1940,2107,4,2105,2111,0,403
2000-01-03,659,"Chicago, IL",MCI,"Kansas City, MO",1214,1212,1351,4,1336,1355,0,403
2000-01-03,1147,"Chicago, IL",MCI,"Kansas City, MO",800,814,938,4,926,942,0,403
2000-01-03,1597,"Chicago, IL",MCI,"Kansas City, MO",1530,1530,1707,5,1655,1712,0,403
2000-01-03,1895,"Chicago, IL",MCI,"Kansas City, MO",1805,1812,1939,5,1930,1944,0,403
2000-01-03,421,"Chicago, IL",MEM,"Memphis, TN",1525,1626,1806,5,1700,1811,0,491
2000-01-03,1151,"Chicago, IL",MEM,"Memphis, TN",914,954,1137,4,1049,1141,0,491
2000-01-03,1629,"Chicago, IL",MEM,"Memphis, TN",1155,1152,1348,4,1330,1352,0,491
2000-01-03,1795,"Chicago, IL",MEM,"Memphis, TN",1914,"","","",2050,"",1,491
2000-01-03,379,"Chicago, IL",OAK,"Oakland, CA",1514,1515,1733,5,1744,1738,0,1836
2000-01-03,405,"Chicago, IL",OAK,"Oakland, CA",945,1107,1323,4,1226,1327,0,1836
2000-01-03,469,"Chicago, IL",OAK,"Oakland, CA",1936,1947,2205,5,2210,2210,0,1836
2000-01-03,556,"Chicago, IL",PIT,"Pittsburgh, PA",740,740,951,2,959,953,0,412
2000-01-03,576,"Chicago, IL",PIT,"Pittsburgh, PA",1045,1042,1247,4,1303,1251,0,412
2000-01-03,582,"Chicago, IL",PIT,"Pittsburgh, PA",1314,1313,1531,5,1535,1536,0,412
2000-01-03,734,"Chicago, IL",PIT,"Pittsburgh, PA",1440,1503,1713,9,1659,1722,0,412
2000-01-03,1204,"Chicago, IL",PIT,"Pittsburgh, PA",1730,1855,2134,5,1953,2139,0,412
2000-01-03,1642,"Chicago, IL",PIT,"Pittsburgh, PA",2115,2218,43,4,2335,47,0,412
2000-01-03,512,"Chicago, IL",RSW,"Fort Myers, FL",1430,1448,1848,3,1813,1851,0,1120
2000-01-03,1206,"Chicago, IL",RSW,"Fort Myers, FL",744,747,1136,3,1127,1139,0,1120
2000-01-03,477,"Chicago, IL",SAN,"San Diego, CA",1150,1149,1357,3,1405,1400,0,1723
2000-01-03,601,"Chicago, IL",SAN,"San Diego, CA",810,813,1018,1,1024,1019,0,1723
2000-01-03,741,"Chicago, IL",SAN,"San Diego, CA",940,938,1147,4,1152,1151,0,1723
2000-01-03,929,"Chicago, IL",SAN,"San Diego, CA",1555,1555,1800,3,1809,1803,0,1723
2000-01-03,1121,"Chicago, IL",SAN,"San Diego, CA",1755,1755,2008,6,2012,2014,0,1723
2000-01-03,1277,"Chicago, IL",SAN,"San Diego, CA",1955,2005,2206,6,2213,2212,0,1723
2000-01-03,333,"Chicago, IL",SEA,"Seattle, WA",925,923,1158,5,1148,1203,0,1721
2000-01-03,337,"Chicago, IL",SEA,"Seattle, WA",1950,2023,2234,3,2213,2237,0,1721
2000-01-03,523,"Chicago, IL",SEA,"Seattle, WA",1755,1954,2220,5,2027,2225,0,1721
2000-01-03,537,"Chicago, IL",SEA,"Seattle, WA",2225,2229,50,5,47,55,0,1721
2000-01-03,755,"Chicago, IL",SEA,"Seattle, WA",810,808,1026,9,1036,1035,0,1721
2000-01-03,939,"Chicago, IL",SEA,"Seattle, WA",1144,1151,1430,5,1416,1435,0,1721
2000-01-03,943,"Chicago, IL",SEA,"Seattle, WA",1545,1652,1905,8,1756,1913,0,1721
2000-01-03,1283,"Chicago, IL",SEA,"Seattle, WA",1200,1159,1432,3,1424,1435,0,1721
2000-01-03,1748,"Chicago, IL",SJU,"San Juan, PR",739,738,1412,4,1408,1416,0,2072
2000-01-03,1671,"Chicago, IL",STL,"St. Louis, MO",1520,"","","",1631,"",1,258
2000-01-03,356,"Chicago, IL",SYR,"Syracuse, NY",1418,1432,1659,3,1703,1702,0,607
2000-01-03,1498,"Chicago, IL",SYR,"Syracuse, NY",1645,1743,2003,4,1926,2007,0,607
2000-01-03,1620,"Chicago, IL",SYR,"Syracuse, NY",650,649,920,5,925,925,0,607
2000-01-03,568,"Chicago, IL",BTV,"Burlington, VT",1835,1919,2217,5,2129,2222,0,763
2000-01-03,1076,"Chicago, IL",BTV,"Burlington, VT",1320,1320,1613,3,1624,1616,0,763
2000-01-03,380,"Chicago, IL",BUF,"Buffalo, NY",1705,1718,1929,4,1929,1933,0,473
2000-01-03,786,"Chicago, IL",BUF,"Buffalo, NY",738,738,951,3,958,954,0,473
2000-01-03,790,"Chicago, IL",BUF,"Buffalo, NY",2115,2210,32,3,2342,35,0,473
2000-01-03,1576,"Chicago, IL",BUF,"Buffalo, NY",1435,1433,1641,4,1701,1645,0,473
2000-01-03,1882,"Chicago, IL",BUF,"Buffalo, NY",1045,1043,1255,2,1306,1257,0,473
2000-01-03,522,"Chicago, IL",CLE,"Cleveland, OH",630,627,836,3,847,839,0,316
2000-01-03,524,"Chicago, IL",CLE,"Cleveland, OH",1710,1710,1930,3,1928,1933,0,316
2000-01-03,671,"Chicago, IL",CLE,"Cleveland, OH",2115,2144,2357,5,2327,2,0,316
2000-01-03,710,"Chicago, IL",CLE,"Cleveland, OH",1030,1031,1227,2,1238,1229,0,316
2000-01-03,1790,"Chicago, IL",CLE,"Cleveland, OH",1325,1324,1537,4,1543,1541,0,316
2000-01-03,1922,"Chicago, IL",CLE,"Cleveland, OH",744,744,942,3,953,945,0,316
2000-01-03,571,"Chicago, IL",DSM,"Des Moines, IA",2230,"","","",2339,"",1,299
2000-01-03,593,"Chicago, IL",DSM,"Des Moines, IA",810,810,918,3,920,921,0,299
2000-01-03,773,"Chicago, IL",DSM,"Des Moines, IA",1520,1519,1637,5,1630,1642,0,299
2000-01-03,1101,"Chicago, IL",DSM,"Des Moines, IA",2015,2014,2116,6,2128,2122,0,299
2000-01-03,1437,"Chicago, IL",DSM,"Des Moines, IA",1144,1153,1303,5,1253,1308,0,299
2000-01-03,1757,"Chicago, IL",DSM,"Des Moines, IA",925,926,1033,3,1039,1036,0,299
2000-01-03,43,"Chicago, IL",HNL,"Honolulu, HI",1000,1000,1437,3,1500,1440,0,4244
2000-01-03,1150,"Chicago, IL",HPN,"White Plains, NY",2045,"","","",2341,"",1,738
2000-01-03,1200,"Chicago, IL",HPN,"White Plains, NY",1336,1426,1709,10,1642,1719,0,738
2000-01-03,1482,"Chicago, IL",HPN,"White Plains, NY",1725,"","","",2028,"",1,738
2000-01-03,1486,"Chicago, IL",HPN,"White Plains, NY",705,710,951,3,1001,954,0,738
2000-01-03,1488,"Chicago, IL",HPN,"White Plains, NY",1134,1131,1409,6,1429,1415,0,738
2000-01-03,474,"Chicago, IL",IAD,"Washington, DC",1314,1412,1653,7,1606,1700,0,589
2000-01-03,492,"Chicago, IL",IAD,"Washington, DC",1035,1032,1306,6,1317,1312,0,589
2000-01-03,538,"Chicago, IL",IAD,"Washington, DC",800,759,1028,7,1041,1035,0,589
2000-01-03,718,"Chicago, IL",IAD,"Washington, DC",1810,"","","",2055,"",1,589
2000-01-03,766,"Chicago, IL",IAD,"Washington, DC",950,1020,1247,6,1232,1253,0,589
2000-01-03,882,"Chicago, IL",IAD,"Washington, DC",1700,1725,2002,9,1947,2011,0,589
2000-01-03,1040,"Chicago, IL",IAD,"Washington, DC",2100,2221,44,6,2345,50,0,589
2000-01-03,1242,"Chicago, IL",IAD,"Washington, DC",600,557,828,6,844,834,0,589
2000-01-03,1246,"Chicago, IL",IAD,"Washington, DC",1514,1521,1815,10,1810,1825,0,589
2000-01-03,768,"Chicago, IL",JAX,"Jacksonville, FL",835,834,1133,6,1141,1139,0,865
2000-01-03,1042,"Chicago, IL",JAX,"Jacksonville, FL",2050,2121,38,6,2358,44,0,865
2000-01-03,690,"Chicago, IL",LGA,"New York, NY",1000,958,1253,4,1254,1257,0,733
2000-01-03,692,"Chicago, IL",LGA,"New York, NY",900,911,1157,4,1153,1201,0,733
2000-01-03,694,"Chicago, IL",LGA,"New York, NY",800,758,1049,2,1100,1051,0,733
2000-01-03,696,"Chicago, IL",LGA,"New York, NY",700,658,947,5,955,952,0,733
2000-01-03,698,"Chicago, IL",LGA,"New York, NY",600,629,910,7,856,917,0,733
2000-01-03,896,"Chicago, IL",LGA,"New York, NY",1100,1138,1417,5,1351,1422,0,733
2000-01-03,675,"Chicago, IL",LNK,"Lincoln, NE",2025,2127,2300,3,2151,2303,0,466
2000-01-03,1473,"Chicago, IL",LNK,"Lincoln, NE",912,911,1041,3,1038,1044,0,466
2000-01-03,332,"Chicago, IL",MBS,"Saginaw/Bay City/Midland, MI",1644,"","","",1841,"",1,222
2000-01-03,580,"Chicago, IL",MBS,"Saginaw/Bay City/Midland, MI",810,836,1021,4,1007,1025,0,222
2000-01-03,1760,"Chicago, IL",MBS,"Saginaw/Bay City/Midland, MI",1325,1337,1548,4,1522,1552,0,222
2000-01-03,1902,"Chicago, IL",MBS,"Saginaw/Bay City/Midland, MI",2115,2136,2329,5,2313,2334,0,222
2000-01-03,562,"Chicago, IL",MHT,"Manchester, NH",2050,2125,17,4,2357,21,0,843
2000-01-03,1024,"Chicago, IL",MHT,"Manchester, NH",1309,1352,1700,8,1615,1708,0,843
2000-01-03,1638,"Chicago, IL",MHT,"Manchester, NH",1655,1658,1945,5,2001,1950,0,843
2000-01-03,532,"Chicago, IL",ORF,"Norfolk, VA",1644,1843,2129,3,1940,2132,0,717
2000-01-03,1032,"Chicago, IL",ORF,"Norfolk, VA",1330,1330,1638,3,1629,1641,0,717
2000-01-03,1198,"Chicago, IL",ORF,"Norfolk, VA",820,819,1108,3,1117,1111,0,717
2000-01-03,312,"Chicago, IL",PBI,"West Palm Beach/Palm Beach, FL",1030,1041,1428,4,1417,1432,0,1144
2000-01-03,282,"Chicago, IL",RIC,"Richmond, VA",620,620,900,6,908,906,0,642
2000-01-03,1824,"Chicago, IL",RIC,"Richmond, VA",1714,"","","",2004,"",1,642
2000-01-03,1838,"Chicago, IL",RIC,"Richmond, VA",1330,1326,1618,2,1620,1620,0,642
2000-01-03,386,"Chicago, IL",ROC,"Rochester, NY",2050,"","","",2325,"",1,528
2000-01-03,438,"Chicago, IL",ROC,"Rochester, NY",1710,1724,1958,3,1945,2001,0,528
2000-01-03,550,"Chicago, IL",ROC,"Rochester, NY",1030,1031,1253,3,1300,1256,0,528
2000-01-03,1194,"Chicago, IL",ROC,"Rochester, NY",700,657,914,3,928,917,0,528
2000-01-03,1456,"Chicago, IL",ROC,"Rochester, NY",1440,1526,1753,4,1715,1757,0,528
2000-01-03,345,"Chicago, IL",SMF,"Sacramento, CA",935,942,1156,3,1210,1159,0,1781
2000-01-03,483,"Chicago, IL",SMF,"Sacramento, CA",1914,1923,2138,4,2148,2142,0,1781
2000-01-03,651,"Chicago, IL",SMF,"Sacramento, CA",1620,1619,1842,6,1852,1848,0,1781
2000-01-03,1405,"Chicago, IL",SMF,"Sacramento, CA",1144,1159,1431,4,1411,1435,0,1781
2000-01-03,303,"Chicago, IL",SNA,"Santa Ana, CA",1544,1541,1750,5,1759,1755,0,1726
2000-01-03,365,"Chicago, IL",SNA,"Santa Ana, CA",1144,1145,1353,8,1400,1401,0,1726
2000-01-03,473,"Chicago, IL",SNA,"Santa Ana, CA",1914,"","","",2134,"",1,1726
2000-01-03,1075,"Chicago, IL",SNA,"Santa Ana, CA",1745,1904,2117,13,2003,2130,0,1726
2000-01-03,1543,"Chicago, IL",SNA,"Santa Ana, CA",915,929,1138,3,1131,1141,0,1726
2000-01-03,285,"Chicago, IL",STL,"St. Louis, MO",740,752,952,4,851,956,0,258
2000-01-03,779,"Chicago, IL",STL,"St. Louis, MO",1925,2018,2139,4,2038,2143,0,258
2000-01-03,1097,"Chicago, IL",STL,"St. Louis, MO",1144,1212,1410,4,1255,1414,0,258
2000-01-04,568,"Chicago, IL",BTV,"Burlington, VT",1835,1908,2151,4,2129,2155,0,763
2000-01-04,1076,"Chicago, IL",BTV,"Burlington, VT",1320,1339,1629,6,1624,1635,0,763
2000-01-04,380,"Chicago, IL",BUF,"Buffalo, NY",1705,1719,1937,4,1929,1941,0,473
2000-01-04,786,"Chicago, IL",BUF,"Buffalo, NY",738,746,959,2,958,1001,0,473
2000-01-04,790,"Chicago, IL",BUF,"Buffalo, NY",2115,2126,2349,4,2342,2353,0,473
2000-01-04,1576,"Chicago, IL",BUF,"Buffalo, NY",1435,1535,1756,3,1701,1759,0,473
2000-01-04,1882,"Chicago, IL",BUF,"Buffalo, NY",1045,1115,1405,2,1306,1407,0,473
2000-01-04,522,"Chicago, IL",CLE,"Cleveland, OH",630,628,834,4,847,838,0,316
2000-01-04,524,"Chicago, IL",CLE,"Cleveland, OH",1710,1726,1934,7,1928,1941,0,316
2000-01-04,671,"Chicago, IL",CLE,"Cleveland, OH",2115,2140,2339,3,2327,2342,0,316
2000-01-04,710,"Chicago, IL",CLE,"Cleveland, OH",1030,1031,1230,4,1238,1234,0,316
2000-01-04,1790,"Chicago, IL",CLE,"Cleveland, OH",1325,1339,1552,4,1543,1556,0,316
2000-01-04,1922,"Chicago, IL",CLE,"Cleveland, OH",744,742,940,4,953,944,0,316
2000-01-04,571,"Chicago, IL",DSM,"Des Moines, IA",2230,2346,42,6,2339,48,0,299
2000-01-04,593,"Chicago, IL",DSM,"Des Moines, IA",810,834,943,7,920,950,0,299
2000-01-04,773,"Chicago, IL",DSM,"Des Moines, IA",1520,1521,1619,4,1630,1623,0,299
2000-01-04,1101,"Chicago, IL",DSM,"Des Moines, IA",2015,2012,2109,4,2128,2113,0,299
2000-01-04,1437,"Chicago, IL",DSM,"Des Moines, IA",1144,1158,1308,7,1253,1315,0,299
2000-01-04,1757,"Chicago, IL",DSM,"Des Moines, IA",925,930,1039,6,1039,1045,0,299
2000-01-04,43,"Chicago, IL",HNL,"Honolulu, HI",1000,1003,1431,3,1500,1434,0,4244
2000-01-04,1150,"Chicago, IL",HPN,"White Plains, NY",2045,2045,2338,11,2341,2349,0,738
2000-01-04,1200,"Chicago, IL",HPN,"White Plains, NY",1336,1336,1632,3,1642,1635,0,738
2000-01-04,1482,"Chicago, IL",HPN,"White Plains, NY",1725,1725,2019,5,2028,2024,0,738
2000-01-04,1486,"Chicago, IL",HPN,"White Plains, NY",705,702,1131,5,1001,1136,0,738
2000-01-04,1488,"Chicago, IL",HPN,"White Plains, NY",1134,1131,1412,4,1429,1416,0,738
2000-01-04,474,"Chicago, IL",IAD,"Washington, DC",1314,1332,1649,7,1606,1656,0,589
2000-01-04,492,"Chicago, IL",IAD,"Washington, DC",1035,1035,1308,5,1317,1313,0,589
2000-01-04,538,"Chicago, IL",IAD,"Washington, DC",800,757,1036,5,1041,1041,0,589
2000-01-04,718,"Chicago, IL",IAD,"Washington, DC",1810,1810,2056,8,2055,2104,0,589
2000-01-04,766,"Chicago, IL",IAD,"Washington, DC",950,948,1233,5,1232,1238,0,589
2000-01-04,882,"Chicago, IL",IAD,"Washington, DC",1700,1658,1944,6,1947,1950,0,589
2000-01-04,1040,"Chicago, IL",IAD,"Washington, DC",2100,2102,2346,4,2345,2350,0,589
2000-01-04,1242,"Chicago, IL",IAD,"Washington, DC",600,556,905,5,844,910,0,589
2000-01-04,1246,"Chicago, IL",IAD,"Washington, DC",1514,1547,1824,5,1810,1829,0,589
2000-01-04,768,"Chicago, IL",JAX,"Jacksonville, FL",835,832,1137,3,1141,1140,0,865
2000-01-04,1042,"Chicago, IL",JAX,"Jacksonville, FL",2050,2142,34,4,2358,38,0,865
2000-01-04,690,"Chicago, IL",LGA,"New York, NY",1000,"","","",1254,"",1,733
2000-01-04,692,"Chicago, IL",LGA,"New York, NY",900,858,1149,4,1153,1153,0,733
2000-01-04,694,"Chicago, IL",LGA,"New York, NY",800,759,1103,2,1100,1105,0,733
2000-01-04,696,"Chicago, IL",LGA,"New York, NY",700,658,958,5,955,1003,0,733
2000-01-04,698,"Chicago, IL",LGA,"New York, NY",600,600,857,5,856,902,0,733
2000-01-04,896,"Chicago, IL",LGA,"New York, NY",1100,1105,1354,4,1351,1358,0,733
2000-01-04,675,"Chicago, IL",LNK,"Lincoln, NE",2025,2048,2201,2,2151,2203,0,466
2000-01-04,1473,"Chicago, IL",LNK,"Lincoln, NE",912,954,1115,5,1038,1120,0,466
2000-01-04,332,"Chicago, IL",MBS,"Saginaw/Bay City/Midland, MI",1644,1644,1834,2,1841,1836,0,222
2000-01-04,580,"Chicago, IL",MBS,"Saginaw/Bay City/Midland, MI",810,850,1039,2,1007,1041,0,222
2000-01-04,1760,"Chicago, IL",MBS,"Saginaw/Bay City/Midland, MI",1325,1413,1603,2,1522,1605,0,222
2000-01-04,1902,"Chicago, IL",MBS,"Saginaw/Bay City/Midland, MI",2115,2309,54,2,2313,56,0,222
2000-01-04,562,"Chicago, IL",MHT,"Manchester, NH",2050,2236,126,4,2353,130,0,843
2000-01-04,1024,"Chicago, IL",MHT,"Manchester, NH",1309,1309,1727,5,1615,1732,0,843
2000-01-04,1638,"Chicago, IL",MHT,"Manchester, NH",1655,1655,1959,4,2001,2003,0,843
2000-01-04,532,"Chicago, IL",ORF,"Norfolk, VA",1644,1719,2015,3,1940,2018,0,717
2000-01-04,1032,"Chicago, IL",ORF,"Norfolk, VA",1330,1328,1617,3,1629,1620,0,717
2000-01-04,1198,"Chicago, IL",ORF,"Norfolk, VA",820,818,1115,4,1117,1119,0,717
2000-01-04,142,"Chicago, IL",PBI,"West Palm Beach/Palm Beach, FL",1950,2001,2328,3,2331,2331,0,1144
2000-01-04,312,"Chicago, IL",PBI,"West Palm Beach/Palm Beach, FL",1030,1042,1431,3,1417,1434,0,1144
2000-01-04,282,"Chicago, IL",RIC,"Richmond, VA",620,618,858,6,908,904,0,642
2000-01-04,1824,"Chicago, IL",RIC,"Richmond, VA",1714,1722,2004,4,2004,2008,0,642
2000-01-04,1838,"Chicago, IL",RIC,"Richmond, VA",1330,1356,1642,4,1620,1646,0,642
2000-01-04,386,"Chicago, IL",ROC,"Rochester, NY",2050,2049,2310,4,2325,2314,0,528
2000-01-04,438,"Chicago, IL",ROC,"Rochester, NY",1710,1711,1936,5,1945,1941,0,528
2000-01-04,550,"Chicago, IL",ROC,"Rochester, NY",1030,1029,1246,8,1300,1254,0,528
2000-01-04,1194,"Chicago, IL",ROC,"Rochester, NY",700,653,906,7,928,913,0,528
2000-01-04,1456,"Chicago, IL",ROC,"Rochester, NY",1440,1438,1701,8,1715,1709,0,528
2000-01-04,345,"Chicago, IL",SMF,"Sacramento, CA",935,1007,1225,4,1210,1229,0,1781
2000-01-04,483,"Chicago, IL",SMF,"Sacramento, CA",1914,1914,2147,5,2148,2152,0,1781
2000-01-04,651,"Chicago, IL",SMF,"Sacramento, CA",1620,1631,1855,4,1852,1859,0,1781
2000-01-04,1405,"Chicago, IL",SMF,"Sacramento, CA",1144,1152,1413,3,1411,1416,0,1781
2000-01-04,303,"Chicago, IL",SNA,"Santa Ana, CA",1544,1546,1752,5,1759,1757,0,1726
2000-01-04,365,"Chicago, IL",SNA,"Santa Ana, CA",1144,1149,1359,2,1400,1401,0,1726
2000-01-04,473,"Chicago, IL",SNA,"Santa Ana, CA",1914,1917,2126,5,2134,2131,0,1726
2000-01-04,1075,"Chicago, IL",SNA,"Santa Ana, CA",1744,"","","",2002,"",1,1726
2000-01-04,1543,"Chicago, IL",SNA,"Santa Ana, CA",915,921,1123,9,1131,1132,0,1726
2000-01-04,285,"Chicago, IL",STL,"St. Louis, MO",740,746,849,5,851,854,0,258
2000-01-04,779,"Chicago, IL",STL,"St. Louis, MO",1925,1923,2033,10,2038,2043,0,258
2000-01-04,1097,"Chicago, IL",STL,"St. Louis, MO",1144,1258,1357,6,1255,1403,0,258
2000-01-04,1122,"Chicago, IL",ABE,"Allentown/Bethlehem/Easton, PA",1730,1811,2055,4,2015,2059,0,654
2000-01-04,1656,"Chicago, IL",ABE,"Allentown/Bethlehem/Easton, PA",1314,1316,1605,5,1601,1610,0,654
2000-01-04,373,"Chicago, IL",AUS,"Austin, TX",1930,2008,2220,2,2213,2222,0,978
2000-01-04,589,"Chicago, IL",AUS,"Austin, TX",914,1004,1215,16,1156,1231,0,978
2000-01-04,394,"Chicago, IL",BDL,"Hartford, CT",1644,1650,1948,6,1945,1954,0,783
2000-01-04,398,"Chicago, IL",BDL,"Hartford, CT",930,941,1228,5,1223,1233,0,783
2000-01-04,1126,"Chicago, IL",BDL,"Hartford, CT",2050,2221,106,5,2352,111,0,783
2000-01-04,1228,"Chicago, IL",BDL,"Hartford, CT",1314,1321,1607,4,1618,1611,0,783
2000-01-04,1404,"Chicago, IL",BDL,"Hartford, CT",1110,1113,1403,3,1406,1406,0,783
2000-01-04,1522,"Chicago, IL",BDL,"Hartford, CT",605,602,842,6,902,848,0,783
2000-01-04,102,"Chicago, IL",BOS,"Boston, MA",1245,1301,1711,7,1555,1718,0,867
2000-01-04,502,"Chicago, IL",BOS,"Boston, MA",645,642,936,6,956,942,0,867
2000-01-04,504,"Chicago, IL",BOS,"Boston, MA",744,743,1049,8,1058,1057,0,867
2000-01-04,506,"Chicago, IL",BOS,"Boston, MA",845,842,1145,11,1155,1156,0,867
2000-01-04,508,"Chicago, IL",BOS,"Boston, MA",945,947,1303,5,1255,1308,0,867
2000-01-04,516,"Chicago, IL",BOS,"Boston, MA",1644,1659,2142,3,1957,2145,0,867
2000-01-04,518,"Chicago, IL",BOS,"Boston, MA",1344,1357,1815,12,1707,1827,0,867
2000-01-04,526,"Chicago, IL",BOS,"Boston, MA",1844,1844,2157,4,2156,2201,0,867
2000-01-04,528,"Chicago, IL",BOS,"Boston, MA",1415,1456,1820,7,1739,1827,0,867
2000-01-04,884,"Chicago, IL",BOS,"Boston, MA",1045,1122,1449,5,1359,1454,0,867
2000-01-04,1018,"Chicago, IL",BOS,"Boston, MA",2045,2044,2336,3,2355,2339,0,867
2000-01-04,160,"Chicago, IL",CMH,"Columbus, OH",2115,2240,49,8,2326,57,0,296
2000-01-04,246,"Chicago, IL",CMH,"Columbus, OH",1325,1339,1552,4,1532,1556,0,296
2000-01-04,1118,"Chicago, IL",CMH,"Columbus, OH",650,647,848,4,857,852,0,296
2000-01-04,1216,"Chicago, IL",CMH,"Columbus, OH",1655,1657,1909,5,1906,1914,0,296
2000-01-04,1452,"Chicago, IL",CMH,"Columbus, OH",1030,1040,1247,5,1236,1252,0,296
2000-01-04,1644,"Chicago, IL",CMH,"Columbus, OH",744,745,950,4,950,954,0,296
2000-01-04,600,"Chicago, IL",DCA,"Washington, DC",630,631,902,4,911,906,0,612
2000-01-04,602,"Chicago, IL",DCA,"Washington, DC",730,730,1007,6,1011,1013,0,612
2000-01-04,608,"Chicago, IL",DCA,"Washington, DC",1030,"","","",1310,"",1,612
2000-01-04,610,"Chicago, IL",DCA,"Washington, DC",1130,1134,1404,3,1408,1407,0,612
2000-01-04,614,"Chicago, IL",DCA,"Washington, DC",1330,1458,1741,4,1614,1745,0,612
2000-01-04,620,"Chicago, IL",DCA,"Washington, DC",1530,1536,1822,3,1811,1825,0,612
2000-01-04,622,"Chicago, IL",DCA,"Washington, DC",1630,1628,1906,4,1909,1910,0,612
2000-01-04,624,"Chicago, IL",DCA,"Washington, DC",1700,1657,1937,3,1948,1940,0,612
2000-01-04,628,"Chicago, IL",DCA,"Washington, DC",1830,1839,2114,2,2109,2116,0,612
2000-01-04,630,"Chicago, IL",DCA,"Washington, DC",1930,1932,2212,3,2209,2215,0,612
2000-01-04,632,"Chicago, IL",DCA,"Washington, DC",2045,2056,2339,4,2324,2343,0,612
2000-01-04,399,"Chicago, IL",DFW,"Dallas/Fort Worth, TX",700,658,904,4,918,908,0,802
2000-01-04,649,"Chicago, IL",DFW,"Dallas/Fort Worth, TX",1520,1528,1743,13,1745,1756,0,802
2000-01-04,709,"Chicago, IL",DFW,"Dallas/Fort Worth, TX",930,1010,1214,4,1154,1218,0,802
2000-01-04,1055,"Chicago, IL",DFW,"Dallas/Fort Worth, TX",1405,1424,1628,9,1630,1637,0,802
2000-01-04,1281,"Chicago, IL",DFW,"Dallas/Fort Worth, TX",1755,"","","",2011,"",1,802
2000-01-04,1621,"Chicago, IL",DFW,"Dallas/Fort Worth, TX",1925,1924,2131,5,2148,2136,0,802
2000-01-04,1707,"Chicago, IL",DFW,"Dallas/Fort Worth, TX",1144,1159,1416,3,1411,1419,0,802
2000-01-04,1781,"Chicago, IL",DFW,"Dallas/Fort Worth, TX",830,826,1033,4,1052,1037,0,802
2000-01-04,634,"Chicago, IL",EWR,"Newark, NJ",630,632,927,9,927,936,0,719
2000-01-04,638,"Chicago, IL",EWR,"Newark, NJ",830,826,1117,6,1129,1123,0,719
2000-01-04,640,"Chicago, IL",EWR,"Newark, NJ",930,928,1221,6,1226,1227,0,719
2000-01-04,642,"Chicago, IL",EWR,"Newark, NJ",1030,1028,1342,5,1331,1347,0,719
2000-01-04,644,"Chicago, IL",EWR,"Newark, NJ",1130,1158,1521,6,1425,1527,0,719
2000-01-04,646,"Chicago, IL",EWR,"Newark, NJ",1230,"","","",1534,"",1,719
2000-01-04,648,"Chicago, IL",EWR,"Newark, NJ",1330,1435,1850,8,1645,1858,0,719
2000-01-04,652,"Chicago, IL",EWR,"Newark, NJ",1430,"","","",1736,"",1,719
2000-01-04,654,"Chicago, IL",EWR,"Newark, NJ",1530,1614,2048,11,1841,2059,0,719
2000-01-04,656,"Chicago, IL",EWR,"Newark, NJ",1644,1644,2102,13,1948,2115,0,719
2000-01-04,658,"Chicago, IL",EWR,"Newark, NJ",1730,"","","",2039,"",1,719
2000-01-04,660,"Chicago, IL",EWR,"Newark, NJ",1830,1922,2256,8,2130,2304,0,719
2000-01-04,664,"Chicago, IL",EWR,"Newark, NJ",2045,2145,34,7,2339,41,0,719
2000-01-04,561,"Chicago, IL",ICT,"Wichita, KS",1925,1923,2104,7,2115,2111,0,588
2000-01-04,795,"Chicago, IL",ICT,"Wichita, KS",914,917,1059,4,1104,1103,0,588
2000-01-04,1027,"Chicago, IL",ICT,"Wichita, KS",1525,1915,2041,2,1712,2043,0,588
2000-01-04,292,"Chicago, IL",IND,"Indianapolis, IN",700,700,851,8,856,859,0,177
2000-01-04,322,"Chicago, IL",IND,"Indianapolis, IN",810,808,951,7,1006,958,0,177
2000-01-04,500,"Chicago, IL",IND,"Indianapolis, IN",1144,1236,1431,9,1341,1440,0,177
2000-01-04,679,"Chicago, IL",IND,"Indianapolis, IN",1705,1710,1850,8,1901,1858,0,177
2000-01-04,1590,"Chicago, IL",IND,"Indianapolis, IN",1525,1621,1814,9,1721,1823,0,177
2000-01-04,1608,"Chicago, IL",IND,"Indianapolis, IN",1310,1320,1508,21,1505,1529,0,177
2000-01-04,1722,"Chicago, IL",IND,"Indianapolis, IN",2220,2227,17,6,15,23,0,177
2000-01-04,1758,"Chicago, IL",IND,"Indianapolis, IN",2055,2109,2258,7,2253,2305,0,177
2000-01-04,701,"Chicago, IL",LAS,"Las Vegas, NV",1144,1231,1345,4,1328,1349,0,1515
2000-01-04,707,"Chicago, IL",LAS,"Las Vegas, NV",1525,1540,1715,4,1702,1719,0,1515
2000-01-04,711,"Chicago, IL",LAS,"Las Vegas, NV",1955,2000,2136,6,2143,2142,0,1515
2000-01-04,721,"Chicago, IL",LAS,"Las Vegas, NV",800,804,925,4,940,929,0,1515
2000-01-04,745,"Chicago, IL",LAS,"Las Vegas, NV",2235,2239,22,7,21,29,0,1515
2000-01-04,103,"Chicago, IL",LAX,"Los Angeles, CA",800,814,1000,43,1023,1043,0,1745
2000-01-04,105,"Chicago, IL",LAX,"Los Angeles, CA",1530,1533,1731,8,1744,1739,0,1745
2000-01-04,107,"Chicago, IL",LAX,"Los Angeles, CA",915,923,1113,36,1135,1149,0,1745
2000-01-04,109,"Chicago, IL",LAX,"Los Angeles, CA",1040,1041,1250,11,1305,1301,0,1745
2000-01-04,111,"Chicago, IL",LAX,"Los Angeles, CA",1230,1235,1427,13,1453,1440,0,1745
2000-01-04,115,"Chicago, IL",LAX,"Los Angeles, CA",925,945,1141,24,1153,1205,0,1745
2000-01-04,119,"Chicago, IL",LAX,"Los Angeles, CA",1335,1335,1541,4,1557,1545,0,1745
2000-01-04,121,"Chicago, IL",LAX,"Los Angeles, CA",1445,1455,1654,5,1659,1659,0,1745
2000-01-04,123,"Chicago, IL",LAX,"Los Angeles, CA",1925,1935,2139,5,2145,2144,0,1745
2000-01-04,125,"Chicago, IL",LAX,"Los Angeles, CA",1750,1755,1956,10,2007,2006,0,1745
2000-01-04,127,"Chicago, IL",LAX,"Los Angeles, CA",2220,2241,58,8,42,106,0,1745
2000-01-04,131,"Chicago, IL",LAX,"Los Angeles, CA",1150,1150,1350,12,1406,1402,0,1745
2000-01-04,641,"Chicago, IL",LAX,"Los Angeles, CA",1144,1208,1400,8,1400,1408,0,1745
2000-01-04,762,"Chicago, IL",LAX,"Los Angeles, CA",700,711,907,25,919,932,0,1745
2000-01-04,815,"Chicago, IL",LAX,"Los Angeles, CA",1845,1855,2050,10,2107,2100,0,1745
2000-01-04,841,"Chicago, IL",LAX,"Los Angeles, CA",1914,1919,2123,28,2136,2151,0,1745
2000-01-04,953,"Chicago, IL",LAX,"Los Angeles, CA",2015,2049,2252,5,2237,2257,0,1745
2000-01-04,393,"Chicago, IL",MCI,"Kansas City, MO",914,914,1019,3,1035,1022,0,403
2000-01-04,657,"Chicago, IL",MCI,"Kansas City, MO",1940,1956,2103,3,2105,2106,0,403
2000-01-04,659,"Chicago, IL",MCI,"Kansas City, MO",1214,1215,1323,3,1336,1326,0,403
2000-01-04,1147,"Chicago, IL",MCI,"Kansas City, MO",800,800,912,2,926,914,0,403
2000-01-04,1597,"Chicago, IL",MCI,"Kansas City, MO",1530,1542,1657,3,1655,1700,0,403
2000-01-04,1895,"Chicago, IL",MCI,"Kansas City, MO",1805,1829,1934,3,1930,1937,0,403
2000-01-04,421,"Chicago, IL",MEM,"Memphis, TN",1525,1527,1657,5,1700,1702,0,491
2000-01-04,1151,"Chicago, IL",MEM,"Memphis, TN",914,914,1050,3,1049,1053,0,491
2000-01-04,1629,"Chicago, IL",MEM,"Memphis, TN",1155,1216,1344,3,1330,1347,0,491
2000-01-04,1795,"Chicago, IL",MEM,"Memphis, TN",1914,1952,2111,6,2050,2117,0,491
2000-01-04,379,"Chicago, IL",OAK,"Oakland, CA",1514,1528,1749,6,1744,1755,0,1836
2000-01-04,405,"Chicago, IL",OAK,"Oakland, CA",945,1019,1240,3,1226,1243,0,1836
2000-01-04,469,"Chicago, IL",OAK,"Oakland, CA",1936,1937,2202,7,2210,2209,0,1836
2000-01-04,556,"Chicago, IL",PIT,"Pittsburgh, PA",740,739,947,4,959,951,0,412
2000-01-04,576,"Chicago, IL",PIT,"Pittsburgh, PA",1045,1050,1306,6,1303,1312,0,412
2000-01-04,582,"Chicago, IL",PIT,"Pittsburgh, PA",1314,1321,1547,8,1535,1555,0,412
2000-01-04,734,"Chicago, IL",PIT,"Pittsburgh, PA",1440,1441,1659,5,1659,1704,0,412
2000-01-04,1204,"Chicago, IL",PIT,"Pittsburgh, PA",1730,1736,1945,6,1953,1951,0,412
2000-01-04,1642,"Chicago, IL",PIT,"Pittsburgh, PA",2115,2124,2344,9,2335,2353,0,412
2000-01-04,512,"Chicago, IL",RSW,"Fort Myers, FL",1430,1530,1912,3,1813,1915,0,1120
2000-01-04,1206,"Chicago, IL",RSW,"Fort Myers, FL",744,742,1130,2,1127,1132,0,1120
2000-01-04,477,"Chicago, IL",SAN,"San Diego, CA",1150,1155,1350,3,1405,1353,0,1723
2000-01-04,601,"Chicago, IL",SAN,"San Diego, CA",810,807,1000,9,1024,1009,0,1723
2000-01-04,741,"Chicago, IL",SAN,"San Diego, CA",940,942,1134,3,1152,1137,0,1723
2000-01-04,929,"Chicago, IL",SAN,"San Diego, CA",1555,1627,1825,3,1809,1828,0,1723
2000-01-04,1121,"Chicago, IL",SAN,"San Diego, CA",1755,1754,1959,2,2012,2001,0,1723
2000-01-04,1277,"Chicago, IL",SAN,"San Diego, CA",1955,2110,2317,3,2213,2320,0,1723
2000-01-04,333,"Chicago, IL",SEA,"Seattle, WA",925,926,1159,7,1148,1206,0,1721
2000-01-04,337,"Chicago, IL",SEA,"Seattle, WA",1950,1959,2217,6,2213,2223,0,1721
2000-01-04,523,"Chicago, IL",SEA,"Seattle, WA",1755,1811,2037,5,2027,2042,0,1721
2000-01-04,537,"Chicago, IL",SEA,"Seattle, WA",2225,2333,150,5,47,155,0,1721
2000-01-04,755,"Chicago, IL",SEA,"Seattle, WA",810,810,1023,6,1036,1029,0,1721
2000-01-04,939,"Chicago, IL",SEA,"Seattle, WA",1144,1201,1431,5,1416,1436,0,1721
2000-01-04,943,"Chicago, IL",SEA,"Seattle, WA",1545,1809,2015,5,1756,2020,0,1721
2000-01-04,1283,"Chicago, IL",SEA,"Seattle, WA",1200,1243,1453,4,1424,1457,0,1721
2000-01-04,1748,"Chicago, IL",SJU,"San Juan, PR",739,745,1416,4,1408,1420,0,2072
2000-01-04,1997,"Chicago, IL",SJU,"San Juan, PR",814,813,1457,4,1444,1501,0,2072
2000-01-04,1671,"Chicago, IL",STL,"St. Louis, MO",1520,1529,1638,5,1631,1643,0,258
2000-01-04,356,"Chicago, IL",SYR,"Syracuse, NY",1418,1419,1658,5,1703,1703,0,607
2000-01-04,1498,"Chicago, IL",SYR,"Syracuse, NY",1645,1659,1935,4,1926,1939,0,607
2000-01-04,1620,"Chicago, IL",SYR,"Syracuse, NY",650,"","","",925,"",1,607
2000-01-04,560,"Chicago, IL",BNA,"Nashville, TN",740,740,858,3,900,901,0,409
2000-01-04,683,"Chicago, IL",BNA,"Nashville, TN",1505,1508,1635,3,1623,1638,0,409
2000-01-04,1050,"Chicago, IL",BNA,"Nashville, TN",1920,1947,2057,3,2038,2100,0,409
2000-01-04,1069,"Chicago, IL",BOI,"Boise, ID",1920,1933,2209,6,2205,2215,0,1437
2000-01-04,138,"Chicago, IL",BWI,"Baltimore, MD",1330,1341,1642,3,1619,1645,0,621
2000-01-04,152,"Chicago, IL",BWI,"Baltimore, MD",625,638,913,29,906,942,0,621
2000-01-04,418,"Chicago, IL",BWI,"Baltimore, MD",1115,1155,1448,3,1355,1451,0,621
2000-01-04,730,"Chicago, IL",BWI,"Baltimore, MD",1655,1657,1936,3,1942,1939,0,621
2000-01-04,756,"Chicago, IL",BWI,"Baltimore, MD",2110,2110,2358,2,2352,2400,0,621
2000-01-04,250,"Chicago, IL",CLT,"Charlotte, NC",1644,1650,1935,5,1925,1940,0,599
2000-01-04,432,"Chicago, IL",CLT,"Charlotte, NC",1314,1502,1742,5,1555,1747,0,599
2000-01-04,462,"Chicago, IL",CLT,"Charlotte, NC",615,624,906,4,856,910,0,599
2000-01-04,1616,"Chicago, IL",CLT,"Charlotte, NC",2045,2045,2328,5,2326,2333,0,599
2000-01-04,570,"Chicago, IL",DAY,"Dayton, OH",1735,1732,1933,5,1937,1938,0,240
2000-01-04,685,"Chicago, IL",DAY,"Dayton, OH",1415,1415,1602,5,1615,1607,0,240
2000-01-04,1128,"Chicago, IL",DAY,"Dayton, OH",1044,1047,1242,5,1243,1247,0,240
2000-01-04,1552,"Chicago, IL",DAY,"Dayton, OH",750,748,937,5,950,942,0,240
2000-01-04,150,"Chicago, IL",DTW,"Detroit, MI",1744,1744,1949,4,1955,1953,0,235
2000-01-04,302,"Chicago, IL",DTW,"Detroit, MI",1030,1330,1530,5,1240,1535,0,235
2000-01-04,396,"Chicago, IL",DTW,"Detroit, MI",1310,1348,1557,6,1526,1603,0,235
2000-01-04,440,"Chicago, IL",DTW,"Detroit, MI",740,"","","",950,"",1,235
2000-01-04,454,"Chicago, IL",DTW,"Detroit, MI",645,706,907,9,850,916,0,235
2000-01-04,663,"Chicago, IL",DTW,"Detroit, MI",2125,2207,8,10,2333,18,0,235
2000-01-04,1425,"Chicago, IL",GEG,"Spokane, WA",1935,1943,2142,5,2136,2147,0,1498
2000-01-04,422,"Chicago, IL",GRR,"Grand Rapids, MI",1914,1925,2110,3,2101,2113,0,137
2000-01-04,494,"Chicago, IL",GRR,"Grand Rapids, MI",850,847,1027,3,1035,1030,0,137
2000-01-04,1260,"Chicago, IL",GRR,"Grand Rapids, MI",1530,1559,1743,4,1716,1747,0,137
2000-01-04,1408,"Chicago, IL",GRR,"Grand Rapids, MI",2130,2308,50,3,2318,53,0,137
2000-01-04,1446,"Chicago, IL",GRR,"Grand Rapids, MI",1150,1158,1335,2,1335,1337,0,137
2000-01-04,540,"Chicago, IL",GSO,"Greensboro/High Point, NC",850,901,1142,3,1129,1145,0,590
2000-01-04,750,"Chicago, IL",GSO,"Greensboro/High Point, NC",1755,1806,2039,3,2031,2042,0,590
2000-01-04,1538,"Chicago, IL",GSO,"Greensboro/High Point, NC",1340,1415,1657,3,1619,1700,0,590
2000-01-04,392,"Chicago, IL",MDT,"Harrisburg, PA",1755,1813,2045,4,2031,2049,0,594
2000-01-04,482,"Chicago, IL",MDT,"Harrisburg, PA",914,912,1142,5,1155,1147,0,594
2000-01-04,542,"Chicago, IL",MDT,"Harrisburg, PA",1330,1332,1610,5,1611,1615,0,594
2000-01-04,728,"Chicago, IL",MDT,"Harrisburg, PA",2115,2320,143,3,2353,146,0,594
2000-01-04,869,"Chicago, IL",MIA,"Miami, FL",1450,1536,1932,6,1839,1938,0,1197
2000-01-04,1088,"Chicago, IL",MIA,"Miami, FL",739,739,1135,2,1132,1137,0,1197
2000-01-04,1636,"Chicago, IL",MIA,"Miami, FL",1020,1021,1412,4,1407,1416,0,1197
2000-01-04,1984,"Chicago, IL",MIA,"Miami, FL",1800,1801,2137,5,2147,2142,0,1197
2000-01-04,1564,"Chicago, IL",MKE,"Milwaukee, WI",2230,2230,2304,4,2307,2308,0,67
2000-01-04,1646,"Chicago, IL",MKE,"Milwaukee, WI",1410,1501,1531,5,1447,1536,0,67
2000-01-04,633,"Chicago, IL",MSN,"Madison, WI",2055,2103,2153,3,2141,2156,0,109
2000-01-04,1249,"Chicago, IL",MSN,"Madison, WI",2220,2219,2257,3,2305,2300,0,109
2000-01-04,1581,"Chicago, IL",MSN,"Madison, WI",1410,1410,1459,4,1451,1503,0,109
2000-01-04,367,"Chicago, IL",MSY,"New Orleans, LA",1144,1153,1408,7,1358,1415,0,837
2000-01-04,695,"Chicago, IL",MSY,"New Orleans, LA",945,945,1206,5,1157,1211,0,837
2000-01-04,1789,"Chicago, IL",MSY,"New Orleans, LA",1914,1955,2157,6,2125,2203,0,837
2000-01-04,295,"Chicago, IL",PDX,"Portland, OR",945,944,1203,3,1206,1206,0,1739
2000-01-04,503,"Chicago, IL",PDX,"Portland, OR",1750,1802,"","",2015,"",0,1739
2000-01-04,569,"Chicago, IL",PDX,"Portland, OR",1530,1535,1800,3,1749,1803,0,1739
2000-01-04,577,"Chicago, IL",PDX,"Portland, OR",1930,1949,2206,6,2150,2212,0,1739
2000-01-04,609,"Chicago, IL",PDX,"Portland, OR",1144,1148,1403,3,1411,1406,0,1739
2000-01-04,1891,"Chicago, IL",PDX,"Portland, OR",920,920,1152,2,1150,1154,0,1739
2000-01-04,749,"Chicago, IL",SAT,"San Antonio, TX",945,942,1222,5,1239,1227,0,1041
2000-01-04,783,"Chicago, IL",SAT,"San Antonio, TX",1925,1923,2200,3,2216,2203,0,1041
2000-01-04,129,"Chicago, IL",SFO,"San Francisco, CA",1040,1045,1307,27,1318,1334,0,1846
2000-01-04,137,"Chicago, IL",SFO,"San Francisco, CA",800,807,1024,3,1037,1027,0,1846
2000-01-04,143,"Chicago, IL",SFO,"San Francisco, CA",1144,1146,1401,6,1419,1407,0,1846
2000-01-04,145,"Chicago, IL",SFO,"San Francisco, CA",1425,1440,1652,4,1654,1656,0,1846
2000-01-04,147,"Chicago, IL",SFO,"San Francisco, CA",1530,1800,2013,4,1755,2017,0,1846
2000-01-04,149,"Chicago, IL",SFO,"San Francisco, CA",1745,1748,2016,5,2022,2021,0,1846
2000-01-04,153,"Chicago, IL",SFO,"San Francisco, CA",1930,1934,2212,7,2209,2219,0,1846
2000-01-04,155,"Chicago, IL",SFO,"San Francisco, CA",2050,2056,2345,4,2323,2349,0,1846
2000-01-04,157,"Chicago, IL",SFO,"San Francisco, CA",700,659,905,3,936,908,0,1846
2000-01-04,159,"Chicago, IL",SFO,"San Francisco, CA",930,931,1200,13,1202,1213,0,1846
2000-01-04,161,"Chicago, IL",SFO,"San Francisco, CA",1644,1649,1913,5,1921,1918,0,1846
2000-01-04,637,"Chicago, IL",SFO,"San Francisco, CA",2225,2233,55,8,58,103,0,1846
2000-01-04,667,"Chicago, IL",SFO,"San Francisco, CA",1920,1937,2208,6,2159,2214,0,1846
2000-01-04,691,"Chicago, IL",SFO,"San Francisco, CA",1215,1442,1721,4,1455,1725,0,1846
2000-01-04,495,"Chicago, IL",SLC,"Salt Lake City, UT",1210,1205,1427,3,1426,1430,0,1249
2000-01-04,1439,"Chicago, IL",SLC,"Salt Lake City, UT",914,916,1114,3,1126,1117,0,1249
2000-01-04,1507,"Chicago, IL",SLC,"Salt Lake City, UT",1914,1932,2135,3,2125,2138,0,1249
2000-01-04,390,"Chicago, IL",TYS,"Knoxville, TN",735,734,956,4,1004,1000,0,475
2000-01-04,1110,"Chicago, IL",TYS,"Knoxville, TN",1310,1309,1529,3,1535,1532,0,475
2000-01-04,1485,"Chicago, IL",TYS,"Knoxville, TN",1744,1738,2008,5,2012,2013,0,475
2000-01-04,352,"Chicago, IL",ALB,"Albany, NY",1314,1320,1600,3,1609,1603,0,723
2000-01-04,1048,"Chicago, IL",ALB,"Albany, NY",600,557,834,4,851,838,0,723
2000-01-04,1454,"Chicago, IL",ALB,"Albany, NY",1655,1656,1943,3,1950,1946,0,723
2000-01-04,364,"Chicago, IL",ATL,"Atlanta, GA",1914,1917,2153,6,2205,2159,0,606
2000-01-04,446,"Chicago, IL",ATL,"Atlanta, GA",925,940,1245,5,1215,1250,0,606
2000-01-04,796,"Chicago, IL",ATL,"Atlanta, GA",1330,1427,1708,5,1629,1713,0,606
2000-01-04,1268,"Chicago, IL",ATL,"Atlanta, GA",645,646,948,4,942,952,0,606
2000-01-04,1438,"Chicago, IL",ATL,"Atlanta, GA",2100,2122,2358,6,2346,4,0,606
2000-01-04,1628,"Chicago, IL",ATL,"Atlanta, GA",1040,1042,1326,4,1330,1330,0,606
2000-01-04,1690,"Chicago, IL",ATL,"Atlanta, GA",1650,1700,1930,4,1939,1934,0,606
2000-01-04,529,"Chicago, IL",BHM,"Birmingham, AL",2115,2113,2244,4,2257,2248,0,584
2000-01-04,1166,"Chicago, IL",BHM,"Birmingham, AL",920,921,1112,3,1101,1115,0,584
2000-01-04,519,"Chicago, IL",CID,"Cedar Rapids/Iowa City, IA",1605,1612,1653,4,1700,1657,0,196
2000-01-04,743,"Chicago, IL",CID,"Cedar Rapids/Iowa City, IA",1930,1941,2031,4,2028,2035,0,196
2000-01-04,1823,"Chicago, IL",CID,"Cedar Rapids/Iowa City, IA",1155,1212,1256,4,1251,1300,0,196
2000-01-04,1827,"Chicago, IL",CID,"Cedar Rapids/Iowa City, IA",950,1015,1058,3,1046,1101,0,196
2000-01-04,1019,"Chicago, IL",COS,"Colorado Springs, CO",2015,2013,2126,5,2142,2131,0,911
2000-01-04,1785,"Chicago, IL",COS,"Colorado Springs, CO",945,1348,1453,9,1110,1502,0,911
2000-01-04,254,"Chicago, IL",CVG,"Cincinnati, OH",1644,1646,1855,7,1851,1902,0,264
2000-01-04,490,"Chicago, IL",CVG,"Cincinnati, OH",744,840,1045,4,953,1049,0,264
2000-01-04,1140,"Chicago, IL",CVG,"Cincinnati, OH",600,600,846,6,809,852,0,264
2000-01-04,1540,"Chicago, IL",CVG,"Cincinnati, OH",2115,2119,2321,9,2324,2330,0,264
2000-01-04,1810,"Chicago, IL",CVG,"Cincinnati, OH",1055,1117,1320,4,1256,1324,0,264
2000-01-04,1863,"Chicago, IL",CVG,"Cincinnati, OH",1414,1446,1645,5,1617,1650,0,264
2000-01-04,61,"Chicago, IL",DEN,"Denver, CO",915,934,1043,6,1042,1049,0,888
2000-01-04,243,"Chicago, IL",DEN,"Denver, CO",700,658,809,7,829,816,0,888
2000-01-04,245,"Chicago, IL",DEN,"Denver, CO",800,811,919,6,930,925,0,888
2000-01-04,249,"Chicago, IL",DEN,"Denver, CO",1530,1606,1714,6,1700,1720,0,888
2000-01-04,251,"Chicago, IL",DEN,"Denver, CO",945,946,1058,7,1118,1105,0,888
2000-01-04,253,"Chicago, IL",DEN,"Denver, CO",1245,1245,1357,7,1419,1404,0,888
2000-01-04,255,"Chicago, IL",DEN,"Denver, CO",919,931,1101,7,1055,1108,0,888
2000-01-04,257,"Chicago, IL",DEN,"Denver, CO",1514,1518,1638,6,1645,1644,0,888
2000-01-04,259,"Chicago, IL",DEN,"Denver, CO",2230,2258,18,6,2354,24,0,888
2000-01-04,261,"Chicago, IL",DEN,"Denver, CO",805,829,931,9,934,940,0,888
2000-01-04,265,"Chicago, IL",DEN,"Denver, CO",1400,1359,1515,10,1532,1525,0,888
2000-01-04,267,"Chicago, IL",DEN,"Denver, CO",1146,1151,1309,5,1322,1314,0,888
2000-01-04,269,"Chicago, IL",DEN,"Denver, CO",1930,1947,2109,4,2106,2113,0,888
2000-01-04,941,"Chicago, IL",DEN,"Denver, CO",1920,1919,2031,7,2053,2038,0,888
2000-01-04,945,"Chicago, IL",DEN,"Denver, CO",1210,1210,1322,6,1341,1328,0,888
2000-01-04,959,"Chicago, IL",DEN,"Denver, CO",1745,1747,1906,5,1911,1911,0,888
2000-01-04,1817,"Chicago, IL",DEN,"Denver, CO",1030,1041,1146,20,1206,1206,0,888
2000-01-04,368,"Chicago, IL",FLL,"Fort Lauderdale, FL",739,739,1136,4,1132,1140,0,1182
2000-01-04,426,"Chicago, IL",FLL,"Fort Lauderdale, FL",2110,2117,59,6,58,105,0,1182
2000-01-04,744,"Chicago, IL",FLL,"Fort Lauderdale, FL",1820,1820,2201,4,2211,2205,0,1182
2000-01-04,1948,"Chicago, IL",FLL,"Fort Lauderdale, FL",1450,1459,1903,5,1841,1908,0,1182
2000-01-04,573,"Chicago, IL",IAH,"Houston, TX",914,1029,1243,4,1140,1247,0,925
2000-01-04,703,"Chicago, IL",IAH,"Houston, TX",1200,1219,1442,5,1435,1447,0,925
2000-01-04,705,"Chicago, IL",IAH,"Houston, TX",700,700,939,4,933,943,0,925
2000-01-04,1169,"Chicago, IL",IAH,"Houston, TX",1510,1621,1836,5,1743,1841,0,925
2000-01-04,1897,"Chicago, IL",IAH,"Houston, TX",1940,1945,2155,9,2204,2204,0,925
2000-01-04,1957,"Chicago, IL",IAH,"Houston, TX",1745,1757,2005,4,2017,2009,0,925
2000-01-04,670,"Chicago, IL",LGA,"New York, NY",2100,2120,17,4,2350,21,0,733
2000-01-04,672,"Chicago, IL",LGA,"New York, NY",1900,1931,2315,4,2158,2319,0,733
2000-01-04,674,"Chicago, IL",LGA,"New York, NY",1800,"","","",2059,"",1,733
2000-01-04,676,"Chicago, IL",LGA,"New York, NY",1700,1820,2114,3,2000,2117,0,733
2000-01-04,678,"Chicago, IL",LGA,"New York, NY",1600,"","","",1900,"",1,733
2000-01-04,680,"Chicago, IL",LGA,"New York, NY",1500,1608,1912,3,1759,1915,0,733
2000-01-04,682,"Chicago, IL",LGA,"New York, NY",1400,1407,1718,5,1700,1723,0,733
2000-01-04,684,"Chicago, IL",LGA,"New York, NY",1300,1330,1629,6,1555,1635,0,733
2000-01-04,140,"Chicago, IL",MCO,"Orlando, FL",1814,1839,2156,4,2139,2200,0,1005
2000-01-04,240,"Chicago, IL",MCO,"Orlando, FL",1045,1042,1419,4,1409,1423,0,1005
2000-01-04,342,"Chicago, IL",MCO,"Orlando, FL",2125,2130,48,5,54,53,0,1005
2000-01-04,1500,"Chicago, IL",MCO,"Orlando, FL",1437,1444,1804,3,1759,1807,0,1005
2000-01-04,1832,"Chicago, IL",MCO,"Orlando, FL",800,800,1131,10,1132,1141,0,1005
2000-01-04,299,"Chicago, IL",MSP,"Minneapolis, MN",1145,"","","",1304,"",1,334
2000-01-04,353,"Chicago, IL",MSP,"Minneapolis, MN",745,831,940,5,905,945,0,334
2000-01-04,505,"Chicago, IL",MSP,"Minneapolis, MN",1944,1940,2104,4,2103,2108,0,334
2000-01-04,599,"Chicago, IL",MSP,"Minneapolis, MN",945,943,1057,6,1105,1103,0,334
2000-01-04,719,"Chicago, IL",MSP,"Minneapolis, MN",1444,1451,1600,2,1604,1602,0,334
2000-01-04,765,"Chicago, IL",MSP,"Minneapolis, MN",1644,1657,1802,4,1806,1806,0,334
2000-01-04,799,"Chicago, IL",MSP,"Minneapolis, MN",645,"","","",809,"",1,334
2000-01-04,1067,"Chicago, IL",MSP,"Minneapolis, MN",1744,1801,1917,3,1913,1920,0,334
2000-01-04,1583,"Chicago, IL",MSP,"Minneapolis, MN",1245,1257,1404,2,1405,1406,0,334
2000-01-04,1889,"Chicago, IL",MSP,"Minneapolis, MN",2230,2230,2356,4,2346,2400,0,334
2000-01-04,1917,"Chicago, IL",MSP,"Minneapolis, MN",845,855,1008,3,1009,1011,0,334
2000-01-04,489,"Chicago, IL",OMA,"Omaha, NE",805,802,918,3,927,921,0,416
2000-01-04,775,"Chicago, IL",OMA,"Omaha, NE",2050,2059,2223,4,2214,2227,0,416
2000-01-04,1129,"Chicago, IL",OMA,"Omaha, NE",914,918,1047,3,1034,1050,0,416
2000-01-04,1499,"Chicago, IL",OMA,"Omaha, NE",1535,1531,1652,2,1659,1654,0,416
2000-01-04,1859,"Chicago, IL",OMA,"Omaha, NE",1230,1227,1341,2,1358,1343,0,416
2000-01-04,1733,"Chicago, IL",ONT,"Ontario, CA",1150,1153,1345,2,1411,1347,0,1700
2000-01-04,1899,"Chicago, IL",ONT,"Ontario, CA",1925,1928,2139,4,2145,2143,0,1700
2000-01-04,1850,"Chicago, IL",PHL,"Philadelphia, PA",620,616,858,4,915,902,0,678
2000-01-04,1854,"Chicago, IL",PHL,"Philadelphia, PA",800,757,1030,3,1048,1033,0,678
2000-01-04,1856,"Chicago, IL",PHL,"Philadelphia, PA",900,859,1140,7,1150,1147,0,678
2000-01-04,1858,"Chicago, IL",PHL,"Philadelphia, PA",1000,959,1240,4,1250,1244,0,678
2000-01-04,1860,"Chicago, IL",PHL,"Philadelphia, PA",1100,1134,1413,5,1350,1418,0,678
2000-01-04,1862,"Chicago, IL",PHL,"Philadelphia, PA",1200,"","","",1449,"",1,678
2000-01-04,1864,"Chicago, IL",PHL,"Philadelphia, PA",1310,1310,1551,4,1608,1555,0,678
2000-01-04,1868,"Chicago, IL",PHL,"Philadelphia, PA",1600,"","","",1855,"",1,678
2000-01-04,1872,"Chicago, IL",PHL,"Philadelphia, PA",1700,1701,2122,8,1955,2130,0,678
2000-01-04,1876,"Chicago, IL",PHL,"Philadelphia, PA",1900,"","","",2151,"",1,678
2000-01-04,1878,"Chicago, IL",PHL,"Philadelphia, PA",2050,2050,2336,4,2335,2340,0,678
2000-01-04,381,"Chicago, IL",PHX,"Phoenix, AZ",1155,1221,1440,4,1436,1444,0,1440
2000-01-04,423,"Chicago, IL",PHX,"Phoenix, AZ",1544,1959,2220,4,1822,2224,0,1440
2000-01-04,501,"Chicago, IL",PHX,"Phoenix, AZ",1944,1946,2215,6,2231,2221,0,1440
2000-01-04,1273,"Chicago, IL",PHX,"Phoenix, AZ",1840,1841,2101,4,2120,2105,0,1440
2000-01-04,1419,"Chicago, IL",PHX,"Phoenix, AZ",935,959,1227,4,1216,1231,0,1440
2000-01-04,1637,"Chicago, IL",PHX,"Phoenix, AZ",1930,1942,2151,3,2204,2154,0,1440
2000-01-04,1969,"Chicago, IL",PHX,"Phoenix, AZ",800,759,1019,3,1041,1022,0,1440
2000-01-04,1276,"Chicago, IL",PVD,"Providence, RI",900,915,1209,5,1204,1214,0,849
2000-01-04,1448,"Chicago, IL",PVD,"Providence, RI",1715,1716,2022,3,2023,2025,0,849
2000-01-04,1734,"Chicago, IL",PVD,"Providence, RI",1309,1319,1610,5,1615,1615,0,849
2000-01-04,1768,"Chicago, IL",PVD,"Providence, RI",2045,2052,2358,5,2344,3,0,849
2000-01-04,798,"Chicago, IL",PWM,"Portland, ME",2045,2113,31,4,2358,35,0,900
2000-01-04,1130,"Chicago, IL",PWM,"Portland, ME",1310,1310,"","",1620,"",0,900
2000-01-04,1230,"Chicago, IL",PWM,"Portland, ME",740,740,1033,4,1044,1037,0,900
2000-01-04,586,"Chicago, IL",RDU,"Raleigh/Durham, NC",1314,1326,1622,4,1603,1626,0,647
2000-01-04,1108,"Chicago, IL",RDU,"Raleigh/Durham, NC",1710,1709,1951,6,1958,1957,0,647
2000-01-04,1114,"Chicago, IL",RDU,"Raleigh/Durham, NC",615,613,901,2,903,903,0,647
2000-01-04,1158,"Chicago, IL",RDU,"Raleigh/Durham, NC",1130,1154,1452,2,1419,1454,0,647
2000-01-04,1190,"Chicago, IL",RDU,"Raleigh/Durham, NC",2055,2056,2337,3,2343,2340,0,647
2000-01-04,590,"Chicago, IL",SDF,"Louisville, KY",2115,2133,2327,4,2325,2331,0,286
2000-01-04,1650,"Chicago, IL",SDF,"Louisville, KY",1350,1427,1633,4,1558,1637,0,286
2000-01-04,271,"Chicago, IL",SJC,"San Jose, CA",930,939,1202,6,1202,1208,0,1830
2000-01-04,361,"Chicago, IL",SJC,"San Jose, CA",1920,2055,2316,6,2157,2322,0,1830
2000-01-04,375,"Chicago, IL",SJC,"San Jose, CA",1514,1517,1740,6,1748,1746,0,1830
2000-01-04,1401,"Chicago, IL",SJC,"San Jose, CA",1155,1204,1425,5,1430,1430,0,1830
2000-01-04,788,"Chicago, IL",TPA,"Tampa, FL",1030,1034,1350,2,1353,1352,0,1012
2000-01-04,1070,"Chicago, IL",TPA,"Tampa, FL",1730,1805,2127,5,2056,2132,0,1012
2000-01-04,1090,"Chicago, IL",TPA,"Tampa, FL",1308,1311,1642,4,1634,1646,0,1012
2000-01-04,1676,"Chicago, IL",TPA,"Tampa, FL",739,739,1116,2,1111,1118,0,1012
2000-01-04,1836,"Chicago, IL",TPA,"Tampa, FL",2115,2211,122,2,44,124,0,1012
2000-01-05,560,"Chicago, IL",BNA,"Nashville, TN",740,736,845,2,902,847,0,409
2000-01-05,1050,"Chicago, IL",BNA,"Nashville, TN",1914,1914,2031,7,2034,2038,0,409
2000-01-05,1550,"Chicago, IL",BNA,"Nashville, TN",1444,1447,1610,4,1601,1614,0,409
2000-01-05,1069,"Chicago, IL",BOI,"Boise, ID",1914,1911,2144,3,2157,2147,0,1437
2000-01-05,152,"Chicago, IL",BWI,"Baltimore, MD",625,626,903,2,906,905,0,621
2000-01-05,418,"Chicago, IL",BWI,"Baltimore, MD",1115,1111,1341,2,1354,1343,0,621
2000-01-05,756,"Chicago, IL",BWI,"Baltimore, MD",2100,2056,2344,6,2343,2350,0,621
2000-01-05,770,"Chicago, IL",BWI,"Baltimore, MD",1705,1731,2021,3,1948,2024,0,621
2000-01-05,1298,"Chicago, IL",BWI,"Baltimore, MD",1325,1323,1612,6,1613,1618,0,621
2000-01-05,432,"Chicago, IL",CLT,"Charlotte, NC",1314,1313,1554,2,1554,1556,0,599
2000-01-05,462,"Chicago, IL",CLT,"Charlotte, NC",615,610,851,3,855,854,0,599
2000-01-05,536,"Chicago, IL",CLT,"Charlotte, NC",1644,1645,1916,3,1920,1919,0,599
2000-01-05,1616,"Chicago, IL",CLT,"Charlotte, NC",2045,2043,2323,4,2325,2327,0,599
2000-01-05,515,"Chicago, IL",DAY,"Dayton, OH",1410,1412,1604,3,1610,1607,0,240
2000-01-05,657,"Chicago, IL",DAY,"Dayton, OH",2115,2309,106,8,2318,114,0,240
2000-01-05,1128,"Chicago, IL",DAY,"Dayton, OH",1120,1119,1314,6,1319,1320,0,240
2000-01-05,1552,"Chicago, IL",DAY,"Dayton, OH",800,759,1000,5,1000,1005,0,240
2000-01-05,1754,"Chicago, IL",DAY,"Dayton, OH",1705,1703,1901,5,1907,1906,0,240
2000-01-05,302,"Chicago, IL",DTW,"Detroit, MI",1040,1039,1244,3,1249,1247,0,235
2000-01-05,350,"Chicago, IL",DTW,"Detroit, MI",1710,1708,1907,7,1923,1914,0,235
2000-01-05,396,"Chicago, IL",DTW,"Detroit, MI",1309,1307,1510,4,1524,1514,0,235
2000-01-05,440,"Chicago, IL",DTW,"Detroit, MI",750,750,946,6,1001,952,0,235
2000-01-05,454,"Chicago, IL",DTW,"Detroit, MI",630,626,835,4,834,839,0,235
2000-01-05,671,"Chicago, IL",DTW,"Detroit, MI",2115,2115,2313,4,2320,2317,0,235
2000-01-05,1425,"Chicago, IL",GEG,"Spokane, WA",1920,1941,2131,2,2118,2133,0,1498
2000-01-05,422,"Chicago, IL",GRR,"Grand Rapids, MI",1925,1921,2111,3,2112,2114,0,137
2000-01-05,494,"Chicago, IL",GRR,"Grand Rapids, MI",851,849,1030,4,1036,1034,0,137
2000-01-05,633,"Chicago, IL",GRR,"Grand Rapids, MI",2115,2210,2356,5,2303,1,0,137
2000-01-05,1260,"Chicago, IL",GRR,"Grand Rapids, MI",1444,1444,1637,4,1630,1641,0,137
2000-01-05,1446,"Chicago, IL",GRR,"Grand Rapids, MI",1144,1144,1326,4,1329,1330,0,137
2000-01-05,540,"Chicago, IL",GSO,"Greensboro/High Point, NC",900,901,1130,3,1138,1133,0,590
2000-01-05,750,"Chicago, IL",GSO,"Greensboro/High Point, NC",1744,1740,2021,3,2019,2024,0,590
2000-01-05,1538,"Chicago, IL",GSO,"Greensboro/High Point, NC",1420,1418,1652,3,1658,1655,0,590
2000-01-05,392,"Chicago, IL",MDT,"Harrisburg, PA",1714,1714,1955,4,1949,1959,0,594
2000-01-05,482,"Chicago, IL",MDT,"Harrisburg, PA",900,858,1129,4,1140,1133,0,594
2000-01-05,542,"Chicago, IL",MDT,"Harrisburg, PA",1314,1417,1643,2,1554,1645,0,594
2000-01-05,728,"Chicago, IL",MDT,"Harrisburg, PA",2100,2058,2336,4,2340,2340,0,594
2000-01-05,869,"Chicago, IL",MIA,"Miami, FL",1450,1441,1832,4,1839,1836,0,1197
2000-01-05,1088,"Chicago, IL",MIA,"Miami, FL",739,735,1116,3,1126,1119,0,1197
2000-01-05,1636,"Chicago, IL",MIA,"Miami, FL",1030,1036,1416,6,1415,1422,0,1197
2000-01-05,1984,"Chicago, IL",MIA,"Miami, FL",1805,1804,2148,5,2150,2153,0,1197
2000-01-05,647,"Chicago, IL",MKE,"Milwaukee, WI",1414,1413,1454,4,1451,1458,0,67
2000-01-05,1564,"Chicago, IL",MKE,"Milwaukee, WI",2230,2228,2303,3,2307,2306,0,67
2000-01-05,675,"Chicago, IL",MSN,"Madison, WI",2055,2101,2145,5,2141,2150,0,109
2000-01-05,1249,"Chicago, IL",MSN,"Madison, WI",2230,2228,2308,5,2315,2313,0,109
2000-01-05,1581,"Chicago, IL",MSN,"Madison, WI",1410,1410,1450,3,1451,1453,0,109
2000-01-05,367,"Chicago, IL",MSY,"New Orleans, LA",1200,1201,1414,12,1409,1426,0,837
2000-01-05,1789,"Chicago, IL",MSY,"New Orleans, LA",1930,1929,2136,4,2140,2140,0,837
2000-01-05,1867,"Chicago, IL",MSY,"New Orleans, LA",1000,958,1159,2,1211,1201,0,837
2000-01-05,503,"Chicago, IL",PDX,"Portland, OR",1745,1742,2011,4,2007,2015,0,1739
2000-01-05,569,"Chicago, IL",PDX,"Portland, OR",1544,1549,1747,4,1800,1751,0,1739
2000-01-05,577,"Chicago, IL",PDX,"Portland, OR",1914,1919,2137,4,2140,2141,0,1739
2000-01-05,1401,"Chicago, IL",PDX,"Portland, OR",1200,1156,1421,2,1431,1423,0,1739
2000-01-05,1891,"Chicago, IL",PDX,"Portland, OR",945,943,1206,2,1212,1208,0,1739
2000-01-05,749,"Chicago, IL",SAT,"San Antonio, TX",925,924,1202,3,1208,1205,0,1041
2000-01-05,1415,"Chicago, IL",SAT,"San Antonio, TX",1940,1951,2230,2,2224,2232,0,1041
2000-01-05,137,"Chicago, IL",SFO,"San Francisco, CA",1030,1029,1253,4,1306,1257,0,1846
2000-01-05,139,"Chicago, IL",SFO,"San Francisco, CA",2220,2220,34,5,51,39,0,1846
2000-01-05,141,"Chicago, IL",SFO,"San Francisco, CA",1210,1211,1456,5,1448,1501,0,1846
2000-01-05,143,"Chicago, IL",SFO,"San Francisco, CA",1144,1202,1425,5,1407,1430,0,1846
2000-01-05,145,"Chicago, IL",SFO,"San Francisco, CA",930,928,"","",1200,"",0,1846
2000-01-05,147,"Chicago, IL",SFO,"San Francisco, CA",1530,1534,1744,5,1753,1749,0,1846
2000-01-05,149,"Chicago, IL",SFO,"San Francisco, CA",1805,1808,2025,4,2038,2029,0,1846
2000-01-05,151,"Chicago, IL",SFO,"San Francisco, CA",1920,1921,2142,5,2157,2147,0,1846
2000-01-05,155,"Chicago, IL",SFO,"San Francisco, CA",2030,2030,2254,6,2304,2300,0,1846
2000-01-05,157,"Chicago, IL",SFO,"San Francisco, CA",800,807,1018,6,1028,1024,0,1846
2000-01-05,525,"Chicago, IL",SFO,"San Francisco, CA",1925,1923,2149,6,2205,2155,0,1846
2000-01-05,399,"Chicago, IL",SLC,"Salt Lake City, UT",1205,1202,1420,5,1419,1425,0,1249
2000-01-05,533,"Chicago, IL",SLC,"Salt Lake City, UT",1914,1912,2117,2,2123,2119,0,1249
2000-01-05,1439,"Chicago, IL",SLC,"Salt Lake City, UT",914,915,1121,4,1124,1125,0,1249
2000-01-05,1110,"Chicago, IL",TYS,"Knoxville, TN",1314,1311,1530,4,1538,1534,0,475
2000-01-05,1818,"Chicago, IL",TYS,"Knoxville, TN",2120,2118,2348,4,2347,2352,0,475
2000-01-05,352,"Chicago, IL",ALB,"Albany, NY",1320,1317,1608,4,1614,1612,0,723
2000-01-05,1104,"Chicago, IL",ALB,"Albany, NY",620,619,900,4,910,904,0,723
2000-01-05,1454,"Chicago, IL",ALB,"Albany, NY",1720,1719,2014,3,2014,2017,0,723
2000-01-05,364,"Chicago, IL",ATL,"Atlanta, GA",1914,1918,2234,53,2204,2327,0,606
2000-01-05,446,"Chicago, IL",ATL,"Atlanta, GA",925,926,1155,7,1209,1202,0,606
2000-01-05,527,"Chicago, IL",ATL,"Atlanta, GA",2100,2058,2340,8,2345,2348,0,606
2000-01-05,796,"Chicago, IL",ATL,"Atlanta, GA",1330,1328,1628,7,1633,1635,0,606
2000-01-05,1268,"Chicago, IL",ATL,"Atlanta, GA",650,652,929,5,941,934,0,606
2000-01-05,1628,"Chicago, IL",ATL,"Atlanta, GA",1035,1035,1314,7,1324,1321,0,606
2000-01-05,1690,"Chicago, IL",ATL,"Atlanta, GA",1655,1655,1933,7,1948,1940,0,606
2000-01-05,1162,"Chicago, IL",BHM,"Birmingham, AL",2125,2119,2301,3,2306,2304,0,584
2000-01-05,1166,"Chicago, IL",BHM,"Birmingham, AL",900,858,1037,4,1040,1041,0,584
2000-01-05,669,"Chicago, IL",CID,"Cedar Rapids/Iowa City, IA",2230,2227,2318,3,2324,2321,0,196
2000-01-05,681,"Chicago, IL",CID,"Cedar Rapids/Iowa City, IA",1600,1558,1650,3,1655,1653,0,196
2000-01-05,743,"Chicago, IL",CID,"Cedar Rapids/Iowa City, IA",1920,1936,2028,3,2018,2031,0,196
2000-01-05,1823,"Chicago, IL",CID,"Cedar Rapids/Iowa City, IA",1145,1143,1239,3,1241,1242,0,196
2000-01-05,1827,"Chicago, IL",CID,"Cedar Rapids/Iowa City, IA",926,929,1027,3,1022,1030,0,196
2000-01-05,1019,"Chicago, IL",COS,"Colorado Springs, CO",1920,1921,2044,5,2045,2049,0,911
2000-01-05,1785,"Chicago, IL",COS,"Colorado Springs, CO",950,949,1125,5,1121,1130,0,911
2000-01-05,490,"Chicago, IL",CVG,"Cincinnati, OH",739,753,1002,7,948,1009,0,264
2000-01-05,529,"Chicago, IL",CVG,"Cincinnati, OH",2115,2116,2326,7,2324,2333,0,264
2000-01-05,772,"Chicago, IL",CVG,"Cincinnati, OH",1415,1415,1610,4,1618,1614,0,264
2000-01-05,1140,"Chicago, IL",CVG,"Cincinnati, OH",600,557,800,5,809,805,0,264
2000-01-05,1810,"Chicago, IL",CVG,"Cincinnati, OH",1110,1108,1311,3,1311,1314,0,264
2000-01-05,1892,"Chicago, IL",CVG,"Cincinnati, OH",1655,1654,1853,7,1901,1900,0,264
2000-01-05,241,"Chicago, IL",DEN,"Denver, CO",600,556,726,5,728,731,0,888
2000-01-05,243,"Chicago, IL",DEN,"Denver, CO",700,909,1027,6,829,1033,0,888
2000-01-05,247,"Chicago, IL",DEN,"Denver, CO",910,910,1029,13,1038,1042,0,888
2000-01-05,251,"Chicago, IL",DEN,"Denver, CO",945,942,1102,9,1117,1111,0,888
2000-01-05,253,"Chicago, IL",DEN,"Denver, CO",1245,1251,1416,7,1418,1423,0,888
2000-01-05,255,"Chicago, IL",DEN,"Denver, CO",1530,1531,1700,8,1701,1708,0,888
2000-01-05,259,"Chicago, IL",DEN,"Denver, CO",1525,1608,1744,6,1656,1750,0,888
2000-01-05,531,"Chicago, IL",DEN,"Denver, CO",2220,2219,2344,7,2347,2351,0,888
2000-01-05,941,"Chicago, IL",DEN,"Denver, CO",1920,1921,2049,6,2052,2055,0,888
2000-01-05,945,"Chicago, IL",DEN,"Denver, CO",1150,1159,1334,10,1325,1344,0,888
2000-01-05,959,"Chicago, IL",DEN,"Denver, CO",1745,1745,1909,6,1910,1915,0,888
2000-01-05,368,"Chicago, IL",FLL,"Fort Lauderdale, FL",741,750,1130,4,1132,1134,0,1182
2000-01-05,426,"Chicago, IL",FLL,"Fort Lauderdale, FL",2110,2113,56,5,56,101,0,1182
2000-01-05,1948,"Chicago, IL",FLL,"Fort Lauderdale, FL",1425,1424,1802,6,1814,1808,0,1182
2000-01-05,573,"Chicago, IL",IAH,"Houston, TX",914,912,1138,3,1147,1141,0,925
2000-01-05,703,"Chicago, IL",IAH,"Houston, TX",1200,1159,1441,4,1434,1445,0,925
2000-01-05,1169,"Chicago, IL",IAH,"Houston, TX",1514,1514,1746,6,1746,1752,0,925
2000-01-05,1897,"Chicago, IL",IAH,"Houston, TX",1925,1943,2205,4,2156,2209,0,925
2000-01-05,1957,"Chicago, IL",IAH,"Houston, TX",1750,1838,2110,4,2021,2114,0,925
2000-01-05,670,"Chicago, IL",LGA,"New York, NY",2100,2058,2353,4,2349,2357,0,733
2000-01-05,672,"Chicago, IL",LGA,"New York, NY",1900,1945,2232,3,2157,2235,0,733
2000-01-05,674,"Chicago, IL",LGA,"New York, NY",1800,1758,2052,3,2058,2055,0,733
2000-01-05,676,"Chicago, IL",LGA,"New York, NY",1700,1656,1941,6,2000,1947,0,733
2000-01-05,678,"Chicago, IL",LGA,"New York, NY",1600,1600,1846,4,1900,1850,0,733
2000-01-05,680,"Chicago, IL",LGA,"New York, NY",1500,1457,1749,2,1758,1751,0,733
2000-01-05,682,"Chicago, IL",LGA,"New York, NY",1400,1357,1637,3,1700,1640,0,733
2000-01-05,684,"Chicago, IL",LGA,"New York, NY",1300,1300,1546,4,1554,1550,0,733
2000-01-05,342,"Chicago, IL",MCO,"Orlando, FL",2115,2113,40,4,43,44,0,1005
2000-01-05,1044,"Chicago, IL",MCO,"Orlando, FL",1655,1656,2013,4,2014,2017,0,1005
2000-01-05,1500,"Chicago, IL",MCO,"Orlando, FL",1344,1342,1704,5,1709,1709,0,1005
2000-01-05,1614,"Chicago, IL",MCO,"Orlando, FL",1035,1038,1356,4,1358,1400,0,1005
2000-01-05,1832,"Chicago, IL",MCO,"Orlando, FL",800,804,1132,5,1131,1137,0,1005
2000-01-05,299,"Chicago, IL",MSP,"Minneapolis, MN",1145,1158,1321,6,1303,1327,0,334
2000-01-05,353,"Chicago, IL",MSP,"Minneapolis, MN",744,743,903,4,903,907,0,334
2000-01-05,359,"Chicago, IL",MSP,"Minneapolis, MN",1344,1340,1504,3,1503,1507,0,334
2000-01-05,457,"Chicago, IL",MSP,"Minneapolis, MN",1044,1113,1228,4,1202,1232,0,334
2000-01-05,583,"Chicago, IL",MSP,"Minneapolis, MN",1544,1542,1730,4,1707,1734,0,334
2000-01-05,599,"Chicago, IL",MSP,"Minneapolis, MN",945,943,1102,3,1104,1105,0,334
2000-01-05,719,"Chicago, IL",MSP,"Minneapolis, MN",1444,1510,1640,6,1604,1646,0,334
2000-01-05,765,"Chicago, IL",MSP,"Minneapolis, MN",1644,1644,1818,6,1805,1824,0,334
2000-01-05,799,"Chicago, IL",MSP,"Minneapolis, MN",645,642,819,6,808,825,0,334
2000-01-05,1067,"Chicago, IL",MSP,"Minneapolis, MN",1744,1743,1922,4,1912,1926,0,334
2000-01-05,1107,"Chicago, IL",MSP,"Minneapolis, MN",1945,1945,2138,6,2103,2144,0,334
2000-01-05,1139,"Chicago, IL",MSP,"Minneapolis, MN",1845,"","","",2007,"",1,334
2000-01-05,1583,"Chicago, IL",MSP,"Minneapolis, MN",1245,1241,1413,4,1404,1417,0,334
2000-01-05,1889,"Chicago, IL",MSP,"Minneapolis, MN",2225,2225,2331,5,2341,2336,0,334
2000-01-05,1917,"Chicago, IL",MSP,"Minneapolis, MN",845,840,1001,3,1008,1004,0,334
2000-01-05,535,"Chicago, IL",OMA,"Omaha, NE",1210,1207,1338,3,1334,1341,0,416
2000-01-05,635,"Chicago, IL",OMA,"Omaha, NE",816,817,936,3,937,939,0,416
2000-01-05,775,"Chicago, IL",OMA,"Omaha, NE",1950,1951,2112,2,2117,2114,0,416
2000-01-05,1129,"Chicago, IL",OMA,"Omaha, NE",912,911,1028,3,1031,1031,0,416
2000-01-05,1499,"Chicago, IL",OMA,"Omaha, NE",1540,1537,1655,4,1700,1659,0,416
2000-01-05,1149,"Chicago, IL",ONT,"Ontario, CA",1914,1914,2159,3,2131,2202,0,1700
2000-01-05,1733,"Chicago, IL",ONT,"Ontario, CA",1155,1203,1434,3,1413,1437,0,1700
2000-01-05,1840,"Chicago, IL",PHL,"Philadelphia, PA",700,"","","",950,"",1,678
2000-01-05,1850,"Chicago, IL",PHL,"Philadelphia, PA",600,555,844,7,854,851,0,678
2000-01-05,1854,"Chicago, IL",PHL,"Philadelphia, PA",815,812,1102,5,1102,1107,0,678
2000-01-05,1856,"Chicago, IL",PHL,"Philadelphia, PA",900,"","","",1149,"",1,678
2000-01-05,1858,"Chicago, IL",PHL,"Philadelphia, PA",1000,955,1253,6,1249,1259,0,678
2000-01-05,1860,"Chicago, IL",PHL,"Philadelphia, PA",1100,1057,1333,6,1349,1339,0,678
2000-01-05,1862,"Chicago, IL",PHL,"Philadelphia, PA",1200,1156,1446,4,1449,1450,0,678
2000-01-05,1864,"Chicago, IL",PHL,"Philadelphia, PA",1310,1322,1605,6,1607,1611,0,678
2000-01-05,1866,"Chicago, IL",PHL,"Philadelphia, PA",1410,1407,1652,4,1706,1656,0,678
2000-01-05,1868,"Chicago, IL",PHL,"Philadelphia, PA",1600,1601,1849,5,1854,1854,0,678
2000-01-05,1872,"Chicago, IL",PHL,"Philadelphia, PA",1700,"","","",1958,"",1,678
2000-01-05,1874,"Chicago, IL",PHL,"Philadelphia, PA",1800,1855,2144,7,2050,2151,0,678
2000-01-05,1876,"Chicago, IL",PHL,"Philadelphia, PA",1900,"","","",2150,"",1,678
2000-01-05,1878,"Chicago, IL",PHL,"Philadelphia, PA",2050,2050,2332,4,2334,2336,0,678
2000-01-05,345,"Chicago, IL",PHX,"Phoenix, AZ",1144,1208,1509,7,1423,1516,0,1440
2000-01-05,423,"Chicago, IL",PHX,"Phoenix, AZ",1514,1530,1826,8,1757,1834,0,1440
2000-01-05,667,"Chicago, IL",PHX,"Phoenix, AZ",1935,1954,2235,3,2213,2238,0,1440
2000-01-05,1273,"Chicago, IL",PHX,"Phoenix, AZ",1805,1803,2036,6,2037,2042,0,1440
2000-01-05,1419,"Chicago, IL",PHX,"Phoenix, AZ",920,934,1223,8,1159,1231,0,1440
2000-01-05,1969,"Chicago, IL",PHX,"Phoenix, AZ",750,747,1024,3,1023,1027,0,1440
2000-01-05,546,"Chicago, IL",PVD,"Providence, RI",1714,1715,2014,3,2021,2017,0,849
2000-01-05,1276,"Chicago, IL",PVD,"Providence, RI",850,848,1142,3,1152,1145,0,849
2000-01-05,1734,"Chicago, IL",PVD,"Providence, RI",1308,1309,1614,4,1613,1618,0,849
2000-01-05,798,"Chicago, IL",PWM,"Portland, ME",2045,2056,1,2,2357,3,0,900
2000-01-05,1130,"Chicago, IL",PWM,"Portland, ME",1310,1313,1618,3,1619,1621,0,900
2000-01-05,1230,"Chicago, IL",PWM,"Portland, ME",740,757,1051,2,1043,1053,0,900
2000-01-05,586,"Chicago, IL",RDU,"Raleigh/Durham, NC",1330,1454,1735,4,1618,1739,0,647
2000-01-05,588,"Chicago, IL",RDU,"Raleigh/Durham, NC",2100,2136,20,4,2347,24,0,647
2000-01-05,1108,"Chicago, IL",RDU,"Raleigh/Durham, NC",1644,1645,1929,6,1931,1935,0,647
2000-01-05,1814,"Chicago, IL",RDU,"Raleigh/Durham, NC",625,659,938,2,912,940,0,647
2000-01-05,590,"Chicago, IL",SDF,"Louisville, KY",2115,2117,2326,4,2324,2330,0,286
2000-01-05,1650,"Chicago, IL",SDF,"Louisville, KY",1355,1351,1549,5,1602,1554,0,286
2000-01-05,271,"Chicago, IL",SJC,"San Jose, CA",920,921,1150,5,1152,1155,0,1830
2000-01-05,559,"Chicago, IL",SJC,"San Jose, CA",1535,1537,1802,5,1803,1807,0,1830
2000-01-05,661,"Chicago, IL",SJC,"San Jose, CA",1935,1935,2202,5,2209,2207,0,1830
2000-01-05,691,"Chicago, IL",SJC,"San Jose, CA",1205,1204,1436,4,1437,1440,0,1830
2000-01-05,324,"Chicago, IL",TPA,"Tampa, FL",1030,1029,1345,2,1352,1347,0,1012
2000-01-05,1070,"Chicago, IL",TPA,"Tampa, FL",1725,1726,2048,2,2050,2050,0,1012
2000-01-05,1090,"Chicago, IL",TPA,"Tampa, FL",1316,1332,1702,3,1641,1705,0,1012
2000-01-05,1676,"Chicago, IL",TPA,"Tampa, FL",739,740,1102,3,1110,1105,0,1012
2000-01-05,1930,"Chicago, IL",TPA,"Tampa, FL",2115,2203,136,2,45,138,0,1012
2000-01-05,1122,"Chicago, IL",ABE,"Allentown/Bethlehem/Easton, PA",1644,1752,2024,3,1928,2027,0,654
2000-01-05,1656,"Chicago, IL",ABE,"Allentown/Bethlehem/Easton, PA",1410,1427,1657,6,1656,1703,0,654
2000-01-05,373,"Chicago, IL",AUS,"Austin, TX",1914,1913,2146,4,2155,2150,0,978
2000-01-05,589,"Chicago, IL",AUS,"Austin, TX",922,919,1156,6,1202,1202,0,978
2000-01-05,394,"Chicago, IL",BDL,"Hartford, CT",1650,1652,1939,6,1950,1945,0,783
2000-01-05,398,"Chicago, IL",BDL,"Hartford, CT",910,906,1156,3,1204,1159,0,783
2000-01-05,1126,"Chicago, IL",BDL,"Hartford, CT",2050,2050,2349,5,2351,2354,0,783
2000-01-05,1228,"Chicago, IL",BDL,"Hartford, CT",1320,1328,1626,5,1621,1631,0,783
2000-01-05,1404,"Chicago, IL",BDL,"Hartford, CT",1035,1034,1328,4,1332,1332,0,783
2000-01-05,1522,"Chicago, IL",BDL,"Hartford, CT",605,557,845,3,902,848,0,783
2000-01-05,504,"Chicago, IL",BOS,"Boston, MA",744,744,1046,3,1053,1049,0,867
2000-01-05,506,"Chicago, IL",BOS,"Boston, MA",845,"","","",1154,"",1,867
2000-01-05,508,"Chicago, IL",BOS,"Boston, MA",945,944,1243,3,1254,1246,0,867
2000-01-05,512,"Chicago, IL",BOS,"Boston, MA",1144,1141,1442,4,1457,1446,0,867
2000-01-05,514,"Chicago, IL",BOS,"Boston, MA",1245,1241,1603,3,1554,1606,0,867
2000-01-05,516,"Chicago, IL",BOS,"Boston, MA",1644,1644,1945,7,1959,1952,0,867
2000-01-05,518,"Chicago, IL",BOS,"Boston, MA",1344,1341,1712,4,1707,1716,0,867
2000-01-05,522,"Chicago, IL",BOS,"Boston, MA",1544,1543,1900,5,1858,1905,0,867
2000-01-05,524,"Chicago, IL",BOS,"Boston, MA",1744,1746,2048,6,2059,2054,0,867
2000-01-05,526,"Chicago, IL",BOS,"Boston, MA",1845,1841,2143,5,2156,2148,0,867
2000-01-05,528,"Chicago, IL",BOS,"Boston, MA",1444,1442,1801,7,1759,1808,0,867
2000-01-05,884,"Chicago, IL",BOS,"Boston, MA",1044,1044,1400,5,1354,1405,0,867
2000-01-05,1018,"Chicago, IL",BOS,"Boston, MA",2045,2042,2349,3,2355,2352,0,867
2000-01-05,1602,"Chicago, IL",BOS,"Boston, MA",645,641,944,3,956,947,0,867
2000-01-05,138,"Chicago, IL",CMH,"Columbus, OH",1310,1310,1517,4,1516,1521,0,296
2000-01-05,601,"Chicago, IL",CMH,"Columbus, OH",805,803,1007,4,1010,1011,0,296
2000-01-05,1118,"Chicago, IL",CMH,"Columbus, OH",655,652,900,4,901,904,0,296
2000-01-05,1452,"Chicago, IL",CMH,"Columbus, OH",1105,1134,1326,3,1310,1329,0,296
2000-01-05,1518,"Chicago, IL",CMH,"Columbus, OH",1644,1658,1906,3,1854,1909,0,296
2000-01-05,1548,"Chicago, IL",CMH,"Columbus, OH",2115,2113,2320,5,2325,2325,0,296
2000-01-05,600,"Chicago, IL",DCA,"Washington, DC",630,625,903,3,911,906,0,612
2000-01-05,602,"Chicago, IL",DCA,"Washington, DC",730,731,1000,4,1010,1004,0,612
2000-01-05,604,"Chicago, IL",DCA,"Washington, DC",830,829,1100,8,1111,1108,0,612
2000-01-05,606,"Chicago, IL",DCA,"Washington, DC",930,927,1203,6,1209,1209,0,612
2000-01-05,608,"Chicago, IL",DCA,"Washington, DC",1030,1026,1255,2,1309,1257,0,612
2000-01-05,610,"Chicago, IL",DCA,"Washington, DC",1130,"","","",1403,"",1,612
2000-01-05,612,"Chicago, IL",DCA,"Washington, DC",1230,1227,1514,2,1506,1516,0,612
2000-01-05,614,"Chicago, IL",DCA,"Washington, DC",1314,1316,1556,2,1558,1558,0,612
2000-01-05,616,"Chicago, IL",DCA,"Washington, DC",1330,1328,1610,2,1617,1612,0,612
2000-01-05,618,"Chicago, IL",DCA,"Washington, DC",1430,1505,1741,2,1711,1743,0,612
2000-01-05,620,"Chicago, IL",DCA,"Washington, DC",1530,"","","",1810,"",1,612
2000-01-05,622,"Chicago, IL",DCA,"Washington, DC",1630,1632,1905,7,1908,1912,0,612
2000-01-05,624,"Chicago, IL",DCA,"Washington, DC",1700,1659,1938,3,1947,1941,0,612
2000-01-05,626,"Chicago, IL",DCA,"Washington, DC",1730,1730,2015,3,2016,2018,0,612
2000-01-05,628,"Chicago, IL",DCA,"Washington, DC",1830,1830,2103,2,2108,2105,0,612
2000-01-05,630,"Chicago, IL",DCA,"Washington, DC",1930,1929,2207,2,2208,2209,0,612
2000-01-05,632,"Chicago, IL",DCA,"Washington, DC",2045,2046,2322,3,2323,2325,0,612
2000-01-05,321,"Chicago, IL",DFW,"Dallas/Fort Worth, TX",945,943,1156,5,1208,1201,0,802
2000-01-05,495,"Chicago, IL",DFW,"Dallas/Fort Worth, TX",655,652,905,6,919,911,0,802
2000-01-05,685,"Chicago, IL",DFW,"Dallas/Fort Worth, TX",1405,1403,1621,8,1629,1629,0,802
2000-01-05,789,"Chicago, IL",DFW,"Dallas/Fort Worth, TX",1514,1513,1730,6,1738,1736,0,802
2000-01-05,1115,"Chicago, IL",DFW,"Dallas/Fort Worth, TX",830,842,1050,5,1051,1055,0,802
2000-01-05,1281,"Chicago, IL",DFW,"Dallas/Fort Worth, TX",1800,1814,2020,7,2015,2027,0,802
2000-01-05,1621,"Chicago, IL",DFW,"Dallas/Fort Worth, TX",1925,1931,2155,6,2147,2201,0,802
2000-01-05,1707,"Chicago, IL",DFW,"Dallas/Fort Worth, TX",1155,1202,1439,5,1421,1444,0,802
2000-01-05,634,"Chicago, IL",EWR,"Newark, NJ",630,"","","",927,"",1,719
2000-01-05,636,"Chicago, IL",EWR,"Newark, NJ",730,728,1009,7,1027,1016,0,719
2000-01-05,638,"Chicago, IL",EWR,"Newark, NJ",830,826,1111,7,1128,1118,0,719
2000-01-05,640,"Chicago, IL",EWR,"Newark, NJ",930,930,1217,6,1225,1223,0,719
2000-01-05,642,"Chicago, IL",EWR,"Newark, NJ",1030,1029,1316,11,1328,1327,0,719
2000-01-05,644,"Chicago, IL",EWR,"Newark, NJ",1130,"","","",1429,"",1,719
2000-01-05,646,"Chicago, IL",EWR,"Newark, NJ",1230,1230,1518,8,1533,1526,0,719
2000-01-05,648,"Chicago, IL",EWR,"Newark, NJ",1330,"","","",1644,"",1,719
2000-01-05,652,"Chicago, IL",EWR,"Newark, NJ",1430,1453,1737,6,1738,1743,0,719
2000-01-05,654,"Chicago, IL",EWR,"Newark, NJ",1530,"","","",1840,"",1,719
2000-01-05,656,"Chicago, IL",EWR,"Newark, NJ",1644,1644,1937,11,1947,1948,0,719
2000-01-05,658,"Chicago, IL",EWR,"Newark, NJ",1730,1729,2023,9,2033,2032,0,719
2000-01-05,660,"Chicago, IL",EWR,"Newark, NJ",1830,1834,2120,5,2126,2125,0,719
2000-01-05,664,"Chicago, IL",EWR,"Newark, NJ",2045,2053,2351,8,2343,2359,0,719
2000-01-05,561,"Chicago, IL",ICT,"Wichita, KS",1915,1947,2131,3,2104,2134,0,588
2000-01-05,649,"Chicago, IL",ICT,"Wichita, KS",1514,1519,1705,3,1700,1708,0,588
2000-01-05,795,"Chicago, IL",ICT,"Wichita, KS",915,913,1055,3,1104,1058,0,588
2000-01-05,292,"Chicago, IL",IND,"Indianapolis, IN",700,701,850,6,856,856,0,177
2000-01-05,314,"Chicago, IL",IND,"Indianapolis, IN",1655,1657,1845,7,1851,1852,0,177
2000-01-05,500,"Chicago, IL",IND,"Indianapolis, IN",1144,1145,1332,6,1341,1338,0,177
2000-01-05,1590,"Chicago, IL",IND,"Indianapolis, IN",1520,1524,1715,6,1716,1721,0,177
2000-01-05,1608,"Chicago, IL",IND,"Indianapolis, IN",1310,1316,1504,11,1505,1515,0,177
2000-01-05,1758,"Chicago, IL",IND,"Indianapolis, IN",2105,2105,2300,5,2303,2305,0,177
2000-01-05,1808,"Chicago, IL",IND,"Indianapolis, IN",2225,2227,13,6,20,19,0,177
2000-01-05,707,"Chicago, IL",LAS,"Las Vegas, NV",2230,2232,14,5,16,19,0,1515
2000-01-05,711,"Chicago, IL",LAS,"Las Vegas, NV",1935,1947,2123,5,2121,2128,0,1515
2000-01-05,715,"Chicago, IL",LAS,"Las Vegas, NV",1514,1519,1658,7,1656,1705,0,1515
2000-01-05,717,"Chicago, IL",LAS,"Las Vegas, NV",800,805,941,6,936,947,0,1515
2000-01-05,721,"Chicago, IL",LAS,"Las Vegas, NV",1150,1232,1418,5,1330,1423,0,1515
2000-01-05,101,"Chicago, IL",LAX,"Los Angeles, CA",800,802,1013,8,1021,1021,0,1745
2000-01-05,105,"Chicago, IL",LAX,"Los Angeles, CA",1530,1539,1741,5,1742,1746,0,1745
2000-01-05,107,"Chicago, IL",LAX,"Los Angeles, CA",1630,1634,1843,7,1849,1850,0,1745
2000-01-05,111,"Chicago, IL",LAX,"Los Angeles, CA",1245,1246,1510,10,1508,1520,0,1745
2000-01-05,115,"Chicago, IL",LAX,"Los Angeles, CA",930,945,1153,8,1148,1201,0,1745
2000-01-05,117,"Chicago, IL",LAX,"Los Angeles, CA",1155,1205,1430,3,1409,1433,0,1745
2000-01-05,119,"Chicago, IL",LAX,"Los Angeles, CA",1330,1327,1543,8,1550,1551,0,1745
2000-01-05,121,"Chicago, IL",LAX,"Los Angeles, CA",1430,"","","",1644,"",1,1745
2000-01-05,125,"Chicago, IL",LAX,"Los Angeles, CA",1210,1209,1432,8,1433,1440,0,1745
2000-01-05,127,"Chicago, IL",LAX,"Los Angeles, CA",2220,2218,32,7,40,39,0,1745
2000-01-05,129,"Chicago, IL",LAX,"Los Angeles, CA",2030,2030,2235,13,2250,2248,0,1745
2000-01-05,607,"Chicago, IL",LAX,"Los Angeles, CA",1040,1039,1255,8,1303,1303,0,1745
2000-01-05,762,"Chicago, IL",LAX,"Los Angeles, CA",700,701,908,8,917,916,0,1745
2000-01-05,815,"Chicago, IL",LAX,"Los Angeles, CA",1755,1759,2016,13,2012,2029,0,1745
2000-01-05,841,"Chicago, IL",LAX,"Los Angeles, CA",1925,1931,2142,7,2145,2149,0,1745
2000-01-05,953,"Chicago, IL",LAX,"Los Angeles, CA",2000,1956,2213,6,2218,2219,0,1745
2000-01-05,393,"Chicago, IL",MCI,"Kansas City, MO",914,926,1042,4,1034,1046,0,403
2000-01-05,455,"Chicago, IL",MCI,"Kansas City, MO",1144,1149,1312,5,1305,1317,0,403
2000-01-05,1147,"Chicago, IL",MCI,"Kansas City, MO",804,856,1015,3,926,1018,0,403
2000-01-05,1597,"Chicago, IL",MCI,"Kansas City, MO",1530,1551,1657,3,1651,1700,0,403
2000-01-05,1747,"Chicago, IL",MCI,"Kansas City, MO",1944,1941,2126,3,2111,2129,0,403
2000-01-05,1895,"Chicago, IL",MCI,"Kansas City, MO",1814,1811,1931,3,1941,1934,0,403
2000-01-05,421,"Chicago, IL",MEM,"Memphis, TN",1510,1522,1650,4,1644,1654,0,491
2000-01-05,1151,"Chicago, IL",MEM,"Memphis, TN",920,918,1048,4,1054,1052,0,491
2000-01-05,1795,"Chicago, IL",MEM,"Memphis, TN",1914,1916,2047,5,2049,2052,0,491
2000-01-05,379,"Chicago, IL",OAK,"Oakland, CA",1535,1536,1753,7,1802,1800,0,1836
2000-01-05,469,"Chicago, IL",OAK,"Oakland, CA",1944,1952,2218,6,2223,2224,0,1836
2000-01-05,1455,"Chicago, IL",OAK,"Oakland, CA",928,925,1157,4,1206,1201,0,1836
2000-01-05,556,"Chicago, IL",PIT,"Pittsburgh, PA",739,737,946,6,957,952,0,412
2000-01-05,576,"Chicago, IL",PIT,"Pittsburgh, PA",1040,1041,1258,6,1255,1304,0,412
2000-01-05,582,"Chicago, IL",PIT,"Pittsburgh, PA",1308,1306,1514,5,1528,1519,0,412
2000-01-05,734,"Chicago, IL",PIT,"Pittsburgh, PA",1444,1450,1706,7,1704,1713,0,412
2000-01-05,760,"Chicago, IL",PIT,"Pittsburgh, PA",2055,2055,2303,7,2314,2310,0,412
2000-01-05,1204,"Chicago, IL",PIT,"Pittsburgh, PA",1644,1645,1856,6,1908,1902,0,412
2000-01-05,1174,"Chicago, IL",RSW,"Fort Myers, FL",1455,1503,1836,3,1836,1839,0,1120
2000-01-05,1206,"Chicago, IL",RSW,"Fort Myers, FL",739,744,1118,3,1120,1121,0,1120
2000-01-05,315,"Chicago, IL",SAN,"San Diego, CA",815,814,1046,3,1024,1049,0,1723
2000-01-05,477,"Chicago, IL",SAN,"San Diego, CA",1144,1149,1402,4,1354,1406,0,1723
2000-01-05,741,"Chicago, IL",SAN,"San Diego, CA",937,933,1148,4,1148,1152,0,1723
2000-01-05,929,"Chicago, IL",SAN,"San Diego, CA",1514,1518,1732,2,1727,1734,0,1723
2000-01-05,1121,"Chicago, IL",SAN,"San Diego, CA",1755,1755,2002,3,2009,2005,0,1723
2000-01-05,1277,"Chicago, IL",SAN,"San Diego, CA",1940,1939,2152,3,2155,2155,0,1723
2000-01-05,333,"Chicago, IL",SEA,"Seattle, WA",925,928,1145,5,1146,1150,0,1721
2000-01-05,337,"Chicago, IL",SEA,"Seattle, WA",1914,1914,2137,4,2142,2141,0,1721
2000-01-05,383,"Chicago, IL",SEA,"Seattle, WA",1750,1751,2016,5,2019,2021,0,1721
2000-01-05,537,"Chicago, IL",SEA,"Seattle, WA",2225,2224,36,4,44,40,0,1721
2000-01-05,939,"Chicago, IL",SEA,"Seattle, WA",1144,1150,1407,5,1405,1412,0,1721
2000-01-05,943,"Chicago, IL",SEA,"Seattle, WA",1530,1531,1734,5,1746,1739,0,1721
2000-01-05,1748,"Chicago, IL",SJU,"San Juan, PR",739,736,1406,4,1405,1410,0,2072
2000-01-05,1671,"Chicago, IL",STL,"St. Louis, MO",1520,1518,1630,6,1629,1636,0,258
2000-01-05,356,"Chicago, IL",SYR,"Syracuse, NY",1320,1316,1600,4,1604,1604,0,607
2000-01-05,1498,"Chicago, IL",SYR,"Syracuse, NY",1730,1740,2015,5,2010,2020,0,607
2000-01-05,1620,"Chicago, IL",SYR,"Syracuse, NY",630,626,907,3,904,910,0,607
2000-01-05,568,"Chicago, IL",BTV,"Burlington, VT",1810,1819,2101,2,2059,2103,0,763
2000-01-05,1076,"Chicago, IL",BTV,"Burlington, VT",1325,1325,1620,3,1624,1623,0,763
2000-01-05,380,"Chicago, IL",BUF,"Buffalo, NY",1644,1643,1855,5,1907,1900,0,473
2000-01-05,786,"Chicago, IL",BUF,"Buffalo, NY",738,745,1005,3,957,1008,0,473
2000-01-05,790,"Chicago, IL",BUF,"Buffalo, NY",2100,2102,2318,3,2323,2321,0,473
2000-01-05,1576,"Chicago, IL",BUF,"Buffalo, NY",1450,1454,1710,3,1715,1713,0,473
2000-01-05,1881,"Chicago, IL",BUF,"Buffalo, NY",1105,1236,1505,2,1322,1507,0,473
2000-01-05,240,"Chicago, IL",CLE,"Cleveland, OH",1050,1047,1249,4,1259,1253,0,316
2000-01-05,348,"Chicago, IL",CLE,"Cleveland, OH",1714,1724,1936,8,1931,1944,0,316
2000-01-05,520,"Chicago, IL",CLE,"Cleveland, OH",625,623,841,5,842,846,0,316
2000-01-05,1184,"Chicago, IL",CLE,"Cleveland, OH",1310,1308,1512,5,1527,1517,0,316
2000-01-05,1588,"Chicago, IL",CLE,"Cleveland, OH",2115,2111,2317,5,2328,2322,0,316
2000-01-05,1922,"Chicago, IL",CLE,"Cleveland, OH",744,821,1019,5,951,1024,0,316
2000-01-05,699,"Chicago, IL",DSM,"Des Moines, IA",815,828,930,3,924,933,0,299
2000-01-05,773,"Chicago, IL",DSM,"Des Moines, IA",1514,1526,1624,3,1623,1627,0,299
2000-01-05,785,"Chicago, IL",DSM,"Des Moines, IA",2230,2228,2334,5,2338,2339,0,299
2000-01-05,1101,"Chicago, IL",DSM,"Des Moines, IA",1930,1929,2039,4,2042,2043,0,299
2000-01-05,1437,"Chicago, IL",DSM,"Des Moines, IA",1210,1209,1332,2,1318,1334,0,299
2000-01-05,1757,"Chicago, IL",DSM,"Des Moines, IA",920,921,1026,2,1033,1028,0,299
2000-01-05,43,"Chicago, IL",HNL,"Honolulu, HI",1000,1004,1448,4,1507,1452,0,4244
2000-01-05,780,"Chicago, IL",HPN,"White Plains, NY",1727,1840,2126,2,2029,2128,0,738
2000-01-05,1200,"Chicago, IL",HPN,"White Plains, NY",1330,1328,1631,3,1635,1634,0,738
2000-01-05,1484,"Chicago, IL",HPN,"White Plains, NY",2045,2044,2339,4,2340,2343,0,738
2000-01-05,1486,"Chicago, IL",HPN,"White Plains, NY",705,729,1019,3,1000,1022,0,738
2000-01-05,1488,"Chicago, IL",HPN,"White Plains, NY",1135,1131,1418,3,1429,1421,0,738
2000-01-05,1686,"Chicago, IL",HPN,"White Plains, NY",1614,1611,1901,2,1910,1903,0,738
2000-01-05,474,"Chicago, IL",IAD,"Washington, DC",1320,1322,1614,6,1612,1620,0,589
2000-01-05,492,"Chicago, IL",IAD,"Washington, DC",1030,1030,1309,6,1312,1315,0,589
2000-01-05,538,"Chicago, IL",IAD,"Washington, DC",805,"","","",1048,"",1,589
2000-01-05,718,"Chicago, IL",IAD,"Washington, DC",1810,1825,2058,6,2100,2104,0,589
2000-01-05,766,"Chicago, IL",IAD,"Washington, DC",945,950,1217,5,1229,1222,0,589
2000-01-05,882,"Chicago, IL",IAD,"Washington, DC",1714,1718,2000,7,1958,2007,0,589
2000-01-05,1242,"Chicago, IL",IAD,"Washington, DC",600,558,832,6,842,838,0,589
2000-01-05,1246,"Chicago, IL",IAD,"Washington, DC",1450,"","","",1746,"",1,589
2000-01-05,1638,"Chicago, IL",IAD,"Washington, DC",2055,2116,2352,7,2340,2359,0,589
2000-01-05,501,"Chicago, IL",JAX,"Jacksonville, FL",820,817,1124,3,1132,1127,0,865
2000-01-05,631,"Chicago, IL",JAX,"Jacksonville, FL",2045,2043,2350,6,2359,2356,0,865
2000-01-05,686,"Chicago, IL",LGA,"New York, NY",1200,1157,1445,4,1452,1449,0,733
2000-01-05,690,"Chicago, IL",LGA,"New York, NY",1000,956,1242,3,1250,1245,0,733
2000-01-05,692,"Chicago, IL",LGA,"New York, NY",900,"","","",1155,"",1,733
2000-01-05,694,"Chicago, IL",LGA,"New York, NY",800,758,1107,3,1100,1110,0,733
2000-01-05,696,"Chicago, IL",LGA,"New York, NY",700,659,954,3,954,957,0,733
2000-01-05,698,"Chicago, IL",LGA,"New York, NY",600,605,858,2,856,900,0,733
2000-01-05,896,"Chicago, IL",LGA,"New York, NY",0,1058,1343,4,0,1347,0,733
2000-01-05,1547,"Chicago, IL",LNK,"Lincoln, NE",1950,1947,2128,2,2115,2130,0,466
2000-01-05,1815,"Chicago, IL",LNK,"Lincoln, NE",912,908,1027,2,1037,1029,0,466
2000-01-05,521,"Chicago, IL",MBS,"Saginaw/Bay City/Midland, MI",1703,1658,1846,6,1900,1852,0,222
2000-01-05,1760,"Chicago, IL",MBS,"Saginaw/Bay City/Midland, MI",1310,1310,1505,3,1507,1508,0,222
2000-01-05,1851,"Chicago, IL",MBS,"Saginaw/Bay City/Midland, MI",815,816,1011,4,1012,1015,0,222
2000-01-05,1902,"Chicago, IL",MBS,"Saginaw/Bay City/Midland, MI",2115,2111,2307,2,2313,2309,0,222
2000-01-05,562,"Chicago, IL",MHT,"Manchester, NH",2057,2054,1,4,2359,5,0,843
2000-01-05,1024,"Chicago, IL",MHT,"Manchester, NH",1309,1311,1601,4,1614,1605,0,843
2000-01-05,1048,"Chicago, IL",MHT,"Manchester, NH",1644,1644,1944,5,1949,1949,0,843
2000-01-05,330,"Chicago, IL",ORF,"Norfolk, VA",1314,1312,1616,4,1612,1620,0,717
2000-01-05,532,"Chicago, IL",ORF,"Norfolk, VA",1714,1714,2005,3,2009,2008,0,717
2000-01-05,1198,"Chicago, IL",ORF,"Norfolk, VA",825,823,1112,4,1121,1116,0,717
2000-01-05,142,"Chicago, IL",PBI,"West Palm Beach/Palm Beach, FL",1950,1954,2328,3,2329,2331,0,1144
2000-01-05,639,"Chicago, IL",PBI,"West Palm Beach/Palm Beach, FL",1030,1033,1405,3,1409,1408,0,1144
2000-01-05,282,"Chicago, IL",RIC,"Richmond, VA",625,622,904,6,912,910,0,642
2000-01-05,1606,"Chicago, IL",RIC,"Richmond, VA",1314,1314,1602,3,1603,1605,0,642
2000-01-05,1824,"Chicago, IL",RIC,"Richmond, VA",1720,1720,2001,5,2009,2006,0,642
2000-01-05,386,"Chicago, IL",ROC,"Rochester, NY",2125,2123,2344,4,2359,2348,0,528
2000-01-05,438,"Chicago, IL",ROC,"Rochester, NY",1705,1708,1928,3,1939,1931,0,528
2000-01-05,550,"Chicago, IL",ROC,"Rochester, NY",1040,1042,1300,4,1309,1304,0,528
2000-01-05,1456,"Chicago, IL",ROC,"Rochester, NY",1440,1442,1655,4,1711,1659,0,528
2000-01-05,1894,"Chicago, IL",ROC,"Rochester, NY",700,709,934,4,927,938,0,528
2000-01-05,381,"Chicago, IL",SMF,"Sacramento, CA",915,1012,1235,5,1147,1240,0,1781
2000-01-05,483,"Chicago, IL",SMF,"Sacramento, CA",1914,1915,2145,4,2145,2149,0,1781
2000-01-05,621,"Chicago, IL",SMF,"Sacramento, CA",1545,1542,1808,5,1814,1813,0,1781
2000-01-05,1405,"Chicago, IL",SMF,"Sacramento, CA",1144,1145,1405,4,1408,1409,0,1781
2000-01-05,303,"Chicago, IL",SNA,"Santa Ana, CA",1525,1525,1735,5,1737,1740,0,1726
2000-01-05,365,"Chicago, IL",SNA,"Santa Ana, CA",1144,1144,1353,4,1357,1357,0,1726
2000-01-05,473,"Chicago, IL",SNA,"Santa Ana, CA",1945,1944,2153,18,2200,2211,0,1726
2000-01-05,1075,"Chicago, IL",SNA,"Santa Ana, CA",1744,1746,2008,4,1959,2012,0,1726
2000-01-05,1543,"Chicago, IL",SNA,"Santa Ana, CA",914,915,1127,13,1127,1140,0,1726
2000-01-05,285,"Chicago, IL",STL,"St. Louis, MO",739,738,833,4,849,837,0,258
2000-01-05,609,"Chicago, IL",STL,"St. Louis, MO",1144,1151,1244,2,1253,1246,0,258
2000-01-05,779,"Chicago, IL",STL,"St. Louis, MO",1925,1924,2046,10,2036,2056,0,258
2000-01-06,568,"Chicago, IL",BTV,"Burlington, VT",1810,1809,2056,2,2059,2058,0,763
2000-01-06,1076,"Chicago, IL",BTV,"Burlington, VT",1325,1326,1609,3,1624,1612,0,763
2000-01-06,380,"Chicago, IL",BUF,"Buffalo, NY",1644,1642,1854,2,1907,1856,0,473
2000-01-06,786,"Chicago, IL",BUF,"Buffalo, NY",738,737,947,2,957,949,0,473
2000-01-06,790,"Chicago, IL",BUF,"Buffalo, NY",2100,2055,2308,3,2323,2311,0,473
2000-01-06,1576,"Chicago, IL",BUF,"Buffalo, NY",1450,1451,1715,3,1715,1718,0,473
2000-01-06,1881,"Chicago, IL",BUF,"Buffalo, NY",1105,1106,1317,2,1322,1319,0,473
2000-01-06,240,"Chicago, IL",CLE,"Cleveland, OH",1050,1047,1245,4,1259,1249,0,316
2000-01-06,348,"Chicago, IL",CLE,"Cleveland, OH",1714,1711,1925,5,1933,1930,0,316
2000-01-06,520,"Chicago, IL",CLE,"Cleveland, OH",625,709,902,3,842,905,0,316
2000-01-06,1184,"Chicago, IL",CLE,"Cleveland, OH",1310,1331,1545,5,1527,1550,0,316
2000-01-06,1588,"Chicago, IL",CLE,"Cleveland, OH",2115,2116,2316,5,2328,2321,0,316
2000-01-06,1922,"Chicago, IL",CLE,"Cleveland, OH",744,741,940,6,951,946,0,316
2000-01-06,699,"Chicago, IL",DSM,"Des Moines, IA",815,811,920,4,924,924,0,299
2000-01-06,773,"Chicago, IL",DSM,"Des Moines, IA",1514,1521,1639,4,1623,1643,0,299
2000-01-06,785,"Chicago, IL",DSM,"Des Moines, IA",2230,2226,2331,4,2338,2335,0,299
2000-01-06,1101,"Chicago, IL",DSM,"Des Moines, IA",1930,1929,2039,5,2042,2044,0,299
2000-01-06,1437,"Chicago, IL",DSM,"Des Moines, IA",1210,1208,1315,3,1318,1318,0,299
2000-01-06,1757,"Chicago, IL",DSM,"Des Moines, IA",920,938,1051,3,1033,1054,0,299
2000-01-06,43,"Chicago, IL",HNL,"Honolulu, HI",1000,958,1418,3,1507,1421,0,4244
2000-01-06,780,"Chicago, IL",HPN,"White Plains, NY",1727,1726,2023,4,2029,2027,0,738
2000-01-06,1200,"Chicago, IL",HPN,"White Plains, NY",1330,1328,1616,10,1635,1626,0,738
2000-01-06,1484,"Chicago, IL",HPN,"White Plains, NY",2045,2043,2337,5,2340,2342,0,738
2000-01-06,1486,"Chicago, IL",HPN,"White Plains, NY",705,700,947,7,1000,954,0,738
2000-01-06,1488,"Chicago, IL",HPN,"White Plains, NY",1135,1131,1413,4,1429,1417,0,738
2000-01-06,1686,"Chicago, IL",HPN,"White Plains, NY",1614,1612,1854,3,1910,1857,0,738
2000-01-06,474,"Chicago, IL",IAD,"Washington, DC",1320,1354,1616,5,1612,1621,0,589
2000-01-06,492,"Chicago, IL",IAD,"Washington, DC",1030,1030,1304,5,1312,1309,0,589
2000-01-06,538,"Chicago, IL",IAD,"Washington, DC",805,802,1036,8,1048,1044,0,589
2000-01-06,718,"Chicago, IL",IAD,"Washington, DC",1810,1808,2047,10,2100,2057,0,589
2000-01-06,766,"Chicago, IL",IAD,"Washington, DC",945,942,1210,6,1229,1216,0,589
2000-01-06,882,"Chicago, IL",IAD,"Washington, DC",1714,1713,1953,6,1958,1959,0,589
2000-01-06,1242,"Chicago, IL",IAD,"Washington, DC",600,557,824,6,842,830,0,589
2000-01-06,1246,"Chicago, IL",IAD,"Washington, DC",1450,1450,1732,8,1746,1740,0,589
2000-01-06,1638,"Chicago, IL",IAD,"Washington, DC",2055,2055,2324,6,2340,2330,0,589
2000-01-06,501,"Chicago, IL",JAX,"Jacksonville, FL",820,817,1121,5,1132,1126,0,865
2000-01-06,631,"Chicago, IL",JAX,"Jacksonville, FL",2045,2041,2354,7,2359,1,0,865
2000-01-06,686,"Chicago, IL",LGA,"New York, NY",1200,1200,1449,4,1452,1453,0,733
2000-01-06,690,"Chicago, IL",LGA,"New York, NY",1000,959,1245,4,1250,1249,0,733
2000-01-06,692,"Chicago, IL",LGA,"New York, NY",900,919,1159,4,1155,1203,0,733
2000-01-06,694,"Chicago, IL",LGA,"New York, NY",800,800,1048,2,1100,1050,0,733
2000-01-06,696,"Chicago, IL",LGA,"New York, NY",700,658,942,8,954,950,0,733
2000-01-06,698,"Chicago, IL",LGA,"New York, NY",600,557,840,2,855,842,0,733
2000-01-06,896,"Chicago, IL",LGA,"New York, NY",0,1057,1343,3,0,1346,0,733
2000-01-06,1547,"Chicago, IL",LNK,"Lincoln, NE",1950,1953,2134,4,2115,2138,0,466
2000-01-06,1815,"Chicago, IL",LNK,"Lincoln, NE",912,926,1058,2,1037,1100,0,466
2000-01-06,521,"Chicago, IL",MBS,"Saginaw/Bay City/Midland, MI",1703,1700,1853,3,1900,1856,0,222
2000-01-06,1760,"Chicago, IL",MBS,"Saginaw/Bay City/Midland, MI",1310,1311,1504,2,1507,1506,0,222
2000-01-06,1851,"Chicago, IL",MBS,"Saginaw/Bay City/Midland, MI",815,814,1009,2,1012,1011,0,222
2000-01-06,1902,"Chicago, IL",MBS,"Saginaw/Bay City/Midland, MI",2115,2107,2311,3,2313,2314,0,222
2000-01-06,562,"Chicago, IL",MHT,"Manchester, NH",2057,2055,2358,3,2359,1,0,843
2000-01-06,1024,"Chicago, IL",MHT,"Manchester, NH",1309,1308,1552,2,1614,1554,0,843
2000-01-06,1048,"Chicago, IL",MHT,"Manchester, NH",1644,1647,1942,2,1949,1944,0,843
2000-01-06,330,"Chicago, IL",ORF,"Norfolk, VA",1314,1311,1602,5,1612,1607,0,717
2000-01-06,532,"Chicago, IL",ORF,"Norfolk, VA",1714,1723,2018,3,2009,2021,0,717
2000-01-06,1198,"Chicago, IL",ORF,"Norfolk, VA",825,832,1132,4,1121,1136,0,717
2000-01-06,142,"Chicago, IL",PBI,"West Palm Beach/Palm Beach, FL",1950,1951,2335,3,2329,2338,0,1144
2000-01-06,639,"Chicago, IL",PBI,"West Palm Beach/Palm Beach, FL",1030,1053,1422,4,1409,1426,0,1144
2000-01-06,282,"Chicago, IL",RIC,"Richmond, VA",625,621,905,4,912,909,0,642
2000-01-06,1606,"Chicago, IL",RIC,"Richmond, VA",1314,1313,1551,2,1603,1553,0,642
2000-01-06,1824,"Chicago, IL",RIC,"Richmond, VA",1720,1720,2012,3,2009,2015,0,642
2000-01-06,386,"Chicago, IL",ROC,"Rochester, NY",2125,2126,2345,4,2359,2349,0,528
2000-01-06,438,"Chicago, IL",ROC,"Rochester, NY",1705,1706,1927,8,1939,1935,0,528
2000-01-06,550,"Chicago, IL",ROC,"Rochester, NY",1040,1040,1257,6,1309,1303,0,528
2000-01-06,1194,"Chicago, IL",ROC,"Rochester, NY",700,656,921,7,930,928,0,528
2000-01-06,1456,"Chicago, IL",ROC,"Rochester, NY",1440,1445,1706,7,1711,1713,0,528
2000-01-06,381,"Chicago, IL",SMF,"Sacramento, CA",915,916,1154,4,1147,1158,0,1781
2000-01-06,483,"Chicago, IL",SMF,"Sacramento, CA",1914,1918,2143,5,2145,2148,0,1781
2000-01-06,621,"Chicago, IL",SMF,"Sacramento, CA",1545,1545,1811,3,1814,1814,0,1781
2000-01-06,1405,"Chicago, IL",SMF,"Sacramento, CA",1144,1147,1353,3,1408,1356,0,1781
2000-01-06,303,"Chicago, IL",SNA,"Santa Ana, CA",1525,1535,1742,4,1737,1746,0,1726
2000-01-06,365,"Chicago, IL",SNA,"Santa Ana, CA",1144,1152,1351,4,1357,1355,0,1726
2000-01-06,473,"Chicago, IL",SNA,"Santa Ana, CA",1945,1944,2153,14,2200,2207,0,1726
2000-01-06,1075,"Chicago, IL",SNA,"Santa Ana, CA",1744,1752,1957,5,1959,2002,0,1726
2000-01-06,1543,"Chicago, IL",SNA,"Santa Ana, CA",914,912,1119,15,1127,1134,0,1726
2000-01-06,285,"Chicago, IL",STL,"St. Louis, MO",739,736,837,3,849,840,0,258
2000-01-06,609,"Chicago, IL",STL,"St. Louis, MO",1144,1144,1244,3,1253,1247,0,258
2000-01-06,779,"Chicago, IL",STL,"St. Louis, MO",1925,1925,2040,10,2036,2050,0,258
2000-01-06,1122,"Chicago, IL",ABE,"Allentown/Bethlehem/Easton, PA",1650,1648,1923,4,1934,1927,0,654
2000-01-06,1656,"Chicago, IL",ABE,"Allentown/Bethlehem/Easton, PA",1410,1409,1647,4,1656,1651,0,654
2000-01-06,373,"Chicago, IL",AUS,"Austin, TX",1914,1915,2211,4,2155,2215,0,978
2000-01-06,589,"Chicago, IL",AUS,"Austin, TX",922,921,1200,3,1202,1203,0,978
2000-01-06,394,"Chicago, IL",BDL,"Hartford, CT",1650,1646,1932,5,1950,1937,0,783
2000-01-06,398,"Chicago, IL",BDL,"Hartford, CT",910,907,1156,5,1204,1201,0,783
2000-01-06,1126,"Chicago, IL",BDL,"Hartford, CT",2050,2048,2337,5,2351,2342,0,783
2000-01-06,1228,"Chicago, IL",BDL,"Hartford, CT",1320,1319,1608,3,1621,1611,0,783
2000-01-06,1404,"Chicago, IL",BDL,"Hartford, CT",1035,1031,1312,2,1332,1314,0,783
2000-01-06,1522,"Chicago, IL",BDL,"Hartford, CT",600,558,853,6,856,859,0,783
2000-01-06,502,"Chicago, IL",BOS,"Boston, MA",645,642,939,4,956,943,0,867
2000-01-06,504,"Chicago, IL",BOS,"Boston, MA",744,738,1027,5,1053,1032,0,867
2000-01-06,506,"Chicago, IL",BOS,"Boston, MA",845,841,1142,6,1154,1148,0,867
2000-01-06,508,"Chicago, IL",BOS,"Boston, MA",945,942,1238,6,1254,1244,0,867
2000-01-06,512,"Chicago, IL",BOS,"Boston, MA",1144,1143,1442,7,1457,1449,0,867
2000-01-06,514,"Chicago, IL",BOS,"Boston, MA",1245,1255,1542,5,1554,1547,0,867
2000-01-06,516,"Chicago, IL",BOS,"Boston, MA",1644,1640,1937,18,1959,1955,0,867
2000-01-06,518,"Chicago, IL",BOS,"Boston, MA",1344,1354,1642,7,1707,1649,0,867
2000-01-06,522,"Chicago, IL",BOS,"Boston, MA",1544,1543,1844,6,1858,1850,0,867
2000-01-06,524,"Chicago, IL",BOS,"Boston, MA",1744,1745,2053,7,2059,2100,0,867
2000-01-06,526,"Chicago, IL",BOS,"Boston, MA",1845,1844,2142,11,2156,2153,0,867
2000-01-06,528,"Chicago, IL",BOS,"Boston, MA",1444,1445,1755,7,1759,1802,0,867
2000-01-06,884,"Chicago, IL",BOS,"Boston, MA",1044,1047,1346,9,1355,1355,0,867
2000-01-06,1018,"Chicago, IL",BOS,"Boston, MA",2045,2043,2338,6,2355,2344,0,867
2000-01-06,138,"Chicago, IL",CMH,"Columbus, OH",1310,1304,1511,5,1516,1516,0,296
2000-01-06,601,"Chicago, IL",CMH,"Columbus, OH",805,808,1010,3,1010,1013,0,296
2000-01-06,1118,"Chicago, IL",CMH,"Columbus, OH",655,653,853,4,901,857,0,296
2000-01-06,1452,"Chicago, IL",CMH,"Columbus, OH",1105,1101,1259,4,1310,1303,0,296
2000-01-06,1518,"Chicago, IL",CMH,"Columbus, OH",1644,1644,1849,6,1854,1855,0,296
2000-01-06,1548,"Chicago, IL",CMH,"Columbus, OH",2115,2115,2330,5,2325,2335,0,296
2000-01-06,600,"Chicago, IL",DCA,"Washington, DC",630,627,856,3,907,859,0,612
2000-01-06,602,"Chicago, IL",DCA,"Washington, DC",730,728,958,33,1010,1031,0,612
2000-01-06,604,"Chicago, IL",DCA,"Washington, DC",830,828,1135,9,1111,1144,0,612
2000-01-06,606,"Chicago, IL",DCA,"Washington, DC",930,927,1208,3,1209,1211,0,612
2000-01-06,608,"Chicago, IL",DCA,"Washington, DC",1030,1029,1257,3,1309,1300,0,612
2000-01-06,610,"Chicago, IL",DCA,"Washington, DC",1130,"","","",1403,"",1,612
2000-01-06,612,"Chicago, IL",DCA,"Washington, DC",1230,1227,1450,3,1506,1453,0,612
2000-01-06,614,"Chicago, IL",DCA,"Washington, DC",1314,1313,1610,4,1558,1614,0,612
2000-01-06,616,"Chicago, IL",DCA,"Washington, DC",1330,"","","",1617,"",1,612
2000-01-06,618,"Chicago, IL",DCA,"Washington, DC",1430,1427,1657,2,1711,1659,0,612
2000-01-06,620,"Chicago, IL",DCA,"Washington, DC",1530,1541,1817,3,1810,1820,0,612
2000-01-06,622,"Chicago, IL",DCA,"Washington, DC",1630,1630,1856,7,1908,1903,0,612
2000-01-06,624,"Chicago, IL",DCA,"Washington, DC",1700,1700,1931,4,1947,1935,0,612
2000-01-06,626,"Chicago, IL",DCA,"Washington, DC",1730,1738,2013,6,2016,2019,0,612
2000-01-06,628,"Chicago, IL",DCA,"Washington, DC",1830,1827,2053,4,2108,2057,0,612
2000-01-06,630,"Chicago, IL",DCA,"Washington, DC",1930,"","","",2208,"",1,612
2000-01-06,632,"Chicago, IL",DCA,"Washington, DC",2045,2049,2317,4,2323,2321,0,612
2000-01-06,321,"Chicago, IL",DFW,"Dallas/Fort Worth, TX",945,946,1208,5,1208,1213,0,802
2000-01-06,495,"Chicago, IL",DFW,"Dallas/Fort Worth, TX",655,653,909,7,916,916,0,802
2000-01-06,685,"Chicago, IL",DFW,"Dallas/Fort Worth, TX",1405,1422,1643,5,1629,1648,0,802
2000-01-06,789,"Chicago, IL",DFW,"Dallas/Fort Worth, TX",1514,1514,1807,5,1738,1812,0,802
2000-01-06,1115,"Chicago, IL",DFW,"Dallas/Fort Worth, TX",830,832,1053,5,1051,1058,0,802
2000-01-06,1281,"Chicago, IL",DFW,"Dallas/Fort Worth, TX",1800,1759,2013,7,2015,2020,0,802
2000-01-06,1621,"Chicago, IL",DFW,"Dallas/Fort Worth, TX",1925,1959,2243,6,2147,2249,0,802
2000-01-06,1707,"Chicago, IL",DFW,"Dallas/Fort Worth, TX",1155,1154,1429,9,1421,1438,0,802
2000-01-06,634,"Chicago, IL",EWR,"Newark, NJ",630,643,927,10,928,937,0,719
2000-01-06,636,"Chicago, IL",EWR,"Newark, NJ",730,728,1004,6,1027,1010,0,719
2000-01-06,638,"Chicago, IL",EWR,"Newark, NJ",830,827,1107,5,1128,1112,0,719
2000-01-06,640,"Chicago, IL",EWR,"Newark, NJ",930,"","","",1225,"",1,719
2000-01-06,642,"Chicago, IL",EWR,"Newark, NJ",1030,1030,1306,6,1328,1312,0,719
2000-01-06,644,"Chicago, IL",EWR,"Newark, NJ",1130,1128,1414,6,1429,1420,0,719
2000-01-06,646,"Chicago, IL",EWR,"Newark, NJ",1230,1228,1514,6,1533,1520,0,719
2000-01-06,648,"Chicago, IL",EWR,"Newark, NJ",1330,"","","",1644,"",1,719
2000-01-06,652,"Chicago, IL",EWR,"Newark, NJ",1430,1429,1720,7,1738,1727,0,719
2000-01-06,654,"Chicago, IL",EWR,"Newark, NJ",1530,1527,1829,7,1840,1836,0,719
2000-01-06,656,"Chicago, IL",EWR,"Newark, NJ",1644,1644,1938,7,1947,1945,0,719
2000-01-06,658,"Chicago, IL",EWR,"Newark, NJ",1730,1731,2026,7,2033,2033,0,719
2000-01-06,660,"Chicago, IL",EWR,"Newark, NJ",1830,1829,2101,6,2126,2107,0,719
2000-01-06,664,"Chicago, IL",EWR,"Newark, NJ",2045,2043,2326,5,2343,2331,0,719
2000-01-06,561,"Chicago, IL",ICT,"Wichita, KS",1915,2047,2231,6,2104,2237,0,588
2000-01-06,649,"Chicago, IL",ICT,"Wichita, KS",1514,1511,1716,4,1700,1720,0,588
2000-01-06,795,"Chicago, IL",ICT,"Wichita, KS",915,912,1103,2,1104,1105,0,588
2000-01-06,292,"Chicago, IL",IND,"Indianapolis, IN",700,659,848,7,856,855,0,177
2000-01-06,314,"Chicago, IL",IND,"Indianapolis, IN",1655,1653,1840,8,1851,1848,0,177
2000-01-06,500,"Chicago, IL",IND,"Indianapolis, IN",1144,1139,1320,6,1341,1326,0,177
2000-01-06,1590,"Chicago, IL",IND,"Indianapolis, IN",1520,1521,1711,7,1716,1718,0,177
2000-01-06,1608,"Chicago, IL",IND,"Indianapolis, IN",1310,1305,1447,8,1505,1455,0,177
2000-01-06,1758,"Chicago, IL",IND,"Indianapolis, IN",2105,2102,2301,10,2303,2311,0,177
2000-01-06,1808,"Chicago, IL",IND,"Indianapolis, IN",2225,2221,10,7,20,17,0,177
2000-01-06,707,"Chicago, IL",LAS,"Las Vegas, NV",2230,2227,2355,8,16,3,0,1515
2000-01-06,711,"Chicago, IL",LAS,"Las Vegas, NV",1935,1938,2110,5,2121,2115,0,1515
2000-01-06,715,"Chicago, IL",LAS,"Las Vegas, NV",1514,1515,1707,5,1656,1712,0,1515
2000-01-06,717,"Chicago, IL",LAS,"Las Vegas, NV",800,757,934,6,936,940,0,1515
2000-01-06,721,"Chicago, IL",LAS,"Las Vegas, NV",1150,1205,1329,5,1330,1334,0,1515
2000-01-06,101,"Chicago, IL",LAX,"Los Angeles, CA",800,758,958,11,1021,1009,0,1745
2000-01-06,107,"Chicago, IL",LAX,"Los Angeles, CA",1630,1630,1821,3,1849,1824,0,1745
2000-01-06,111,"Chicago, IL",LAX,"Los Angeles, CA",1245,1243,1452,9,1508,1501,0,1745
2000-01-06,115,"Chicago, IL",LAX,"Los Angeles, CA",930,928,1134,13,1148,1147,0,1745
2000-01-06,117,"Chicago, IL",LAX,"Los Angeles, CA",1155,1154,1404,13,1409,1417,0,1745
2000-01-06,119,"Chicago, IL",LAX,"Los Angeles, CA",1330,1327,1518,3,1550,1521,0,1745
2000-01-06,121,"Chicago, IL",LAX,"Los Angeles, CA",1430,1514,1739,7,1644,1746,0,1745
2000-01-06,125,"Chicago, IL",LAX,"Los Angeles, CA",1210,1210,1424,6,1433,1430,0,1745
2000-01-06,127,"Chicago, IL",LAX,"Los Angeles, CA",2220,2219,18,8,40,26,0,1745
2000-01-06,129,"Chicago, IL",LAX,"Los Angeles, CA",2030,2155,2339,6,2250,2345,0,1745
2000-01-06,607,"Chicago, IL",LAX,"Los Angeles, CA",1040,1040,1244,8,1303,1252,0,1745
2000-01-06,762,"Chicago, IL",LAX,"Los Angeles, CA",700,706,911,5,917,916,0,1745
2000-01-06,815,"Chicago, IL",LAX,"Los Angeles, CA",1755,1933,2128,11,2012,2139,0,1745
2000-01-06,841,"Chicago, IL",LAX,"Los Angeles, CA",1925,2012,2204,16,2145,2220,0,1745
2000-01-06,953,"Chicago, IL",LAX,"Los Angeles, CA",2000,1959,2215,15,2218,2230,0,1745
2000-01-06,393,"Chicago, IL",MCI,"Kansas City, MO",914,924,1044,2,1034,1046,0,403
2000-01-06,455,"Chicago, IL",MCI,"Kansas City, MO",1144,1140,1307,4,1305,1311,0,403
2000-01-06,1147,"Chicago, IL",MCI,"Kansas City, MO",804,802,923,4,926,927,0,403
2000-01-06,1597,"Chicago, IL",MCI,"Kansas City, MO",1530,1526,1659,3,1651,1702,0,403
2000-01-06,1747,"Chicago, IL",MCI,"Kansas City, MO",1945,1944,2119,3,2112,2122,0,403
2000-01-06,1895,"Chicago, IL",MCI,"Kansas City, MO",1814,1813,1941,2,1941,1943,0,403
2000-01-06,421,"Chicago, IL",MEM,"Memphis, TN",1510,1510,1652,5,1644,1657,0,491
2000-01-06,1151,"Chicago, IL",MEM,"Memphis, TN",920,924,1109,5,1054,1114,0,491
2000-01-06,1795,"Chicago, IL",MEM,"Memphis, TN",1914,1919,2104,4,2049,2108,0,491
2000-01-06,379,"Chicago, IL",OAK,"Oakland, CA",1535,1536,1750,5,1802,1755,0,1836
2000-01-06,469,"Chicago, IL",OAK,"Oakland, CA",1944,1943,2218,6,2223,2224,0,1836
2000-01-06,1455,"Chicago, IL",OAK,"Oakland, CA",928,928,1155,5,1206,1200,0,1836
2000-01-06,556,"Chicago, IL",PIT,"Pittsburgh, PA",739,737,944,9,957,953,0,412
2000-01-06,576,"Chicago, IL",PIT,"Pittsburgh, PA",1040,1147,1354,4,1255,1358,0,412
2000-01-06,582,"Chicago, IL",PIT,"Pittsburgh, PA",1308,1307,1514,7,1528,1521,0,412
2000-01-06,734,"Chicago, IL",PIT,"Pittsburgh, PA",1444,1502,1720,4,1704,1724,0,412
2000-01-06,760,"Chicago, IL",PIT,"Pittsburgh, PA",2055,2051,2305,5,2314,2310,0,412
2000-01-06,1204,"Chicago, IL",PIT,"Pittsburgh, PA",1644,1640,1848,4,1908,1852,0,412
2000-01-06,1174,"Chicago, IL",RSW,"Fort Myers, FL",1455,1509,1855,3,1836,1858,0,1120
2000-01-06,1206,"Chicago, IL",RSW,"Fort Myers, FL",739,812,1137,5,1120,1142,0,1120
2000-01-06,315,"Chicago, IL",SAN,"San Diego, CA",815,815,1020,4,1024,1024,0,1723
2000-01-06,477,"Chicago, IL",SAN,"San Diego, CA",1144,1157,1406,3,1354,1409,0,1723
2000-01-06,741,"Chicago, IL",SAN,"San Diego, CA",937,927,1145,2,1148,1147,0,1723
2000-01-06,929,"Chicago, IL",SAN,"San Diego, CA",1514,1529,1743,2,1727,1745,0,1723
2000-01-06,1121,"Chicago, IL",SAN,"San Diego, CA",1755,1753,1948,2,2009,1950,0,1723
2000-01-06,1277,"Chicago, IL",SAN,"San Diego, CA",1940,1940,2148,2,2155,2150,0,1723
2000-01-06,333,"Chicago, IL",SEA,"Seattle, WA",925,925,1152,5,1146,1157,0,1721
2000-01-06,337,"Chicago, IL",SEA,"Seattle, WA",1914,1917,2204,5,2142,2209,0,1721
2000-01-06,383,"Chicago, IL",SEA,"Seattle, WA",1750,1803,2045,5,2019,2050,0,1721
2000-01-06,537,"Chicago, IL",SEA,"Seattle, WA",2225,2222,40,5,44,45,0,1721
2000-01-06,755,"Chicago, IL",SEA,"Seattle, WA",810,809,1025,4,1031,1029,0,1721
2000-01-06,939,"Chicago, IL",SEA,"Seattle, WA",1144,1151,1408,5,1405,1413,0,1721
2000-01-06,943,"Chicago, IL",SEA,"Seattle, WA",1530,1532,1751,6,1746,1757,0,1721
2000-01-06,1748,"Chicago, IL",SJU,"San Juan, PR",739,742,1405,5,1405,1410,0,2072
2000-01-06,1671,"Chicago, IL",STL,"St. Louis, MO",1520,1520,1633,3,1629,1636,0,258
2000-01-06,356,"Chicago, IL",SYR,"Syracuse, NY",1320,1317,1550,4,1604,1554,0,607
2000-01-06,1498,"Chicago, IL",SYR,"Syracuse, NY",1730,1728,2009,7,2010,2016,0,607
2000-01-06,1620,"Chicago, IL",SYR,"Syracuse, NY",630,627,849,3,904,852,0,607
2000-01-06,352,"Chicago, IL",ALB,"Albany, NY",1320,1317,1602,4,1614,1606,0,723
2000-01-06,1104,"Chicago, IL",ALB,"Albany, NY",620,617,854,3,910,857,0,723
2000-01-06,1454,"Chicago, IL",ALB,"Albany, NY",1720,1718,2010,4,2014,2014,0,723
2000-01-06,364,"Chicago, IL",ATL,"Atlanta, GA",1914,1913,2200,11,2204,2211,0,606
2000-01-06,446,"Chicago, IL",ATL,"Atlanta, GA",925,924,1156,8,1209,1204,0,606
2000-01-06,527,"Chicago, IL",ATL,"Atlanta, GA",2100,2101,2349,8,2345,2357,0,606
2000-01-06,796,"Chicago, IL",ATL,"Atlanta, GA",1330,1330,1614,10,1633,1624,0,606
2000-01-06,1268,"Chicago, IL",ATL,"Atlanta, GA",650,648,934,7,941,941,0,606
2000-01-06,1628,"Chicago, IL",ATL,"Atlanta, GA",1035,1033,1308,6,1324,1314,0,606
2000-01-06,1690,"Chicago, IL",ATL,"Atlanta, GA",1655,1654,1932,7,1948,1939,0,606
2000-01-06,1162,"Chicago, IL",BHM,"Birmingham, AL",2125,2124,2310,4,2306,2314,0,584
2000-01-06,1166,"Chicago, IL",BHM,"Birmingham, AL",900,856,1038,5,1040,1043,0,584
2000-01-06,669,"Chicago, IL",CID,"Cedar Rapids/Iowa City, IA",2230,2228,2320,4,2324,2324,0,196
2000-01-06,681,"Chicago, IL",CID,"Cedar Rapids/Iowa City, IA",1600,1558,1651,4,1655,1655,0,196
2000-01-06,743,"Chicago, IL",CID,"Cedar Rapids/Iowa City, IA",1920,1930,2024,5,2018,2029,0,196
2000-01-06,1823,"Chicago, IL",CID,"Cedar Rapids/Iowa City, IA",1145,1142,1229,3,1241,1232,0,196
2000-01-06,1827,"Chicago, IL",CID,"Cedar Rapids/Iowa City, IA",926,929,1027,5,1022,1032,0,196
2000-01-06,1019,"Chicago, IL",COS,"Colorado Springs, CO",1920,1919,2032,5,2045,2037,0,911
2000-01-06,1785,"Chicago, IL",COS,"Colorado Springs, CO",950,"","","",1121,"",1,911
2000-01-06,490,"Chicago, IL",CVG,"Cincinnati, OH",739,"","","",948,"",1,264
2000-01-06,529,"Chicago, IL",CVG,"Cincinnati, OH",2115,2116,2326,8,2324,2334,0,264
2000-01-06,772,"Chicago, IL",CVG,"Cincinnati, OH",1415,1413,1610,5,1618,1615,0,264
2000-01-06,1140,"Chicago, IL",CVG,"Cincinnati, OH",600,604,818,5,809,823,0,264
2000-01-06,1810,"Chicago, IL",CVG,"Cincinnati, OH",1110,1107,1317,6,1311,1323,0,264
2000-01-06,1892,"Chicago, IL",CVG,"Cincinnati, OH",1655,1652,1849,5,1901,1854,0,264
2000-01-06,241,"Chicago, IL",DEN,"Denver, CO",600,556,714,6,724,720,0,888
2000-01-06,243,"Chicago, IL",DEN,"Denver, CO",700,657,827,7,829,834,0,888
2000-01-06,245,"Chicago, IL",DEN,"Denver, CO",755,753,913,6,923,919,0,888
2000-01-06,247,"Chicago, IL",DEN,"Denver, CO",910,908,1041,11,1038,1052,0,888
2000-01-06,251,"Chicago, IL",DEN,"Denver, CO",945,946,1112,6,1117,1118,0,888
2000-01-06,253,"Chicago, IL",DEN,"Denver, CO",1245,1304,1422,6,1418,1428,0,888
2000-01-06,255,"Chicago, IL",DEN,"Denver, CO",1530,1551,1710,7,1701,1717,0,888
2000-01-06,259,"Chicago, IL",DEN,"Denver, CO",1525,1533,1708,10,1656,1718,0,888
2000-01-06,531,"Chicago, IL",DEN,"Denver, CO",2220,2218,2331,6,2347,2337,0,888
2000-01-06,941,"Chicago, IL",DEN,"Denver, CO",1920,1921,2041,6,2052,2047,0,888
2000-01-06,945,"Chicago, IL",DEN,"Denver, CO",1150,1215,1337,7,1325,1344,0,888
2000-01-06,959,"Chicago, IL",DEN,"Denver, CO",1745,"","","",1910,"",1,888
2000-01-06,368,"Chicago, IL",FLL,"Fort Lauderdale, FL",741,739,1124,6,1129,1130,0,1182
2000-01-06,426,"Chicago, IL",FLL,"Fort Lauderdale, FL",2110,2106,53,5,56,58,0,1182
2000-01-06,1948,"Chicago, IL",FLL,"Fort Lauderdale, FL",1415,1414,1804,5,1804,1809,0,1182
2000-01-06,573,"Chicago, IL",IAH,"Houston, TX",914,919,1211,6,1147,1217,0,925
2000-01-06,703,"Chicago, IL",IAH,"Houston, TX",1200,1210,1447,4,1434,1451,0,925
2000-01-06,705,"Chicago, IL",IAH,"Houston, TX",700,657,935,5,932,940,0,925
2000-01-06,1169,"Chicago, IL",IAH,"Houston, TX",1514,1517,1758,11,1746,1809,0,925
2000-01-06,1897,"Chicago, IL",IAH,"Houston, TX",1925,1924,2228,6,2156,2234,0,925
2000-01-06,1957,"Chicago, IL",IAH,"Houston, TX",1750,1748,2043,10,2021,2053,0,925
2000-01-06,670,"Chicago, IL",LGA,"New York, NY",2100,2102,2347,5,2349,2352,0,733
2000-01-06,672,"Chicago, IL",LGA,"New York, NY",1900,1858,2152,4,2157,2156,0,733
2000-01-06,674,"Chicago, IL",LGA,"New York, NY",1800,1800,2059,4,2058,2103,0,733
2000-01-06,676,"Chicago, IL",LGA,"New York, NY",1700,1704,1958,4,2000,2002,0,733
2000-01-06,678,"Chicago, IL",LGA,"New York, NY",1600,1605,1858,8,1900,1906,0,733
2000-01-06,680,"Chicago, IL",LGA,"New York, NY",1500,1500,1751,3,1758,1754,0,733
2000-01-06,682,"Chicago, IL",LGA,"New York, NY",1400,1359,1648,4,1700,1652,0,733
2000-01-06,684,"Chicago, IL",LGA,"New York, NY",1300,1257,1546,5,1554,1551,0,733
2000-01-06,342,"Chicago, IL",MCO,"Orlando, FL",2115,2121,44,4,43,48,0,1005
2000-01-06,1044,"Chicago, IL",MCO,"Orlando, FL",1655,1700,2025,4,2014,2029,0,1005
2000-01-06,1500,"Chicago, IL",MCO,"Orlando, FL",1344,1344,1704,3,1709,1707,0,1005
2000-01-06,1614,"Chicago, IL",MCO,"Orlando, FL",1035,1034,1350,5,1358,1355,0,1005
2000-01-06,1832,"Chicago, IL",MCO,"Orlando, FL",800,800,1122,7,1131,1129,0,1005
2000-01-06,299,"Chicago, IL",MSP,"Minneapolis, MN",1145,"","","",1303,"",1,334
2000-01-06,353,"Chicago, IL",MSP,"Minneapolis, MN",744,745,859,10,903,909,0,334
2000-01-06,359,"Chicago, IL",MSP,"Minneapolis, MN",1344,1346,1452,3,1503,1455,0,334
2000-01-06,457,"Chicago, IL",MSP,"Minneapolis, MN",1044,1044,1158,2,1202,1200,0,334
2000-01-06,583,"Chicago, IL",MSP,"Minneapolis, MN",1545,"","","",1708,"",1,334
2000-01-06,599,"Chicago, IL",MSP,"Minneapolis, MN",945,1002,1115,4,1104,1119,0,334
2000-01-06,719,"Chicago, IL",MSP,"Minneapolis, MN",1444,1441,1613,2,1604,1615,0,334
2000-01-06,765,"Chicago, IL",MSP,"Minneapolis, MN",1644,1645,1828,3,1805,1831,0,334
2000-01-06,799,"Chicago, IL",MSP,"Minneapolis, MN",645,642,812,3,808,815,0,334
2000-01-06,1067,"Chicago, IL",MSP,"Minneapolis, MN",1744,1743,1932,2,1912,1934,0,334
2000-01-06,1107,"Chicago, IL",MSP,"Minneapolis, MN",1945,1951,2132,4,2103,2136,0,334
2000-01-06,1139,"Chicago, IL",MSP,"Minneapolis, MN",1845,1843,2005,3,2007,2008,0,334
2000-01-06,1583,"Chicago, IL",MSP,"Minneapolis, MN",1245,1243,1402,2,1404,1404,0,334
2000-01-06,1889,"Chicago, IL",MSP,"Minneapolis, MN",2225,2221,2325,4,2341,2329,0,334
2000-01-06,1917,"Chicago, IL",MSP,"Minneapolis, MN",845,845,1007,2,1008,1009,0,334
2000-01-06,535,"Chicago, IL",OMA,"Omaha, NE",1210,1230,1348,3,1334,1351,0,416
2000-01-06,635,"Chicago, IL",OMA,"Omaha, NE",816,834,959,2,940,1001,0,416
2000-01-06,775,"Chicago, IL",OMA,"Omaha, NE",1950,1949,2135,3,2117,2138,0,416
2000-01-06,1129,"Chicago, IL",OMA,"Omaha, NE",912,953,1113,2,1031,1115,0,416
2000-01-06,1499,"Chicago, IL",OMA,"Omaha, NE",1540,1538,1711,3,1700,1714,0,416
2000-01-06,1149,"Chicago, IL",ONT,"Ontario, CA",1914,1921,2113,4,2131,2117,0,1700
2000-01-06,1733,"Chicago, IL",ONT,"Ontario, CA",1155,1152,1356,2,1413,1358,0,1700
2000-01-06,1850,"Chicago, IL",PHL,"Philadelphia, PA",600,"","","",854,"",1,678
2000-01-06,1852,"Chicago, IL",PHL,"Philadelphia, PA",700,"","","",949,"",1,678
2000-01-06,1854,"Chicago, IL",PHL,"Philadelphia, PA",815,822,1052,5,1102,1057,0,678
2000-01-06,1856,"Chicago, IL",PHL,"Philadelphia, PA",900,"","","",1149,"",1,678
2000-01-06,1858,"Chicago, IL",PHL,"Philadelphia, PA",1000,955,1235,7,1249,1242,0,678
2000-01-06,1860,"Chicago, IL",PHL,"Philadelphia, PA",1100,1101,1339,4,1349,1343,0,678
2000-01-06,1862,"Chicago, IL",PHL,"Philadelphia, PA",1200,1156,1440,6,1449,1446,0,678
2000-01-06,1864,"Chicago, IL",PHL,"Philadelphia, PA",1310,1307,1544,5,1607,1549,0,678
2000-01-06,1866,"Chicago, IL",PHL,"Philadelphia, PA",1410,1500,1750,7,1706,1757,0,678
2000-01-06,1868,"Chicago, IL",PHL,"Philadelphia, PA",1600,1600,1847,3,1854,1850,0,678
2000-01-06,1872,"Chicago, IL",PHL,"Philadelphia, PA",1700,1658,1938,7,1958,1945,0,678
2000-01-06,1874,"Chicago, IL",PHL,"Philadelphia, PA",1800,1759,2054,5,2050,2059,0,678
2000-01-06,1876,"Chicago, IL",PHL,"Philadelphia, PA",1900,1857,2134,4,2150,2138,0,678
2000-01-06,1878,"Chicago, IL",PHL,"Philadelphia, PA",2050,2051,2326,4,2334,2330,0,678
2000-01-06,345,"Chicago, IL",PHX,"Phoenix, AZ",1144,1146,1414,5,1423,1419,0,1440
2000-01-06,423,"Chicago, IL",PHX,"Phoenix, AZ",1514,1513,1756,3,1757,1759,0,1440
2000-01-06,667,"Chicago, IL",PHX,"Phoenix, AZ",1935,1948,2224,4,2213,2228,0,1440
2000-01-06,1273,"Chicago, IL",PHX,"Phoenix, AZ",1805,1805,2037,4,2037,2041,0,1440
2000-01-06,1419,"Chicago, IL",PHX,"Phoenix, AZ",920,920,1158,7,1159,1205,0,1440
2000-01-06,1969,"Chicago, IL",PHX,"Phoenix, AZ",750,748,1027,7,1029,1034,0,1440
2000-01-06,546,"Chicago, IL",PVD,"Providence, RI",1714,1716,2036,6,2021,2042,0,849
2000-01-06,1276,"Chicago, IL",PVD,"Providence, RI",850,848,1143,5,1152,1148,0,849
2000-01-06,1734,"Chicago, IL",PVD,"Providence, RI",1308,1306,1553,3,1613,1556,0,849
2000-01-06,798,"Chicago, IL",PWM,"Portland, ME",2045,2053,2356,4,2357,2400,0,900
2000-01-06,1130,"Chicago, IL",PWM,"Portland, ME",1310,1312,1612,3,1619,1615,0,900
2000-01-06,1230,"Chicago, IL",PWM,"Portland, ME",740,738,1036,3,1043,1039,0,900
2000-01-06,586,"Chicago, IL",RDU,"Raleigh/Durham, NC",1330,1330,1615,3,1618,1618,0,647
2000-01-06,588,"Chicago, IL",RDU,"Raleigh/Durham, NC",2100,2129,11,4,2347,15,0,647
2000-01-06,1108,"Chicago, IL",RDU,"Raleigh/Durham, NC",1644,1647,1931,5,1931,1936,0,647
2000-01-06,1114,"Chicago, IL",RDU,"Raleigh/Durham, NC",625,620,906,3,912,909,0,647
2000-01-06,590,"Chicago, IL",SDF,"Louisville, KY",2115,2113,2323,4,2324,2327,0,286
2000-01-06,1650,"Chicago, IL",SDF,"Louisville, KY",1355,1352,1550,9,1602,1559,0,286
2000-01-06,271,"Chicago, IL",SJC,"San Jose, CA",920,919,1148,6,1152,1154,0,1830
2000-01-06,559,"Chicago, IL",SJC,"San Jose, CA",1535,1552,1810,5,1803,1815,0,1830
2000-01-06,661,"Chicago, IL",SJC,"San Jose, CA",1935,1942,2157,6,2209,2203,0,1830
2000-01-06,691,"Chicago, IL",SJC,"San Jose, CA",1205,1202,1425,4,1437,1429,0,1830
2000-01-06,324,"Chicago, IL",TPA,"Tampa, FL",1030,1026,1339,2,1352,1341,0,1012
2000-01-06,1070,"Chicago, IL",TPA,"Tampa, FL",1725,2034,2354,3,2050,2357,0,1012
2000-01-06,1090,"Chicago, IL",TPA,"Tampa, FL",1316,1315,1643,7,1641,1650,0,1012
2000-01-06,1676,"Chicago, IL",TPA,"Tampa, FL",739,737,1100,3,1110,1103,0,1012
2000-01-06,1930,"Chicago, IL",TPA,"Tampa, FL",2115,2111,54,3,45,57,0,1012
2000-01-06,560,"Chicago, IL",BNA,"Nashville, TN",740,748,902,6,902,908,0,409
2000-01-06,1050,"Chicago, IL",BNA,"Nashville, TN",1914,1912,2027,5,2034,2032,0,409
2000-01-06,1550,"Chicago, IL",BNA,"Nashville, TN",1444,1508,1633,5,1601,1638,0,409
2000-01-06,1069,"Chicago, IL",BOI,"Boise, ID",1914,1911,2138,3,2157,2141,0,1437
2000-01-06,418,"Chicago, IL",BWI,"Baltimore, MD",1115,1112,1340,3,1354,1343,0,621
2000-01-06,756,"Chicago, IL",BWI,"Baltimore, MD",2100,2058,2344,3,2343,2347,0,621
2000-01-06,770,"Chicago, IL",BWI,"Baltimore, MD",1705,1703,1958,4,1948,2002,0,621
2000-01-06,1298,"Chicago, IL",BWI,"Baltimore, MD",1325,1323,1600,4,1613,1604,0,621
2000-01-06,1428,"Chicago, IL",BWI,"Baltimore, MD",605,603,838,5,845,843,0,621
2000-01-06,432,"Chicago, IL",CLT,"Charlotte, NC",1314,1311,1600,7,1554,1607,0,599
2000-01-06,462,"Chicago, IL",CLT,"Charlotte, NC",615,611,858,2,855,900,0,599
2000-01-06,536,"Chicago, IL",CLT,"Charlotte, NC",1644,1643,1916,4,1920,1920,0,599
2000-01-06,1616,"Chicago, IL",CLT,"Charlotte, NC",2045,2047,2326,3,2325,2329,0,599
2000-01-06,515,"Chicago, IL",DAY,"Dayton, OH",1410,1425,1617,2,1610,1619,0,240
2000-01-06,657,"Chicago, IL",DAY,"Dayton, OH",2115,2114,2318,3,2318,2321,0,240
2000-01-06,1128,"Chicago, IL",DAY,"Dayton, OH",1120,1116,1304,4,1319,1308,0,240
2000-01-06,1552,"Chicago, IL",DAY,"Dayton, OH",800,759,952,2,1000,954,0,240
2000-01-06,1754,"Chicago, IL",DAY,"Dayton, OH",1705,1700,1858,6,1907,1904,0,240
2000-01-06,302,"Chicago, IL",DTW,"Detroit, MI",1040,1039,1240,4,1249,1244,0,235
2000-01-06,350,"Chicago, IL",DTW,"Detroit, MI",1710,1709,1912,5,1923,1917,0,235
2000-01-06,396,"Chicago, IL",DTW,"Detroit, MI",1309,1309,1505,5,1524,1510,0,235
2000-01-06,440,"Chicago, IL",DTW,"Detroit, MI",750,746,949,4,1001,953,0,235
2000-01-06,454,"Chicago, IL",DTW,"Detroit, MI",630,628,827,4,834,831,0,235
2000-01-06,671,"Chicago, IL",DTW,"Detroit, MI",2115,2119,2321,5,2320,2326,0,235
2000-01-06,1425,"Chicago, IL",GEG,"Spokane, WA",1920,1919,2113,3,2118,2116,0,1498
2000-01-06,422,"Chicago, IL",GRR,"Grand Rapids, MI",1925,1942,2141,4,2112,2145,0,137
2000-01-06,494,"Chicago, IL",GRR,"Grand Rapids, MI",851,912,1054,2,1036,1056,0,137
2000-01-06,633,"Chicago, IL",GRR,"Grand Rapids, MI",2115,2112,2305,4,2303,2309,0,137
2000-01-06,1260,"Chicago, IL",GRR,"Grand Rapids, MI",1444,1443,1635,4,1630,1639,0,137
2000-01-06,1446,"Chicago, IL",GRR,"Grand Rapids, MI",1144,1145,1328,2,1329,1330,0,137
2000-01-06,540,"Chicago, IL",GSO,"Greensboro/High Point, NC",900,903,1136,2,1138,1138,0,590
2000-01-06,750,"Chicago, IL",GSO,"Greensboro/High Point, NC",1744,1740,2020,3,2019,2023,0,590
2000-01-06,1538,"Chicago, IL",GSO,"Greensboro/High Point, NC",1420,1501,1746,4,1658,1750,0,590
2000-01-06,392,"Chicago, IL",MDT,"Harrisburg, PA",1714,1712,1942,3,1949,1945,0,594
2000-01-06,482,"Chicago, IL",MDT,"Harrisburg, PA",900,857,1119,2,1140,1121,0,594
2000-01-06,542,"Chicago, IL",MDT,"Harrisburg, PA",1314,1311,1545,4,1554,1549,0,594
2000-01-06,728,"Chicago, IL",MDT,"Harrisburg, PA",2100,2059,2341,4,2340,2345,0,594
2000-01-06,869,"Chicago, IL",MIA,"Miami, FL",1450,1443,1833,4,1839,1837,0,1197
2000-01-06,1088,"Chicago, IL",MIA,"Miami, FL",739,738,1120,8,1130,1128,0,1197
2000-01-06,1636,"Chicago, IL",MIA,"Miami, FL",1030,1032,1414,3,1415,1417,0,1197
2000-01-06,1984,"Chicago, IL",MIA,"Miami, FL",1805,1802,2148,5,2150,2153,0,1197
2000-01-06,647,"Chicago, IL",MKE,"Milwaukee, WI",1414,1412,1448,4,1451,1452,0,67
2000-01-06,1564,"Chicago, IL",MKE,"Milwaukee, WI",2230,2223,2254,4,2307,2258,0,67
2000-01-06,675,"Chicago, IL",MSN,"Madison, WI",2055,2053,2141,5,2141,2146,0,109
2000-01-06,1249,"Chicago, IL",MSN,"Madison, WI",2230,2235,2315,4,2315,2319,0,109
2000-01-06,1581,"Chicago, IL",MSN,"Madison, WI",1410,1408,1452,3,1451,1455,0,109
2000-01-06,367,"Chicago, IL",MSY,"New Orleans, LA",1200,1201,1404,4,1409,1408,0,837
2000-01-06,1789,"Chicago, IL",MSY,"New Orleans, LA",1930,2010,2221,4,2140,2225,0,837
2000-01-06,1867,"Chicago, IL",MSY,"New Orleans, LA",1000,1046,1239,3,1211,1242,0,837
2000-01-06,503,"Chicago, IL",PDX,"Portland, OR",1744,1742,2039,4,2006,2043,0,1739
2000-01-06,569,"Chicago, IL",PDX,"Portland, OR",1544,1552,1811,4,1800,1815,0,1739
2000-01-06,577,"Chicago, IL",PDX,"Portland, OR",1914,1915,2135,2,2140,2137,0,1739
2000-01-06,1401,"Chicago, IL",PDX,"Portland, OR",1200,1159,1427,4,1431,1431,0,1739
2000-01-06,1891,"Chicago, IL",PDX,"Portland, OR",945,942,1213,4,1212,1217,0,1739
2000-01-06,749,"Chicago, IL",SAT,"San Antonio, TX",925,924,1207,3,1208,1210,0,1041
2000-01-06,1415,"Chicago, IL",SAT,"San Antonio, TX",1940,1940,2242,3,2224,2245,0,1041
2000-01-06,137,"Chicago, IL",SFO,"San Francisco, CA",1030,1031,1246,5,1306,1251,0,1846
2000-01-06,139,"Chicago, IL",SFO,"San Francisco, CA",2220,2220,39,6,51,45,0,1846
2000-01-06,141,"Chicago, IL",SFO,"San Francisco, CA",1210,1209,1428,5,1448,1433,0,1846
2000-01-06,143,"Chicago, IL",SFO,"San Francisco, CA",1144,1145,1344,7,1407,1351,0,1846
2000-01-06,145,"Chicago, IL",SFO,"San Francisco, CA",930,939,1150,7,1200,1157,0,1846
2000-01-06,147,"Chicago, IL",SFO,"San Francisco, CA",1530,1739,1952,4,1753,1956,0,1846
2000-01-06,149,"Chicago, IL",SFO,"San Francisco, CA",1805,1807,2020,10,2038,2030,0,1846
2000-01-06,151,"Chicago, IL",SFO,"San Francisco, CA",1920,1920,2134,10,2157,2144,0,1846
2000-01-06,155,"Chicago, IL",SFO,"San Francisco, CA",2030,2027,2234,9,2304,2243,0,1846
2000-01-06,157,"Chicago, IL",SFO,"San Francisco, CA",800,802,1004,3,1028,1007,0,1846
2000-01-06,525,"Chicago, IL",SFO,"San Francisco, CA",1925,1922,2139,6,2205,2145,0,1846
2000-01-06,399,"Chicago, IL",SLC,"Salt Lake City, UT",1205,1204,1415,4,1419,1419,0,1249
2000-01-06,533,"Chicago, IL",SLC,"Salt Lake City, UT",1914,1914,2114,3,2123,2117,0,1249
2000-01-06,1439,"Chicago, IL",SLC,"Salt Lake City, UT",914,913,1119,2,1124,1121,0,1249
2000-01-06,1110,"Chicago, IL",TYS,"Knoxville, TN",1314,1325,1545,5,1538,1550,0,475
2000-01-06,1818,"Chicago, IL",TYS,"Knoxville, TN",2120,2119,2348,4,2347,2352,0,475
2000-01-07,560,"Chicago, IL",BNA,"Nashville, TN",740,833,940,2,902,942,0,409
2000-01-07,1050,"Chicago, IL",BNA,"Nashville, TN",1914,1910,2036,3,2034,2039,0,409
2000-01-07,1550,"Chicago, IL",BNA,"Nashville, TN",1444,1443,1558,4,1601,1602,0,409
2000-01-07,1069,"Chicago, IL",BOI,"Boise, ID",1914,1915,2151,3,2157,2154,0,1437
2000-01-07,418,"Chicago, IL",BWI,"Baltimore, MD",1115,1113,1348,3,1354,1351,0,621
2000-01-07,756,"Chicago, IL",BWI,"Baltimore, MD",2100,2056,2340,2,2343,2342,0,621
2000-01-07,770,"Chicago, IL",BWI,"Baltimore, MD",1705,1707,2002,4,1948,2006,0,621
2000-01-07,1298,"Chicago, IL",BWI,"Baltimore, MD",1325,1322,1602,3,1613,1605,0,621
2000-01-07,1428,"Chicago, IL",BWI,"Baltimore, MD",605,623,857,2,845,859,0,621
2000-01-07,432,"Chicago, IL",CLT,"Charlotte, NC",1314,1313,1603,2,1554,1605,0,599
2000-01-07,462,"Chicago, IL",CLT,"Charlotte, NC",615,613,849,2,855,851,0,599
2000-01-07,536,"Chicago, IL",CLT,"Charlotte, NC",1645,1642,1915,3,1921,1918,0,599
2000-01-07,1616,"Chicago, IL",CLT,"Charlotte, NC",2045,2043,2311,4,2325,2315,0,599
2000-01-07,515,"Chicago, IL",DAY,"Dayton, OH",1410,1411,1606,6,1610,1612,0,240
2000-01-07,657,"Chicago, IL",DAY,"Dayton, OH",2115,2111,2306,3,2318,2309,0,240
2000-01-07,1128,"Chicago, IL",DAY,"Dayton, OH",1120,1117,1302,5,1319,1307,0,240
2000-01-07,1552,"Chicago, IL",DAY,"Dayton, OH",800,756,945,4,1000,949,0,240
2000-01-07,1754,"Chicago, IL",DAY,"Dayton, OH",1705,1704,1907,4,1907,1911,0,240
2000-01-07,302,"Chicago, IL",DTW,"Detroit, MI",1040,1038,1247,4,1249,1251,0,235
2000-01-07,350,"Chicago, IL",DTW,"Detroit, MI",1710,1711,1912,10,1923,1922,0,235
2000-01-07,396,"Chicago, IL",DTW,"Detroit, MI",1309,1307,1505,4,1524,1509,0,235
2000-01-07,440,"Chicago, IL",DTW,"Detroit, MI",750,747,957,4,1001,1001,0,235
2000-01-07,454,"Chicago, IL",DTW,"Detroit, MI",630,627,829,4,834,833,0,235
2000-01-07,671,"Chicago, IL",DTW,"Detroit, MI",2115,2112,2310,4,2320,2314,0,235
2000-01-07,1425,"Chicago, IL",GEG,"Spokane, WA",1920,1937,2134,4,2118,2138,0,1498
2000-01-07,422,"Chicago, IL",GRR,"Grand Rapids, MI",1925,2022,2201,3,2112,2204,0,137
2000-01-07,494,"Chicago, IL",GRR,"Grand Rapids, MI",851,850,1034,5,1036,1039,0,137
2000-01-07,633,"Chicago, IL",GRR,"Grand Rapids, MI",2115,2110,2255,4,2303,2259,0,137
2000-01-07,1260,"Chicago, IL",GRR,"Grand Rapids, MI",1444,1444,1623,3,1630,1626,0,137
2000-01-07,1446,"Chicago, IL",GRR,"Grand Rapids, MI",1144,1139,1322,2,1329,1324,0,137
2000-01-07,540,"Chicago, IL",GSO,"Greensboro/High Point, NC",900,927,1153,4,1138,1157,0,590
2000-01-07,750,"Chicago, IL",GSO,"Greensboro/High Point, NC",1744,1742,2011,2,2019,2013,0,590
2000-01-07,1538,"Chicago, IL",GSO,"Greensboro/High Point, NC",1420,1517,1800,2,1658,1802,0,590
2000-01-07,392,"Chicago, IL",MDT,"Harrisburg, PA",1714,1709,1946,4,1949,1950,0,594
2000-01-07,482,"Chicago, IL",MDT,"Harrisburg, PA",900,857,1126,2,1140,1128,0,594
2000-01-07,542,"Chicago, IL",MDT,"Harrisburg, PA",1314,1315,1539,3,1554,1542,0,594
2000-01-07,728,"Chicago, IL",MDT,"Harrisburg, PA",2100,2053,2340,6,2340,2346,0,594
2000-01-07,869,"Chicago, IL",MIA,"Miami, FL",1450,1443,1826,3,1839,1829,0,1197
2000-01-07,1088,"Chicago, IL",MIA,"Miami, FL",739,743,1120,3,1130,1123,0,1197
2000-01-07,1636,"Chicago, IL",MIA,"Miami, FL",1030,1040,1415,7,1415,1422,0,1197
2000-01-07,1984,"Chicago, IL",MIA,"Miami, FL",1805,1804,2139,5,2150,2144,0,1197
2000-01-07,647,"Chicago, IL",MKE,"Milwaukee, WI",1414,1412,1443,4,1451,1447,0,67
2000-01-07,1564,"Chicago, IL",MKE,"Milwaukee, WI",2230,2227,2302,4,2307,2306,0,67
2000-01-07,675,"Chicago, IL",MSN,"Madison, WI",2055,2051,2145,5,2141,2150,0,109
2000-01-07,1249,"Chicago, IL",MSN,"Madison, WI",2230,2227,2317,4,2315,2321,0,109
2000-01-07,1581,"Chicago, IL",MSN,"Madison, WI",1410,1411,1447,2,1451,1449,0,109
2000-01-07,367,"Chicago, IL",MSY,"New Orleans, LA",1200,1157,1405,3,1409,1408,0,837
2000-01-07,1789,"Chicago, IL",MSY,"New Orleans, LA",1930,1930,2143,4,2140,2147,0,837
2000-01-07,1867,"Chicago, IL",MSY,"New Orleans, LA",1000,957,1157,5,1211,1202,0,837
2000-01-07,503,"Chicago, IL",PDX,"Portland, OR",1745,1849,2110,5,2007,2115,0,1739
2000-01-07,569,"Chicago, IL",PDX,"Portland, OR",1544,1544,1803,4,1800,1807,0,1739
2000-01-07,577,"Chicago, IL",PDX,"Portland, OR",1914,1940,2208,5,2140,2213,0,1739
2000-01-07,1401,"Chicago, IL",PDX,"Portland, OR",1200,1202,1425,5,1431,1430,0,1739
2000-01-07,1891,"Chicago, IL",PDX,"Portland, OR",945,941,1153,3,1212,1156,0,1739
2000-01-07,749,"Chicago, IL",SAT,"San Antonio, TX",925,922,1210,3,1208,1213,0,1041
2000-01-07,1415,"Chicago, IL",SAT,"San Antonio, TX",1940,1938,2230,4,2224,2234,0,1041
2000-01-07,137,"Chicago, IL",SFO,"San Francisco, CA",1030,1027,1233,14,1306,1247,0,1846
2000-01-07,139,"Chicago, IL",SFO,"San Francisco, CA",2220,2217,28,10,51,38,0,1846
2000-01-07,141,"Chicago, IL",SFO,"San Francisco, CA",1210,1207,1442,12,1448,1454,0,1846
2000-01-07,143,"Chicago, IL",SFO,"San Francisco, CA",1144,1142,1355,8,1407,1403,0,1846
2000-01-07,145,"Chicago, IL",SFO,"San Francisco, CA",930,930,1141,3,1200,1144,0,1846
2000-01-07,147,"Chicago, IL",SFO,"San Francisco, CA",1530,1531,1746,6,1753,1752,0,1846
2000-01-07,149,"Chicago, IL",SFO,"San Francisco, CA",1805,1805,2026,6,2038,2032,0,1846
2000-01-07,151,"Chicago, IL",SFO,"San Francisco, CA",1920,1920,2138,5,2157,2143,0,1846
2000-01-07,155,"Chicago, IL",SFO,"San Francisco, CA",2030,2030,2250,6,2304,2256,0,1846
2000-01-07,157,"Chicago, IL",SFO,"San Francisco, CA",800,758,1006,4,1028,1010,0,1846
2000-01-07,525,"Chicago, IL",SFO,"San Francisco, CA",1925,1922,2149,5,2205,2154,0,1846
2000-01-07,399,"Chicago, IL",SLC,"Salt Lake City, UT",1205,1201,1411,3,1419,1414,0,1249
2000-01-07,533,"Chicago, IL",SLC,"Salt Lake City, UT",1914,1927,2137,4,2123,2141,0,1249
2000-01-07,1439,"Chicago, IL",SLC,"Salt Lake City, UT",914,919,1124,2,1124,1126,0,1249
2000-01-07,1110,"Chicago, IL",TYS,"Knoxville, TN",1314,1311,1526,4,1538,1530,0,475
2000-01-07,1818,"Chicago, IL",TYS,"Knoxville, TN",2120,2115,2332,4,2347,2336,0,475
2000-01-07,352,"Chicago, IL",ALB,"Albany, NY",1320,1356,1629,4,1614,1633,0,723
2000-01-07,1104,"Chicago, IL",ALB,"Albany, NY",620,653,927,4,910,931,0,723
2000-01-07,1454,"Chicago, IL",ALB,"Albany, NY",1720,1719,2012,3,2014,2015,0,723
2000-01-07,364,"Chicago, IL",ATL,"Atlanta, GA",1914,1912,2155,5,2204,2200,0,606
2000-01-07,446,"Chicago, IL",ATL,"Atlanta, GA",925,924,1155,3,1209,1158,0,606
2000-01-07,527,"Chicago, IL",ATL,"Atlanta, GA",2100,2057,2335,5,2345,2340,0,606
2000-01-07,796,"Chicago, IL",ATL,"Atlanta, GA",1330,1329,1618,8,1633,1626,0,606
2000-01-07,1268,"Chicago, IL",ATL,"Atlanta, GA",650,651,921,11,941,932,0,606
2000-01-07,1628,"Chicago, IL",ATL,"Atlanta, GA",1035,1033,1259,4,1324,1303,0,606
2000-01-07,1690,"Chicago, IL",ATL,"Atlanta, GA",1655,1653,1932,5,1948,1937,0,606
2000-01-07,1162,"Chicago, IL",BHM,"Birmingham, AL",2125,2155,2328,6,2306,2334,0,584
2000-01-07,1166,"Chicago, IL",BHM,"Birmingham, AL",900,857,1032,4,1040,1036,0,584
2000-01-07,669,"Chicago, IL",CID,"Cedar Rapids/Iowa City, IA",2230,2244,2331,4,2324,2335,0,196
2000-01-07,681,"Chicago, IL",CID,"Cedar Rapids/Iowa City, IA",1600,1556,1653,3,1655,1656,0,196
2000-01-07,743,"Chicago, IL",CID,"Cedar Rapids/Iowa City, IA",1920,2048,2138,3,2018,2141,0,196
2000-01-07,1823,"Chicago, IL",CID,"Cedar Rapids/Iowa City, IA",1145,1214,1304,2,1241,1306,0,196
2000-01-07,1827,"Chicago, IL",CID,"Cedar Rapids/Iowa City, IA",926,921,1011,3,1022,1014,0,196
2000-01-07,1019,"Chicago, IL",COS,"Colorado Springs, CO",1920,1919,2036,4,2045,2040,0,911
2000-01-07,1785,"Chicago, IL",COS,"Colorado Springs, CO",950,953,1106,6,1121,1112,0,911
2000-01-07,490,"Chicago, IL",CVG,"Cincinnati, OH",739,734,938,4,948,942,0,264
2000-01-07,529,"Chicago, IL",CVG,"Cincinnati, OH",2115,2119,2328,9,2324,2337,0,264
2000-01-07,772,"Chicago, IL",CVG,"Cincinnati, OH",1415,1423,1621,4,1618,1625,0,264
2000-01-07,1140,"Chicago, IL",CVG,"Cincinnati, OH",600,557,806,4,809,810,0,264
2000-01-07,1810,"Chicago, IL",CVG,"Cincinnati, OH",1110,1109,1302,4,1311,1306,0,264
2000-01-07,1892,"Chicago, IL",CVG,"Cincinnati, OH",1655,1651,1859,6,1901,1905,0,264
2000-01-07,241,"Chicago, IL",DEN,"Denver, CO",600,557,713,7,724,720,0,888
2000-01-07,243,"Chicago, IL",DEN,"Denver, CO",700,657,828,6,829,834,0,888
2000-01-07,245,"Chicago, IL",DEN,"Denver, CO",755,754,903,5,923,908,0,888
2000-01-07,247,"Chicago, IL",DEN,"Denver, CO",910,910,1020,14,1038,1034,0,888
2000-01-07,251,"Chicago, IL",DEN,"Denver, CO",945,947,1104,8,1117,1112,0,888
2000-01-07,253,"Chicago, IL",DEN,"Denver, CO",1245,1305,1426,9,1418,1435,0,888
2000-01-07,255,"Chicago, IL",DEN,"Denver, CO",1530,1530,1656,5,1701,1701,0,888
2000-01-07,259,"Chicago, IL",DEN,"Denver, CO",1525,1525,1648,8,1656,1656,0,888
2000-01-07,531,"Chicago, IL",DEN,"Denver, CO",2220,2219,2338,7,2347,2345,0,888
2000-01-07,941,"Chicago, IL",DEN,"Denver, CO",1920,1921,2044,5,2052,2049,0,888
2000-01-07,945,"Chicago, IL",DEN,"Denver, CO",1150,1155,1319,5,1325,1324,0,888
2000-01-07,959,"Chicago, IL",DEN,"Denver, CO",1745,1749,1905,6,1910,1911,0,888
2000-01-07,368,"Chicago, IL",FLL,"Fort Lauderdale, FL",741,741,1120,3,1129,1123,0,1182
2000-01-07,426,"Chicago, IL",FLL,"Fort Lauderdale, FL",2110,2113,54,6,56,100,0,1182
2000-01-07,1948,"Chicago, IL",FLL,"Fort Lauderdale, FL",1415,1413,1754,5,1804,1759,0,1182
2000-01-07,573,"Chicago, IL",IAH,"Houston, TX",914,913,1139,5,1147,1144,0,925
2000-01-07,703,"Chicago, IL",IAH,"Houston, TX",1200,1157,1433,5,1434,1438,0,925
2000-01-07,705,"Chicago, IL",IAH,"Houston, TX",700,659,934,5,932,939,0,925
2000-01-07,1169,"Chicago, IL",IAH,"Houston, TX",1514,1512,1803,6,1746,1809,0,925
2000-01-07,1897,"Chicago, IL",IAH,"Houston, TX",1925,1932,2212,7,2156,2219,0,925
2000-01-07,1957,"Chicago, IL",IAH,"Houston, TX",1750,1749,2017,5,2021,2022,0,925
2000-01-07,1780,"Chicago, IL",JFK,"New York, NY",2235,2222,104,7,140,111,0,740
2000-01-07,670,"Chicago, IL",LGA,"New York, NY",2100,2057,2345,3,2349,2348,0,733
2000-01-07,672,"Chicago, IL",LGA,"New York, NY",1900,1926,2216,5,2157,2221,0,733
2000-01-07,674,"Chicago, IL",LGA,"New York, NY",1800,1802,2056,2,2058,2058,0,733
2000-01-07,676,"Chicago, IL",LGA,"New York, NY",1700,1700,1947,3,2000,1950,0,733
2000-01-07,678,"Chicago, IL",LGA,"New York, NY",1600,1610,1855,5,1900,1900,0,733
2000-01-07,680,"Chicago, IL",LGA,"New York, NY",1500,1457,1756,4,1758,1800,0,733
2000-01-07,682,"Chicago, IL",LGA,"New York, NY",1400,1358,1646,4,1700,1650,0,733
2000-01-07,342,"Chicago, IL",MCO,"Orlando, FL",2115,2115,40,5,43,45,0,1005
2000-01-07,1044,"Chicago, IL",MCO,"Orlando, FL",1655,1651,2006,4,2014,2010,0,1005
2000-01-07,1500,"Chicago, IL",MCO,"Orlando, FL",1344,1341,1703,7,1709,1710,0,1005
2000-01-07,1614,"Chicago, IL",MCO,"Orlando, FL",1035,1034,1356,4,1358,1400,0,1005
2000-01-07,1832,"Chicago, IL",MCO,"Orlando, FL",800,758,1119,4,1131,1123,0,1005
2000-01-07,299,"Chicago, IL",MSP,"Minneapolis, MN",1145,1142,1250,4,1303,1254,0,334
2000-01-07,353,"Chicago, IL",MSP,"Minneapolis, MN",744,741,853,10,903,903,0,334
2000-01-07,359,"Chicago, IL",MSP,"Minneapolis, MN",1344,1419,1528,3,1503,1531,0,334
2000-01-07,457,"Chicago, IL",MSP,"Minneapolis, MN",1044,1048,1211,4,1202,1215,0,334
2000-01-07,583,"Chicago, IL",MSP,"Minneapolis, MN",1544,1543,1705,4,1707,1709,0,334
2000-01-07,599,"Chicago, IL",MSP,"Minneapolis, MN",945,941,1055,4,1104,1059,0,334
2000-01-07,719,"Chicago, IL",MSP,"Minneapolis, MN",1444,1447,1556,3,1604,1559,0,334
2000-01-07,765,"Chicago, IL",MSP,"Minneapolis, MN",1644,1643,1811,6,1805,1817,0,334
2000-01-07,799,"Chicago, IL",MSP,"Minneapolis, MN",645,642,803,7,808,810,0,334
2000-01-07,1067,"Chicago, IL",MSP,"Minneapolis, MN",1744,1746,1929,5,1912,1934,0,334
2000-01-07,1107,"Chicago, IL",MSP,"Minneapolis, MN",1945,1943,2119,4,2103,2123,0,334
2000-01-07,1139,"Chicago, IL",MSP,"Minneapolis, MN",1845,1850,2010,3,2007,2013,0,334
2000-01-07,1583,"Chicago, IL",MSP,"Minneapolis, MN",1245,1242,1356,3,1404,1359,0,334
2000-01-07,1889,"Chicago, IL",MSP,"Minneapolis, MN",2225,2226,2334,4,2341,2338,0,334
2000-01-07,1917,"Chicago, IL",MSP,"Minneapolis, MN",845,843,1008,3,1008,1011,0,334
2000-01-07,535,"Chicago, IL",OMA,"Omaha, NE",1210,1211,1339,3,1334,1342,0,416
2000-01-07,635,"Chicago, IL",OMA,"Omaha, NE",816,815,933,4,940,937,0,416
2000-01-07,775,"Chicago, IL",OMA,"Omaha, NE",1950,1950,2123,5,2117,2128,0,416
2000-01-07,1129,"Chicago, IL",OMA,"Omaha, NE",912,908,1023,3,1031,1026,0,416
2000-01-07,1499,"Chicago, IL",OMA,"Omaha, NE",1540,1540,1705,4,1700,1709,0,416
2000-01-07,1149,"Chicago, IL",ONT,"Ontario, CA",1914,1946,2147,2,2131,2149,0,1700
2000-01-07,1733,"Chicago, IL",ONT,"Ontario, CA",1155,1155,1352,2,1413,1354,0,1700
2000-01-07,1850,"Chicago, IL",PHL,"Philadelphia, PA",600,600,915,7,854,922,0,678
2000-01-07,1852,"Chicago, IL",PHL,"Philadelphia, PA",700,"","","",949,"",1,678
2000-01-07,1854,"Chicago, IL",PHL,"Philadelphia, PA",815,839,1116,3,1102,1119,0,678
2000-01-07,1856,"Chicago, IL",PHL,"Philadelphia, PA",900,"","","",1149,"",1,678
2000-01-07,1858,"Chicago, IL",PHL,"Philadelphia, PA",1000,957,1243,7,1249,1250,0,678
2000-01-07,1860,"Chicago, IL",PHL,"Philadelphia, PA",1100,1059,1335,7,1349,1342,0,678
2000-01-07,1862,"Chicago, IL",PHL,"Philadelphia, PA",1200,1207,1458,6,1449,1504,0,678
2000-01-07,1864,"Chicago, IL",PHL,"Philadelphia, PA",1310,1306,1549,4,1607,1553,0,678
2000-01-07,1866,"Chicago, IL",PHL,"Philadelphia, PA",1410,1408,1654,4,1706,1658,0,678
2000-01-07,1868,"Chicago, IL",PHL,"Philadelphia, PA",1600,1600,1841,8,1854,1849,0,678
2000-01-07,1872,"Chicago, IL",PHL,"Philadelphia, PA",1700,1658,1942,3,1958,1945,0,678
2000-01-07,1874,"Chicago, IL",PHL,"Philadelphia, PA",1800,1756,2047,4,2050,2051,0,678
2000-01-07,1876,"Chicago, IL",PHL,"Philadelphia, PA",1900,1859,2138,4,2150,2142,0,678
2000-01-07,1878,"Chicago, IL",PHL,"Philadelphia, PA",2050,2047,2327,4,2334,2331,0,678
2000-01-07,345,"Chicago, IL",PHX,"Phoenix, AZ",1144,1142,1416,2,1423,1418,0,1440
2000-01-07,423,"Chicago, IL",PHX,"Phoenix, AZ",1514,1521,1801,3,1757,1804,0,1440
2000-01-07,667,"Chicago, IL",PHX,"Phoenix, AZ",1935,1933,2204,4,2213,2208,0,1440
2000-01-07,1273,"Chicago, IL",PHX,"Phoenix, AZ",1805,1839,2051,7,2037,2058,0,1440
2000-01-07,1419,"Chicago, IL",PHX,"Phoenix, AZ",920,923,1132,14,1159,1146,0,1440
2000-01-07,1969,"Chicago, IL",PHX,"Phoenix, AZ",750,748,1003,6,1029,1009,0,1440
2000-01-07,546,"Chicago, IL",PVD,"Providence, RI",1715,1714,2023,4,2022,2027,0,849
2000-01-07,1276,"Chicago, IL",PVD,"Providence, RI",850,849,1146,4,1152,1150,0,849
2000-01-07,1734,"Chicago, IL",PVD,"Providence, RI",1308,1332,1635,5,1613,1640,0,849
2000-01-07,798,"Chicago, IL",PWM,"Portland, ME",2045,2041,2342,1,2357,2343,0,900
2000-01-07,1130,"Chicago, IL",PWM,"Portland, ME",1310,1333,1644,3,1619,1647,0,900
2000-01-07,1230,"Chicago, IL",PWM,"Portland, ME",740,757,1048,3,1043,1051,0,900
2000-01-07,586,"Chicago, IL",RDU,"Raleigh/Durham, NC",1330,1411,1649,7,1618,1656,0,647
2000-01-07,588,"Chicago, IL",RDU,"Raleigh/Durham, NC",2100,2057,2333,7,2347,2340,0,647
2000-01-07,1108,"Chicago, IL",RDU,"Raleigh/Durham, NC",1644,1645,1924,8,1931,1932,0,647
2000-01-07,1114,"Chicago, IL",RDU,"Raleigh/Durham, NC",625,621,901,3,912,904,0,647
2000-01-07,590,"Chicago, IL",SDF,"Louisville, KY",2115,2126,2328,4,2324,2332,0,286
2000-01-07,1650,"Chicago, IL",SDF,"Louisville, KY",1355,1354,1552,4,1602,1556,0,286
2000-01-07,271,"Chicago, IL",SJC,"San Jose, CA",920,919,1141,4,1152,1145,0,1830
2000-01-07,559,"Chicago, IL",SJC,"San Jose, CA",1535,1535,1755,6,1803,1801,0,1830
2000-01-07,661,"Chicago, IL",SJC,"San Jose, CA",1935,1932,2150,9,2209,2159,0,1830
2000-01-07,691,"Chicago, IL",SJC,"San Jose, CA",1205,1209,1434,4,1437,1438,0,1830
2000-01-07,324,"Chicago, IL",TPA,"Tampa, FL",1030,1038,1352,1,1352,1353,0,1012
2000-01-07,1070,"Chicago, IL",TPA,"Tampa, FL",1725,1727,2057,2,2050,2059,0,1012
2000-01-07,1090,"Chicago, IL",TPA,"Tampa, FL",1316,1313,1642,8,1641,1650,0,1012
2000-01-07,1676,"Chicago, IL",TPA,"Tampa, FL",739,738,1059,2,1110,1101,0,1012
2000-01-07,1930,"Chicago, IL",TPA,"Tampa, FL",2115,2115,44,3,45,47,0,1012
2000-01-07,1122,"Chicago, IL",ABE,"Allentown/Bethlehem/Easton, PA",1650,1645,1922,3,1934,1925,0,654
2000-01-07,1656,"Chicago, IL",ABE,"Allentown/Bethlehem/Easton, PA",1410,1405,1634,2,1656,1636,0,654
2000-01-07,373,"Chicago, IL",AUS,"Austin, TX",1914,1912,2202,4,2155,2206,0,978
2000-01-07,589,"Chicago, IL",AUS,"Austin, TX",922,921,1208,3,1202,1211,0,978
2000-01-07,394,"Chicago, IL",BDL,"Hartford, CT",1650,1651,1947,8,1950,1955,0,783
2000-01-07,398,"Chicago, IL",BDL,"Hartford, CT",910,906,1152,3,1204,1155,0,783
2000-01-07,1126,"Chicago, IL",BDL,"Hartford, CT",2050,2048,2339,5,2351,2344,0,783
2000-01-07,1228,"Chicago, IL",BDL,"Hartford, CT",1320,1320,1611,5,1621,1616,0,783
2000-01-07,1404,"Chicago, IL",BDL,"Hartford, CT",1035,1033,1319,4,1332,1323,0,783
2000-01-07,1522,"Chicago, IL",BDL,"Hartford, CT",600,602,851,3,856,854,0,783
2000-01-07,502,"Chicago, IL",BOS,"Boston, MA",645,645,928,9,956,937,0,867
2000-01-07,504,"Chicago, IL",BOS,"Boston, MA",744,743,1041,6,1053,1047,0,867
2000-01-07,506,"Chicago, IL",BOS,"Boston, MA",845,854,1150,5,1154,1155,0,867
2000-01-07,508,"Chicago, IL",BOS,"Boston, MA",945,"","","",1254,"",1,867
2000-01-07,512,"Chicago, IL",BOS,"Boston, MA",1144,1140,1431,7,1457,1438,0,867
2000-01-07,514,"Chicago, IL",BOS,"Boston, MA",1245,1245,1542,5,1554,1547,0,867
2000-01-07,516,"Chicago, IL",BOS,"Boston, MA",1644,1710,2009,9,1959,2018,0,867
2000-01-07,518,"Chicago, IL",BOS,"Boston, MA",1344,"","","",1707,"",1,867
2000-01-07,522,"Chicago, IL",BOS,"Boston, MA",1544,"","","",1858,"",1,867
2000-01-07,524,"Chicago, IL",BOS,"Boston, MA",1744,1741,2049,6,2059,2055,0,867
2000-01-07,526,"Chicago, IL",BOS,"Boston, MA",1845,1843,2147,6,2156,2153,0,867
2000-01-07,528,"Chicago, IL",BOS,"Boston, MA",1444,1443,1732,5,1759,1737,0,867
2000-01-07,884,"Chicago, IL",BOS,"Boston, MA",1044,1042,1341,5,1355,1346,0,867
2000-01-07,1018,"Chicago, IL",BOS,"Boston, MA",2045,2100,7,3,2355,10,0,867
2000-01-07,138,"Chicago, IL",CMH,"Columbus, OH",1310,1308,1530,5,1516,1535,0,296
2000-01-07,601,"Chicago, IL",CMH,"Columbus, OH",805,801,1002,4,1010,1006,0,296
2000-01-07,1118,"Chicago, IL",CMH,"Columbus, OH",655,649,842,3,901,845,0,296
2000-01-07,1452,"Chicago, IL",CMH,"Columbus, OH",1105,1102,1304,6,1310,1310,0,296
2000-01-07,1518,"Chicago, IL",CMH,"Columbus, OH",1644,1651,1904,6,1854,1910,0,296
2000-01-07,1548,"Chicago, IL",CMH,"Columbus, OH",2115,2111,2310,6,2325,2316,0,296
2000-01-07,600,"Chicago, IL",DCA,"Washington, DC",630,628,859,4,907,903,0,612
2000-01-07,602,"Chicago, IL",DCA,"Washington, DC",730,728,957,3,1010,1000,0,612
2000-01-07,604,"Chicago, IL",DCA,"Washington, DC",830,826,1054,5,1111,1059,0,612
2000-01-07,606,"Chicago, IL",DCA,"Washington, DC",930,931,1203,2,1209,1205,0,612
2000-01-07,608,"Chicago, IL",DCA,"Washington, DC",1030,1028,1255,2,1309,1257,0,612
2000-01-07,610,"Chicago, IL",DCA,"Washington, DC",1130,"","","",1403,"",1,612
2000-01-07,612,"Chicago, IL",DCA,"Washington, DC",1230,1227,1453,4,1506,1457,0,612
2000-01-07,614,"Chicago, IL",DCA,"Washington, DC",1314,1310,1551,2,1558,1553,0,612
2000-01-07,616,"Chicago, IL",DCA,"Washington, DC",1330,"","","",1617,"",1,612
2000-01-07,618,"Chicago, IL",DCA,"Washington, DC",1430,1428,1656,2,1711,1658,0,612
2000-01-07,620,"Chicago, IL",DCA,"Washington, DC",1530,1529,1804,2,1810,1806,0,612
2000-01-07,622,"Chicago, IL",DCA,"Washington, DC",1630,"","","",1908,"",1,612
2000-01-07,624,"Chicago, IL",DCA,"Washington, DC",1700,1659,1936,2,1947,1938,0,612
2000-01-07,626,"Chicago, IL",DCA,"Washington, DC",1730,1728,2015,2,2016,2017,0,612
2000-01-07,628,"Chicago, IL",DCA,"Washington, DC",1830,1829,2104,3,2108,2107,0,612
2000-01-07,630,"Chicago, IL",DCA,"Washington, DC",1930,1925,2205,2,2208,2207,0,612
2000-01-07,632,"Chicago, IL",DCA,"Washington, DC",2045,2043,2311,2,2323,2313,0,612
2000-01-07,321,"Chicago, IL",DFW,"Dallas/Fort Worth, TX",945,942,1157,12,1208,1209,0,802
2000-01-07,495,"Chicago, IL",DFW,"Dallas/Fort Worth, TX",655,652,914,8,916,922,0,802
2000-01-07,685,"Chicago, IL",DFW,"Dallas/Fort Worth, TX",1405,1405,1624,9,1629,1633,0,802
2000-01-07,789,"Chicago, IL",DFW,"Dallas/Fort Worth, TX",1514,1515,1750,11,1738,1801,0,802
2000-01-07,1115,"Chicago, IL",DFW,"Dallas/Fort Worth, TX",830,852,1107,8,1051,1115,0,802
2000-01-07,1281,"Chicago, IL",DFW,"Dallas/Fort Worth, TX",1800,1757,2013,7,2015,2020,0,802
2000-01-07,1621,"Chicago, IL",DFW,"Dallas/Fort Worth, TX",1925,1928,2200,7,2147,2207,0,802
2000-01-07,1707,"Chicago, IL",DFW,"Dallas/Fort Worth, TX",1155,1150,1407,4,1421,1411,0,802
2000-01-07,634,"Chicago, IL",EWR,"Newark, NJ",630,627,909,7,928,916,0,719
2000-01-07,636,"Chicago, IL",EWR,"Newark, NJ",730,728,1007,9,1027,1016,0,719
2000-01-07,638,"Chicago, IL",EWR,"Newark, NJ",830,828,1104,7,1128,1111,0,719
2000-01-07,640,"Chicago, IL",EWR,"Newark, NJ",930,930,1212,5,1225,1217,0,719
2000-01-07,642,"Chicago, IL",EWR,"Newark, NJ",1030,1042,1319,5,1328,1324,0,719
2000-01-07,644,"Chicago, IL",EWR,"Newark, NJ",1130,1127,1413,5,1429,1418,0,719
2000-01-07,646,"Chicago, IL",EWR,"Newark, NJ",1230,1230,1521,8,1533,1529,0,719
2000-01-07,648,"Chicago, IL",EWR,"Newark, NJ",1330,"","","",1644,"",1,719
2000-01-07,652,"Chicago, IL",EWR,"Newark, NJ",1430,1427,1709,10,1738,1719,0,719
2000-01-07,654,"Chicago, IL",EWR,"Newark, NJ",1530,1527,1905,7,1840,1912,0,719
2000-01-07,656,"Chicago, IL",EWR,"Newark, NJ",1644,1712,2007,10,1947,2017,0,719
2000-01-07,658,"Chicago, IL",EWR,"Newark, NJ",1730,"","","",2033,"",1,719
2000-01-07,660,"Chicago, IL",EWR,"Newark, NJ",1830,1827,2107,10,2126,2117,0,719
2000-01-07,664,"Chicago, IL",EWR,"Newark, NJ",2045,2042,2328,7,2343,2335,0,719
2000-01-07,561,"Chicago, IL",ICT,"Wichita, KS",1915,1917,2106,4,2104,2110,0,588
2000-01-07,649,"Chicago, IL",ICT,"Wichita, KS",1514,1511,1658,3,1700,1701,0,588
2000-01-07,795,"Chicago, IL",ICT,"Wichita, KS",915,917,1052,2,1104,1054,0,588
2000-01-07,292,"Chicago, IL",IND,"Indianapolis, IN",700,658,841,8,856,849,0,177
2000-01-07,314,"Chicago, IL",IND,"Indianapolis, IN",1655,1655,1843,8,1851,1851,0,177
2000-01-07,500,"Chicago, IL",IND,"Indianapolis, IN",1144,1150,1334,10,1341,1344,0,177
2000-01-07,1590,"Chicago, IL",IND,"Indianapolis, IN",1520,1520,1708,7,1716,1715,0,177
2000-01-07,1608,"Chicago, IL",IND,"Indianapolis, IN",1310,1308,1446,8,1505,1454,0,177
2000-01-07,1758,"Chicago, IL",IND,"Indianapolis, IN",2105,2108,2255,7,2303,2302,0,177
2000-01-07,1808,"Chicago, IL",IND,"Indianapolis, IN",2225,2221,6,16,20,22,0,177
2000-01-07,707,"Chicago, IL",LAS,"Las Vegas, NV",2230,2228,5,4,16,9,0,1515
2000-01-07,711,"Chicago, IL",LAS,"Las Vegas, NV",1935,1951,2134,6,2121,2140,0,1515
2000-01-07,715,"Chicago, IL",LAS,"Las Vegas, NV",1514,1513,1700,5,1656,1705,0,1515
2000-01-07,717,"Chicago, IL",LAS,"Las Vegas, NV",800,756,931,4,936,935,0,1515
2000-01-07,721,"Chicago, IL",LAS,"Las Vegas, NV",1150,1228,1348,6,1330,1354,0,1515
2000-01-07,101,"Chicago, IL",LAX,"Los Angeles, CA",800,807,952,12,1021,1004,0,1745
2000-01-07,107,"Chicago, IL",LAX,"Los Angeles, CA",1630,1628,1829,8,1849,1837,0,1745
2000-01-07,111,"Chicago, IL",LAX,"Los Angeles, CA",1245,1249,1447,9,1508,1456,0,1745
2000-01-07,115,"Chicago, IL",LAX,"Los Angeles, CA",930,929,1127,12,1148,1139,0,1745
2000-01-07,117,"Chicago, IL",LAX,"Los Angeles, CA",1155,1220,1416,7,1409,1423,0,1745
2000-01-07,119,"Chicago, IL",LAX,"Los Angeles, CA",1330,1333,1541,7,1550,1548,0,1745
2000-01-07,121,"Chicago, IL",LAX,"Los Angeles, CA",1430,1427,1628,4,1644,1632,0,1745
2000-01-07,125,"Chicago, IL",LAX,"Los Angeles, CA",1210,1210,1425,5,1433,1430,0,1745
2000-01-07,127,"Chicago, IL",LAX,"Los Angeles, CA",2220,2221,24,7,40,31,0,1745
2000-01-07,129,"Chicago, IL",LAX,"Los Angeles, CA",2030,2031,2234,5,2250,2239,0,1745
2000-01-07,607,"Chicago, IL",LAX,"Los Angeles, CA",1040,1044,1245,10,1303,1255,0,1745
2000-01-07,762,"Chicago, IL",LAX,"Los Angeles, CA",700,659,901,5,917,906,0,1745
2000-01-07,815,"Chicago, IL",LAX,"Los Angeles, CA",1755,1755,2008,6,2012,2014,0,1745
2000-01-07,841,"Chicago, IL",LAX,"Los Angeles, CA",1925,1937,2154,6,2145,2200,0,1745
2000-01-07,953,"Chicago, IL",LAX,"Los Angeles, CA",2000,2017,2211,6,2218,2217,0,1745
2000-01-07,393,"Chicago, IL",MCI,"Kansas City, MO",914,913,1020,2,1034,1022,0,403
2000-01-07,455,"Chicago, IL",MCI,"Kansas City, MO",1144,1212,1330,3,1305,1333,0,403
2000-01-07,1147,"Chicago, IL",MCI,"Kansas City, MO",804,803,913,3,926,916,0,403
2000-01-07,1597,"Chicago, IL",MCI,"Kansas City, MO",1530,1529,1656,4,1651,1700,0,403
2000-01-07,1747,"Chicago, IL",MCI,"Kansas City, MO",1944,1941,2114,3,2111,2117,0,403
2000-01-07,1895,"Chicago, IL",MCI,"Kansas City, MO",1814,1812,1930,4,1941,1934,0,403
2000-01-07,421,"Chicago, IL",MEM,"Memphis, TN",1510,1511,1642,3,1644,1645,0,491
2000-01-07,1151,"Chicago, IL",MEM,"Memphis, TN",920,922,1042,5,1054,1047,0,491
2000-01-07,1795,"Chicago, IL",MEM,"Memphis, TN",1914,1912,2034,4,2049,2038,0,491
2000-01-07,379,"Chicago, IL",OAK,"Oakland, CA",1535,1534,1758,4,1802,1802,0,1836
2000-01-07,469,"Chicago, IL",OAK,"Oakland, CA",1944,1943,2218,5,2223,2223,0,1836
2000-01-07,1455,"Chicago, IL",OAK,"Oakland, CA",928,925,1143,4,1206,1147,0,1836
2000-01-07,556,"Chicago, IL",PIT,"Pittsburgh, PA",739,735,942,4,957,946,0,412
2000-01-07,576,"Chicago, IL",PIT,"Pittsburgh, PA",1040,1055,1308,6,1255,1314,0,412
2000-01-07,582,"Chicago, IL",PIT,"Pittsburgh, PA",1310,1305,1517,6,1530,1523,0,412
2000-01-07,734,"Chicago, IL",PIT,"Pittsburgh, PA",1444,1455,1713,5,1704,1718,0,412
2000-01-07,760,"Chicago, IL",PIT,"Pittsburgh, PA",2055,2053,2310,8,2314,2318,0,412
2000-01-07,1204,"Chicago, IL",PIT,"Pittsburgh, PA",1644,1646,1902,6,1908,1908,0,412
2000-01-07,1174,"Chicago, IL",RSW,"Fort Myers, FL",1455,1500,1837,3,1836,1840,0,1120
2000-01-07,1206,"Chicago, IL",RSW,"Fort Myers, FL",739,739,1114,5,1120,1119,0,1120
2000-01-07,315,"Chicago, IL",SAN,"San Diego, CA",815,813,1014,3,1024,1017,0,1723
2000-01-07,477,"Chicago, IL",SAN,"San Diego, CA",1144,1144,1349,2,1354,1351,0,1723
2000-01-07,741,"Chicago, IL",SAN,"San Diego, CA",937,953,1141,3,1148,1144,0,1723
2000-01-07,929,"Chicago, IL",SAN,"San Diego, CA",1514,1511,1718,3,1727,1721,0,1723
2000-01-07,1121,"Chicago, IL",SAN,"San Diego, CA",1755,1754,1958,1,2009,1959,0,1723
2000-01-07,1277,"Chicago, IL",SAN,"San Diego, CA",1940,1937,2145,3,2155,2148,0,1723
2000-01-07,333,"Chicago, IL",SEA,"Seattle, WA",925,925,1141,4,1146,1145,0,1721
2000-01-07,337,"Chicago, IL",SEA,"Seattle, WA",1914,1914,2210,5,2142,2215,0,1721
2000-01-07,383,"Chicago, IL",SEA,"Seattle, WA",1750,1752,2025,6,2019,2031,0,1721
2000-01-07,537,"Chicago, IL",SEA,"Seattle, WA",2225,2226,42,5,44,47,0,1721
2000-01-07,755,"Chicago, IL",SEA,"Seattle, WA",810,809,1038,5,1031,1043,0,1721
2000-01-07,939,"Chicago, IL",SEA,"Seattle, WA",1144,1146,1408,6,1405,1414,0,1721
2000-01-07,943,"Chicago, IL",SEA,"Seattle, WA",1530,1533,1755,3,1746,1758,0,1721
2000-01-07,1748,"Chicago, IL",SJU,"San Juan, PR",739,740,1356,5,1405,1401,0,2072
2000-01-07,1671,"Chicago, IL",STL,"St. Louis, MO",1520,1531,1627,4,1629,1631,0,258
2000-01-07,356,"Chicago, IL",SYR,"Syracuse, NY",1320,1320,1600,3,1604,1603,0,607
2000-01-07,1498,"Chicago, IL",SYR,"Syracuse, NY",1730,1728,2021,3,2010,2024,0,607
2000-01-07,1620,"Chicago, IL",SYR,"Syracuse, NY",630,628,858,4,904,902,0,607
2000-01-07,568,"Chicago, IL",BTV,"Burlington, VT",1810,1810,2108,6,2059,2114,0,763
2000-01-07,1076,"Chicago, IL",BTV,"Burlington, VT",1325,1322,1628,4,1624,1632,0,763
2000-01-07,380,"Chicago, IL",BUF,"Buffalo, NY",1644,1643,1907,2,1907,1909,0,473
2000-01-07,786,"Chicago, IL",BUF,"Buffalo, NY",738,735,947,3,957,950,0,473
2000-01-07,790,"Chicago, IL",BUF,"Buffalo, NY",2100,2057,2321,2,2323,2323,0,473
2000-01-07,1576,"Chicago, IL",BUF,"Buffalo, NY",1450,1451,1713,2,1715,1715,0,473
2000-01-07,1881,"Chicago, IL",BUF,"Buffalo, NY",1105,1101,1317,2,1322,1319,0,473
2000-01-07,240,"Chicago, IL",CLE,"Cleveland, OH",1050,1048,1252,5,1259,1257,0,316
2000-01-07,348,"Chicago, IL",CLE,"Cleveland, OH",1714,1712,1932,7,1933,1939,0,316
2000-01-07,520,"Chicago, IL",CLE,"Cleveland, OH",625,623,844,5,842,849,0,316
2000-01-07,1184,"Chicago, IL",CLE,"Cleveland, OH",1310,1306,1520,6,1527,1526,0,316
2000-01-07,1588,"Chicago, IL",CLE,"Cleveland, OH",2115,2114,2314,4,2328,2318,0,316
2000-01-07,1922,"Chicago, IL",CLE,"Cleveland, OH",744,744,943,4,951,947,0,316
2000-01-07,699,"Chicago, IL",DSM,"Des Moines, IA",815,812,914,2,924,916,0,299
2000-01-07,773,"Chicago, IL",DSM,"Des Moines, IA",1514,1521,1656,2,1623,1658,0,299
2000-01-07,785,"Chicago, IL",DSM,"Des Moines, IA",2230,2231,2342,5,2338,2347,0,299
2000-01-07,1101,"Chicago, IL",DSM,"Des Moines, IA",1930,1930,2038,3,2042,2041,0,299
2000-01-07,1437,"Chicago, IL",DSM,"Des Moines, IA",1210,1206,1329,3,1318,1332,0,299
2000-01-07,1757,"Chicago, IL",DSM,"Des Moines, IA",920,919,1021,3,1033,1024,0,299
2000-01-07,43,"Chicago, IL",HNL,"Honolulu, HI",1000,957,1422,3,1507,1425,0,4244
2000-01-07,780,"Chicago, IL",HPN,"White Plains, NY",1727,1726,2029,3,2029,2032,0,738
2000-01-07,1200,"Chicago, IL",HPN,"White Plains, NY",1330,1328,1625,12,1635,1637,0,738
2000-01-07,1484,"Chicago, IL",HPN,"White Plains, NY",2045,2044,2340,6,2340,2346,0,738
2000-01-07,1486,"Chicago, IL",HPN,"White Plains, NY",705,702,949,3,1000,952,0,738
2000-01-07,1488,"Chicago, IL",HPN,"White Plains, NY",1135,1133,1417,3,1429,1420,0,738
2000-01-07,1686,"Chicago, IL",HPN,"White Plains, NY",1614,1615,1902,3,1910,1905,0,738
2000-01-07,474,"Chicago, IL",IAD,"Washington, DC",1320,1325,1550,8,1612,1558,0,589
2000-01-07,492,"Chicago, IL",IAD,"Washington, DC",1030,1037,1319,6,1312,1325,0,589
2000-01-07,538,"Chicago, IL",IAD,"Washington, DC",805,808,1036,6,1048,1042,0,589
2000-01-07,718,"Chicago, IL",IAD,"Washington, DC",1810,1808,2050,7,2100,2057,0,589
2000-01-07,766,"Chicago, IL",IAD,"Washington, DC",945,941,1210,4,1229,1214,0,589
2000-01-07,882,"Chicago, IL",IAD,"Washington, DC",1714,1714,1950,11,1958,2001,0,589
2000-01-07,1238,"Chicago, IL",IAD,"Washington, DC",2145,2143,21,4,28,25,0,589
2000-01-07,1242,"Chicago, IL",IAD,"Washington, DC",600,602,823,6,842,829,0,589
2000-01-07,1246,"Chicago, IL",IAD,"Washington, DC",1450,1504,1749,18,1746,1807,0,589
2000-01-07,501,"Chicago, IL",JAX,"Jacksonville, FL",820,819,1134,3,1132,1137,0,865
2000-01-07,631,"Chicago, IL",JAX,"Jacksonville, FL",2045,2048,2353,4,2359,2357,0,865
2000-01-07,684,"Chicago, IL",LGA,"New York, NY",1300,1258,1546,5,1554,1551,0,733
2000-01-07,686,"Chicago, IL",LGA,"New York, NY",1200,1158,1455,4,1452,1459,0,733
2000-01-07,690,"Chicago, IL",LGA,"New York, NY",1000,956,1243,4,1250,1247,0,733
2000-01-07,692,"Chicago, IL",LGA,"New York, NY",900,900,1146,3,1155,1149,0,733
2000-01-07,694,"Chicago, IL",LGA,"New York, NY",800,806,1102,3,1100,1105,0,733
2000-01-07,696,"Chicago, IL",LGA,"New York, NY",700,658,945,8,954,953,0,733
2000-01-07,698,"Chicago, IL",LGA,"New York, NY",600,602,845,3,855,848,0,733
2000-01-07,896,"Chicago, IL",LGA,"New York, NY",0,1128,1419,3,0,1422,0,733
2000-01-07,1547,"Chicago, IL",LNK,"Lincoln, NE",1950,2019,2135,2,2115,2137,0,466
2000-01-07,1815,"Chicago, IL",LNK,"Lincoln, NE",912,907,1027,3,1037,1030,0,466
2000-01-07,521,"Chicago, IL",MBS,"Saginaw/Bay City/Midland, MI",1703,1700,1859,3,1900,1902,0,222
2000-01-07,1760,"Chicago, IL",MBS,"Saginaw/Bay City/Midland, MI",1310,1315,1510,2,1507,1512,0,222
2000-01-07,1851,"Chicago, IL",MBS,"Saginaw/Bay City/Midland, MI",815,818,1007,2,1012,1009,0,222
2000-01-07,1902,"Chicago, IL",MBS,"Saginaw/Bay City/Midland, MI",2115,2113,2307,3,2313,2310,0,222
2000-01-07,562,"Chicago, IL",MHT,"Manchester, NH",2057,2057,2358,4,2359,2,0,843
2000-01-07,1024,"Chicago, IL",MHT,"Manchester, NH",1309,1311,1605,5,1614,1610,0,843
2000-01-07,1048,"Chicago, IL",MHT,"Manchester, NH",1644,1640,1939,6,1949,1945,0,843
2000-01-07,330,"Chicago, IL",ORF,"Norfolk, VA",1314,1518,1822,7,1612,1829,0,717
2000-01-07,532,"Chicago, IL",ORF,"Norfolk, VA",1725,1717,2012,6,2020,2018,0,717
2000-01-07,1198,"Chicago, IL",ORF,"Norfolk, VA",825,912,1157,3,1121,1200,0,717
2000-01-07,142,"Chicago, IL",PBI,"West Palm Beach/Palm Beach, FL",1950,1948,2327,4,2329,2331,0,1144
2000-01-07,639,"Chicago, IL",PBI,"West Palm Beach/Palm Beach, FL",1030,1125,1455,4,1409,1459,0,1144
2000-01-07,282,"Chicago, IL",RIC,"Richmond, VA",625,622,853,2,912,855,0,642
2000-01-07,1606,"Chicago, IL",RIC,"Richmond, VA",1314,1313,1604,3,1603,1607,0,642
2000-01-07,1824,"Chicago, IL",RIC,"Richmond, VA",1720,1722,2003,4,2009,2007,0,642
2000-01-07,386,"Chicago, IL",ROC,"Rochester, NY",2125,2121,2344,7,2359,2351,0,528
2000-01-07,438,"Chicago, IL",ROC,"Rochester, NY",1705,1704,1931,9,1939,1940,0,528
2000-01-07,550,"Chicago, IL",ROC,"Rochester, NY",1040,1038,1305,4,1309,1309,0,528
2000-01-07,1194,"Chicago, IL",ROC,"Rochester, NY",700,655,914,4,930,918,0,528
2000-01-07,1456,"Chicago, IL",ROC,"Rochester, NY",1440,1442,1700,7,1711,1707,0,528
2000-01-07,381,"Chicago, IL",SMF,"Sacramento, CA",915,915,1134,5,1147,1139,0,1781
2000-01-07,483,"Chicago, IL",SMF,"Sacramento, CA",1914,1924,2137,5,2145,2142,0,1781
2000-01-07,621,"Chicago, IL",SMF,"Sacramento, CA",1545,1544,1813,6,1814,1819,0,1781
2000-01-07,1405,"Chicago, IL",SMF,"Sacramento, CA",1144,1207,1412,4,1408,1416,0,1781
2000-01-07,303,"Chicago, IL",SNA,"Santa Ana, CA",1525,1527,1732,5,1737,1737,0,1726
2000-01-07,365,"Chicago, IL",SNA,"Santa Ana, CA",1144,1143,1348,8,1357,1356,0,1726
2000-01-07,473,"Chicago, IL",SNA,"Santa Ana, CA",1944,1943,2155,16,2159,2211,0,1726
2000-01-07,1075,"Chicago, IL",SNA,"Santa Ana, CA",1745,1743,1946,4,2000,1950,0,1726
2000-01-07,1543,"Chicago, IL",SNA,"Santa Ana, CA",914,915,1105,25,1127,1130,0,1726
2000-01-07,285,"Chicago, IL",STL,"St. Louis, MO",739,738,832,3,849,835,0,258
2000-01-07,609,"Chicago, IL",STL,"St. Louis, MO",1144,1143,1237,3,1253,1240,0,258
2000-01-07,779,"Chicago, IL",STL,"St. Louis, MO",1925,1921,2028,7,2036,2035,0,258
2000-01-08,568,"Chicago, IL",BTV,"Burlington, VT",1810,1809,2050,4,2103,2054,0,763
2000-01-08,1076,"Chicago, IL",BTV,"Burlington, VT",1325,1324,1611,4,1624,1615,0,763
2000-01-08,380,"Chicago, IL",BUF,"Buffalo, NY",1644,1643,1859,3,1907,1902,0,473
2000-01-08,786,"Chicago, IL",BUF,"Buffalo, NY",738,735,948,4,957,952,0,473
2000-01-08,1576,"Chicago, IL",BUF,"Buffalo, NY",1450,1446,1659,2,1715,1701,0,473
2000-01-08,1881,"Chicago, IL",BUF,"Buffalo, NY",1105,1101,1315,2,1322,1317,0,473
2000-01-08,240,"Chicago, IL",CLE,"Cleveland, OH",1050,1047,1252,4,1259,1256,0,316
2000-01-08,348,"Chicago, IL",CLE,"Cleveland, OH",1730,1746,1957,6,1949,2003,0,316
2000-01-08,520,"Chicago, IL",CLE,"Cleveland, OH",625,624,824,5,842,829,0,316
2000-01-08,1184,"Chicago, IL",CLE,"Cleveland, OH",1310,1308,1506,3,1526,1509,0,316
2000-01-08,1922,"Chicago, IL",CLE,"Cleveland, OH",744,743,943,3,951,946,0,316
2000-01-08,773,"Chicago, IL",DSM,"Des Moines, IA",1514,1513,1612,5,1623,1617,0,299
2000-01-08,1101,"Chicago, IL",DSM,"Des Moines, IA",1930,1926,2029,5,2042,2034,0,299
2000-01-08,1437,"Chicago, IL",DSM,"Des Moines, IA",1210,1204,1321,5,1318,1326,0,299
2000-01-08,1757,"Chicago, IL",DSM,"Des Moines, IA",920,924,1022,5,1033,1027,0,299
2000-01-08,43,"Chicago, IL",HNL,"Honolulu, HI",1000,1000,1423,4,1507,1427,0,4244
2000-01-08,780,"Chicago, IL",HPN,"White Plains, NY",1727,1724,2011,4,2029,2015,0,738
2000-01-08,1200,"Chicago, IL",HPN,"White Plains, NY",1330,1329,1631,3,1635,1634,0,738
2000-01-08,1484,"Chicago, IL",HPN,"White Plains, NY",2045,2040,2326,4,2340,2330,0,738
2000-01-08,1486,"Chicago, IL",HPN,"White Plains, NY",705,702,941,2,1000,943,0,738
2000-01-08,474,"Chicago, IL",IAD,"Washington, DC",1320,1316,1602,9,1612,1611,0,589
2000-01-08,492,"Chicago, IL",IAD,"Washington, DC",1030,1028,1253,10,1312,1303,0,589
2000-01-08,538,"Chicago, IL",IAD,"Washington, DC",805,812,1034,6,1046,1040,0,589
2000-01-08,718,"Chicago, IL",IAD,"Washington, DC",1810,1807,2035,7,2100,2042,0,589
2000-01-08,766,"Chicago, IL",IAD,"Washington, DC",945,1000,1224,6,1229,1230,0,589
2000-01-08,882,"Chicago, IL",IAD,"Washington, DC",1714,1713,1943,7,2003,1950,0,589
2000-01-08,1242,"Chicago, IL",IAD,"Washington, DC",600,652,917,11,842,928,0,589
2000-01-08,1638,"Chicago, IL",IAD,"Washington, DC",2055,2054,2331,6,2338,2337,0,589
2000-01-08,472,"Chicago, IL",JAX,"Jacksonville, FL",1330,1327,1647,5,1650,1652,0,865
2000-01-08,501,"Chicago, IL",JAX,"Jacksonville, FL",820,818,1120,4,1132,1124,0,865
2000-01-08,684,"Chicago, IL",LGA,"New York, NY",1300,1258,1538,3,1554,1541,0,733
2000-01-08,692,"Chicago, IL",LGA,"New York, NY",900,902,1146,3,1155,1149,0,733
2000-01-08,694,"Chicago, IL",LGA,"New York, NY",800,756,1059,2,1100,1101,0,733
2000-01-08,696,"Chicago, IL",LGA,"New York, NY",700,656,932,4,954,936,0,733
2000-01-08,698,"Chicago, IL",LGA,"New York, NY",600,557,837,2,853,839,0,733
2000-01-08,896,"Chicago, IL",LGA,"New York, NY",0,1058,1336,2,0,1338,0,733
2000-01-08,1547,"Chicago, IL",LNK,"Lincoln, NE",1950,1947,2110,2,2115,2112,0,466
2000-01-08,1815,"Chicago, IL",LNK,"Lincoln, NE",912,907,1026,4,1037,1030,0,466
2000-01-08,521,"Chicago, IL",MBS,"Saginaw/Bay City/Midland, MI",1703,1702,1902,3,1900,1905,0,222
2000-01-08,1760,"Chicago, IL",MBS,"Saginaw/Bay City/Midland, MI",1310,1309,1456,3,1507,1459,0,222
2000-01-08,1851,"Chicago, IL",MBS,"Saginaw/Bay City/Midland, MI",815,812,1001,2,1012,1003,0,222
2000-01-08,562,"Chicago, IL",MHT,"Manchester, NH",2057,2056,2357,3,2359,2400,0,843
2000-01-08,1024,"Chicago, IL",MHT,"Manchester, NH",1309,1308,1551,1,1614,1552,0,843
2000-01-08,1048,"Chicago, IL",MHT,"Manchester, NH",1644,1644,1933,2,1949,1935,0,843
2000-01-08,330,"Chicago, IL",ORF,"Norfolk, VA",1314,1313,1612,5,1612,1617,0,717
2000-01-08,532,"Chicago, IL",ORF,"Norfolk, VA",1725,1735,2028,6,2020,2034,0,717
2000-01-08,1198,"Chicago, IL",ORF,"Norfolk, VA",825,826,1112,4,1121,1116,0,717
2000-01-08,444,"Chicago, IL",PBI,"West Palm Beach/Palm Beach, FL",1730,1727,2058,3,2117,2101,0,1144
2000-01-08,639,"Chicago, IL",PBI,"West Palm Beach/Palm Beach, FL",1030,1038,1410,1,1409,1411,0,1144
2000-01-08,282,"Chicago, IL",RIC,"Richmond, VA",625,626,859,4,912,903,0,642
2000-01-08,1606,"Chicago, IL",RIC,"Richmond, VA",1314,1314,1606,2,1603,1608,0,642
2000-01-08,1824,"Chicago, IL",RIC,"Richmond, VA",1720,1722,2000,7,2009,2007,0,642
2000-01-08,438,"Chicago, IL",ROC,"Rochester, NY",1705,1705,1930,7,1939,1937,0,528
2000-01-08,550,"Chicago, IL",ROC,"Rochester, NY",1040,1040,1307,6,1309,1313,0,528
2000-01-08,1194,"Chicago, IL",ROC,"Rochester, NY",700,654,916,7,930,923,0,528
2000-01-08,1456,"Chicago, IL",ROC,"Rochester, NY",1440,1500,1707,6,1711,1713,0,528
2000-01-08,381,"Chicago, IL",SMF,"Sacramento, CA",915,914,1140,3,1147,1143,0,1781
2000-01-08,483,"Chicago, IL",SMF,"Sacramento, CA",1914,1915,2137,5,2137,2142,0,1781
2000-01-08,621,"Chicago, IL",SMF,"Sacramento, CA",1545,1544,1804,5,1814,1809,0,1781
2000-01-08,1405,"Chicago, IL",SMF,"Sacramento, CA",1144,1148,1419,4,1416,1423,0,1781
2000-01-08,303,"Chicago, IL",SNA,"Santa Ana, CA",1525,1523,1727,5,1737,1732,0,1726
2000-01-08,365,"Chicago, IL",SNA,"Santa Ana, CA",1144,1147,1403,6,1357,1409,0,1726
2000-01-08,473,"Chicago, IL",SNA,"Santa Ana, CA",1945,1942,2152,5,2200,2157,0,1726
2000-01-08,1543,"Chicago, IL",SNA,"Santa Ana, CA",914,914,1120,15,1127,1135,0,1726
2000-01-08,285,"Chicago, IL",STL,"St. Louis, MO",739,737,844,3,849,847,0,258
2000-01-08,609,"Chicago, IL",STL,"St. Louis, MO",1144,1147,1253,4,1253,1257,0,258
2000-01-08,779,"Chicago, IL",STL,"St. Louis, MO",1925,1921,2025,4,2037,2029,0,258
2000-01-08,1122,"Chicago, IL",ABE,"Allentown/Bethlehem/Easton, PA",1650,1650,1927,4,1934,1931,0,654
2000-01-08,1656,"Chicago, IL",ABE,"Allentown/Bethlehem/Easton, PA",1410,1409,1644,3,1656,1647,0,654
2000-01-08,373,"Chicago, IL",AUS,"Austin, TX",1914,1914,2159,4,2155,2203,0,978
2000-01-08,589,"Chicago, IL",AUS,"Austin, TX",922,923,1203,2,1202,1205,0,978
2000-01-08,394,"Chicago, IL",BDL,"Hartford, CT",1650,1648,1935,4,1950,1939,0,783
2000-01-08,398,"Chicago, IL",BDL,"Hartford, CT",910,906,1147,4,1204,1151,0,783
2000-01-08,1126,"Chicago, IL",BDL,"Hartford, CT",2050,2048,2349,5,2351,2354,0,783
2000-01-08,1228,"Chicago, IL",BDL,"Hartford, CT",1320,1316,1600,3,1621,1603,0,783
2000-01-08,1404,"Chicago, IL",BDL,"Hartford, CT",1035,1038,1330,4,1332,1334,0,783
2000-01-08,1522,"Chicago, IL",BDL,"Hartford, CT",600,557,845,3,856,848,0,783
2000-01-08,502,"Chicago, IL",BOS,"Boston, MA",645,644,935,3,956,938,0,867
2000-01-08,506,"Chicago, IL",BOS,"Boston, MA",845,843,1135,3,1150,1138,0,867
2000-01-08,514,"Chicago, IL",BOS,"Boston, MA",1245,1241,1532,4,1554,1536,0,867
2000-01-08,516,"Chicago, IL",BOS,"Boston, MA",1644,1644,1936,6,1959,1942,0,867
2000-01-08,518,"Chicago, IL",BOS,"Boston, MA",1344,1344,1645,7,1707,1652,0,867
2000-01-08,524,"Chicago, IL",BOS,"Boston, MA",1744,1738,2040,6,2059,2046,0,867
2000-01-08,884,"Chicago, IL",BOS,"Boston, MA",1044,1157,1449,9,1355,1458,0,867
2000-01-08,1018,"Chicago, IL",BOS,"Boston, MA",2045,2037,2343,2,2355,2345,0,867
2000-01-08,138,"Chicago, IL",CMH,"Columbus, OH",1310,1307,1517,4,1516,1521,0,296
2000-01-08,601,"Chicago, IL",CMH,"Columbus, OH",805,804,1005,5,1010,1010,0,296
2000-01-08,1452,"Chicago, IL",CMH,"Columbus, OH",1105,1105,1300,4,1310,1304,0,296
2000-01-08,1518,"Chicago, IL",CMH,"Columbus, OH",1644,1639,1837,4,1854,1841,0,296
2000-01-08,1548,"Chicago, IL",CMH,"Columbus, OH",2115,2112,2318,3,2325,2321,0,296
2000-01-08,600,"Chicago, IL",DCA,"Washington, DC",630,626,856,2,910,858,0,612
2000-01-08,602,"Chicago, IL",DCA,"Washington, DC",730,729,959,7,1010,1006,0,612
2000-01-08,606,"Chicago, IL",DCA,"Washington, DC",930,926,1154,3,1209,1157,0,612
2000-01-08,610,"Chicago, IL",DCA,"Washington, DC",1130,1134,1357,3,1403,1400,0,612
2000-01-08,612,"Chicago, IL",DCA,"Washington, DC",1230,1226,1452,4,1506,1456,0,612
2000-01-08,616,"Chicago, IL",DCA,"Washington, DC",1330,1334,1616,4,1617,1620,0,612
2000-01-08,618,"Chicago, IL",DCA,"Washington, DC",1430,1437,1704,5,1711,1709,0,612
2000-01-08,622,"Chicago, IL",DCA,"Washington, DC",1630,1632,1904,4,1908,1908,0,612
2000-01-08,626,"Chicago, IL",DCA,"Washington, DC",1730,1743,2017,4,2016,2021,0,612
2000-01-08,632,"Chicago, IL",DCA,"Washington, DC",2045,2042,2304,4,2323,2308,0,612
2000-01-08,321,"Chicago, IL",DFW,"Dallas/Fort Worth, TX",945,941,1208,17,1208,1225,0,802
2000-01-08,789,"Chicago, IL",DFW,"Dallas/Fort Worth, TX",1514,1515,1741,10,1735,1751,0,802
2000-01-08,1115,"Chicago, IL",DFW,"Dallas/Fort Worth, TX",830,829,1054,7,1051,1101,0,802
2000-01-08,1281,"Chicago, IL",DFW,"Dallas/Fort Worth, TX",1800,1812,2025,5,2019,2030,0,802
2000-01-08,1621,"Chicago, IL",DFW,"Dallas/Fort Worth, TX",1925,1924,2143,8,2147,2151,0,802
2000-01-08,1707,"Chicago, IL",DFW,"Dallas/Fort Worth, TX",1155,1154,1425,9,1421,1434,0,802
2000-01-08,638,"Chicago, IL",EWR,"Newark, NJ",830,828,1111,7,1128,1118,0,719
2000-01-08,642,"Chicago, IL",EWR,"Newark, NJ",1030,1026,1315,7,1328,1322,0,719
2000-01-08,644,"Chicago, IL",EWR,"Newark, NJ",1130,1133,1429,4,1429,1433,0,719
2000-01-08,648,"Chicago, IL",EWR,"Newark, NJ",1330,"","","",1644,"",1,719
2000-01-08,652,"Chicago, IL",EWR,"Newark, NJ",1430,1430,1706,5,1738,1711,0,719
2000-01-08,656,"Chicago, IL",EWR,"Newark, NJ",1644,1647,1927,5,1947,1932,0,719
2000-01-08,664,"Chicago, IL",EWR,"Newark, NJ",2045,2045,2340,5,2343,2345,0,719
2000-01-08,561,"Chicago, IL",ICT,"Wichita, KS",1915,1917,2059,6,2104,2105,0,588
2000-01-08,795,"Chicago, IL",ICT,"Wichita, KS",915,913,1058,3,1104,1101,0,588
2000-01-08,292,"Chicago, IL",IND,"Indianapolis, IN",700,658,845,7,856,852,0,177
2000-01-08,314,"Chicago, IL",IND,"Indianapolis, IN",1655,1656,1843,7,1851,1850,0,177
2000-01-08,500,"Chicago, IL",IND,"Indianapolis, IN",1144,1142,1328,8,1341,1336,0,177
2000-01-08,1608,"Chicago, IL",IND,"Indianapolis, IN",1310,1309,1504,9,1505,1513,0,177
2000-01-08,1758,"Chicago, IL",IND,"Indianapolis, IN",2105,2103,2246,8,2303,2254,0,177
2000-01-08,701,"Chicago, IL",LAS,"Las Vegas, NV",1745,1744,1912,4,1924,1916,0,1515
2000-01-08,711,"Chicago, IL",LAS,"Las Vegas, NV",1935,1933,2108,4,2121,2112,0,1515
2000-01-08,715,"Chicago, IL",LAS,"Las Vegas, NV",1514,1517,1654,6,1656,1700,0,1515
2000-01-08,717,"Chicago, IL",LAS,"Las Vegas, NV",800,759,919,5,936,924,0,1515
2000-01-08,721,"Chicago, IL",LAS,"Las Vegas, NV",1150,1148,1333,4,1330,1337,0,1515
2000-01-08,101,"Chicago, IL",LAX,"Los Angeles, CA",800,758,958,8,1021,1006,0,1745
2000-01-08,105,"Chicago, IL",LAX,"Los Angeles, CA",1530,1539,1731,7,1742,1738,0,1745
2000-01-08,107,"Chicago, IL",LAX,"Los Angeles, CA",1630,1630,1837,10,1849,1847,0,1745
2000-01-08,111,"Chicago, IL",LAX,"Los Angeles, CA",1245,1243,1448,4,1508,1452,0,1745
2000-01-08,115,"Chicago, IL",LAX,"Los Angeles, CA",930,927,1125,22,1148,1147,0,1745
2000-01-08,117,"Chicago, IL",LAX,"Los Angeles, CA",1155,1156,1409,11,1409,1420,0,1745
2000-01-08,119,"Chicago, IL",LAX,"Los Angeles, CA",1330,1330,1542,6,1550,1548,0,1745
2000-01-08,125,"Chicago, IL",LAX,"Los Angeles, CA",1210,1209,1418,6,1433,1424,0,1745
2000-01-08,607,"Chicago, IL",LAX,"Los Angeles, CA",1040,1037,1238,18,1303,1256,0,1745
2000-01-08,762,"Chicago, IL",LAX,"Los Angeles, CA",700,701,900,5,917,905,0,1745
2000-01-08,815,"Chicago, IL",LAX,"Los Angeles, CA",1755,1756,2004,7,2012,2011,0,1745
2000-01-08,841,"Chicago, IL",LAX,"Los Angeles, CA",1935,1934,2146,5,2155,2151,0,1745
2000-01-08,953,"Chicago, IL",LAX,"Los Angeles, CA",2000,2000,2201,12,2218,2213,0,1745
2000-01-08,393,"Chicago, IL",MCI,"Kansas City, MO",914,910,1025,3,1034,1028,0,403
2000-01-08,455,"Chicago, IL",MCI,"Kansas City, MO",1144,1159,1324,2,1305,1326,0,403
2000-01-08,1147,"Chicago, IL",MCI,"Kansas City, MO",804,800,917,1,926,918,0,403
2000-01-08,1597,"Chicago, IL",MCI,"Kansas City, MO",1530,1527,1639,3,1651,1642,0,403
2000-01-08,1747,"Chicago, IL",MCI,"Kansas City, MO",1945,1943,2108,4,2112,2112,0,403
2000-01-08,1895,"Chicago, IL",MCI,"Kansas City, MO",1814,1920,2038,3,1938,2041,0,403
2000-01-08,421,"Chicago, IL",MEM,"Memphis, TN",1510,1510,1643,4,1644,1647,0,491
2000-01-08,1151,"Chicago, IL",MEM,"Memphis, TN",920,915,1053,5,1054,1058,0,491
2000-01-08,1795,"Chicago, IL",MEM,"Memphis, TN",1914,1916,2040,5,2049,2045,0,491
2000-01-08,379,"Chicago, IL",OAK,"Oakland, CA",1535,1609,1820,6,1802,1826,0,1836
2000-01-08,469,"Chicago, IL",OAK,"Oakland, CA",1944,1942,2204,4,2223,2208,0,1836
2000-01-08,1455,"Chicago, IL",OAK,"Oakland, CA",928,925,1157,4,1206,1201,0,1836
2000-01-08,556,"Chicago, IL",PIT,"Pittsburgh, PA",730,725,933,6,948,939,0,412
2000-01-08,576,"Chicago, IL",PIT,"Pittsburgh, PA",1040,1037,1242,6,1255,1248,0,412
2000-01-08,582,"Chicago, IL",PIT,"Pittsburgh, PA",1310,1308,1516,5,1530,1521,0,412
2000-01-08,734,"Chicago, IL",PIT,"Pittsburgh, PA",1444,1447,1701,3,1704,1704,0,412
2000-01-08,760,"Chicago, IL",PIT,"Pittsburgh, PA",2055,2054,2317,7,2316,2324,0,412
2000-01-08,1204,"Chicago, IL",PIT,"Pittsburgh, PA",1644,1720,1934,5,1908,1939,0,412
2000-01-08,1927,"Chicago, IL",PSP,"Palm Springs, CA",940,939,1148,4,1149,1152,0,1652
2000-01-08,1174,"Chicago, IL",RSW,"Fort Myers, FL",1455,1511,1841,2,1836,1843,0,1120
2000-01-08,1206,"Chicago, IL",RSW,"Fort Myers, FL",739,738,1122,2,1120,1124,0,1120
2000-01-08,315,"Chicago, IL",SAN,"San Diego, CA",845,845,1053,2,1056,1055,0,1723
2000-01-08,477,"Chicago, IL",SAN,"San Diego, CA",1144,1145,1347,2,1354,1349,0,1723
2000-01-08,741,"Chicago, IL",SAN,"San Diego, CA",937,933,1132,2,1148,1134,0,1723
2000-01-08,929,"Chicago, IL",SAN,"San Diego, CA",1514,1516,1716,3,1727,1719,0,1723
2000-01-08,1277,"Chicago, IL",SAN,"San Diego, CA",1940,1939,2143,2,2155,2145,0,1723
2000-01-08,333,"Chicago, IL",SEA,"Seattle, WA",925,923,1138,7,1146,1145,0,1721
2000-01-08,337,"Chicago, IL",SEA,"Seattle, WA",1914,1912,2144,6,2142,2150,0,1721
2000-01-08,383,"Chicago, IL",SEA,"Seattle, WA",1750,1749,2006,8,2019,2014,0,1721
2000-01-08,755,"Chicago, IL",SEA,"Seattle, WA",810,809,1025,4,1039,1029,0,1721
2000-01-08,939,"Chicago, IL",SEA,"Seattle, WA",1144,1146,1403,5,1405,1408,0,1721
2000-01-08,943,"Chicago, IL",SEA,"Seattle, WA",1530,1541,1755,5,1746,1800,0,1721
2000-01-08,1748,"Chicago, IL",SJU,"San Juan, PR",739,739,1400,12,1405,1412,0,2072
2000-01-08,1999,"Chicago, IL",SJU,"San Juan, PR",814,811,1428,11,1442,1439,0,2072
2000-01-08,1671,"Chicago, IL",STL,"St. Louis, MO",1520,1516,1623,2,1629,1625,0,258
2000-01-08,877,"Chicago, IL",STT,"Charlotte Amalie, VI",744,743,1410,4,1429,1414,0,2116
2000-01-08,356,"Chicago, IL",SYR,"Syracuse, NY",1320,1316,1554,5,1604,1559,0,607
2000-01-08,1498,"Chicago, IL",SYR,"Syracuse, NY",1730,1730,1959,6,2010,2005,0,607
2000-01-08,1620,"Chicago, IL",SYR,"Syracuse, NY",630,628,856,4,904,900,0,607
2000-01-08,352,"Chicago, IL",ALB,"Albany, NY",1320,1318,1605,3,1614,1608,0,723
2000-01-08,1104,"Chicago, IL",ALB,"Albany, NY",620,618,857,4,910,901,0,723
2000-01-08,1454,"Chicago, IL",ALB,"Albany, NY",1720,1718,2002,9,2014,2011,0,723
2000-01-08,446,"Chicago, IL",ATL,"Atlanta, GA",925,924,1159,11,1209,1210,0,606
2000-01-08,796,"Chicago, IL",ATL,"Atlanta, GA",1330,1452,1719,6,1628,1725,0,606
2000-01-08,1268,"Chicago, IL",ATL,"Atlanta, GA",650,649,928,11,941,939,0,606
2000-01-08,1628,"Chicago, IL",ATL,"Atlanta, GA",1035,1031,1310,5,1324,1315,0,606
2000-01-08,1690,"Chicago, IL",ATL,"Atlanta, GA",1655,1654,1929,6,1948,1935,0,606
2000-01-08,1162,"Chicago, IL",BHM,"Birmingham, AL",2125,2123,2258,5,2306,2303,0,584
2000-01-08,1166,"Chicago, IL",BHM,"Birmingham, AL",900,856,1033,3,1040,1036,0,584
2000-01-08,681,"Chicago, IL",CID,"Cedar Rapids/Iowa City, IA",1600,1555,1646,5,1655,1651,0,196
2000-01-08,743,"Chicago, IL",CID,"Cedar Rapids/Iowa City, IA",1920,1918,2006,5,2018,2011,0,196
2000-01-08,1823,"Chicago, IL",CID,"Cedar Rapids/Iowa City, IA",1145,1139,1227,4,1241,1231,0,196
2000-01-08,1827,"Chicago, IL",CID,"Cedar Rapids/Iowa City, IA",926,923,1018,4,1022,1022,0,196
2000-01-08,1019,"Chicago, IL",COS,"Colorado Springs, CO",1920,1939,2052,3,2045,2055,0,911
2000-01-08,1785,"Chicago, IL",COS,"Colorado Springs, CO",950,947,1113,7,1121,1120,0,911
2000-01-08,490,"Chicago, IL",CVG,"Cincinnati, OH",739,736,934,6,948,940,0,264
2000-01-08,529,"Chicago, IL",CVG,"Cincinnati, OH",2115,2110,2311,5,2324,2316,0,264
2000-01-08,772,"Chicago, IL",CVG,"Cincinnati, OH",1415,1413,1611,5,1618,1616,0,264
2000-01-08,1810,"Chicago, IL",CVG,"Cincinnati, OH",1110,1106,1305,4,1311,1309,0,264
2000-01-08,1892,"Chicago, IL",CVG,"Cincinnati, OH",1655,1707,1909,5,1901,1914,0,264
2000-01-08,241,"Chicago, IL",DEN,"Denver, CO",600,558,711,5,724,716,0,888
2000-01-08,243,"Chicago, IL",DEN,"Denver, CO",700,658,814,6,829,820,0,888
2000-01-08,245,"Chicago, IL",DEN,"Denver, CO",755,753,907,14,923,921,0,888
2000-01-08,247,"Chicago, IL",DEN,"Denver, CO",910,907,1026,5,1038,1031,0,888
2000-01-08,251,"Chicago, IL",DEN,"Denver, CO",945,940,1055,7,1117,1102,0,888
2000-01-08,253,"Chicago, IL",DEN,"Denver, CO",1245,1246,1408,8,1418,1416,0,888
2000-01-08,255,"Chicago, IL",DEN,"Denver, CO",1530,1529,1655,7,1701,1702,0,888
2000-01-08,259,"Chicago, IL",DEN,"Denver, CO",1525,1526,1648,15,1656,1703,0,888
2000-01-08,941,"Chicago, IL",DEN,"Denver, CO",1920,1935,2048,9,2052,2057,0,888
2000-01-08,945,"Chicago, IL",DEN,"Denver, CO",1150,1155,1321,5,1325,1326,0,888
2000-01-08,959,"Chicago, IL",DEN,"Denver, CO",1745,1742,1908,9,1910,1917,0,888
2000-01-08,368,"Chicago, IL",FLL,"Fort Lauderdale, FL",741,737,1123,4,1129,1127,0,1182
2000-01-08,434,"Chicago, IL",FLL,"Fort Lauderdale, FL",1700,1655,2051,8,2049,2059,0,1182
2000-01-08,1948,"Chicago, IL",FLL,"Fort Lauderdale, FL",1415,1418,1758,6,1804,1804,0,1182
2000-01-08,573,"Chicago, IL",IAH,"Houston, TX",914,914,1155,6,1147,1201,0,925
2000-01-08,703,"Chicago, IL",IAH,"Houston, TX",1200,1157,1441,4,1434,1445,0,925
2000-01-08,1169,"Chicago, IL",IAH,"Houston, TX",1514,1513,1744,5,1746,1749,0,925
2000-01-08,1897,"Chicago, IL",IAH,"Houston, TX",1925,1924,2155,4,2156,2159,0,925
2000-01-08,670,"Chicago, IL",LGA,"New York, NY",2100,2100,2350,3,2352,2353,0,733
2000-01-08,676,"Chicago, IL",LGA,"New York, NY",1700,1659,1941,4,2000,1945,0,733
2000-01-08,680,"Chicago, IL",LGA,"New York, NY",1500,1459,1741,3,1758,1744,0,733
2000-01-08,682,"Chicago, IL",LGA,"New York, NY",1400,1357,1647,4,1701,1651,0,733
2000-01-08,510,"Chicago, IL",MCO,"Orlando, FL",1935,1933,2251,3,2303,2254,0,1005
2000-01-08,1044,"Chicago, IL",MCO,"Orlando, FL",1655,1652,2007,3,2014,2010,0,1005
2000-01-08,1500,"Chicago, IL",MCO,"Orlando, FL",1344,1346,1703,5,1709,1708,0,1005
2000-01-08,1614,"Chicago, IL",MCO,"Orlando, FL",1035,1033,1354,5,1358,1359,0,1005
2000-01-08,1832,"Chicago, IL",MCO,"Orlando, FL",800,758,1125,4,1131,1129,0,1005
2000-01-08,299,"Chicago, IL",MSP,"Minneapolis, MN",1145,1145,1302,3,1303,1305,0,334
2000-01-08,353,"Chicago, IL",MSP,"Minneapolis, MN",744,745,859,4,903,903,0,334
2000-01-08,359,"Chicago, IL",MSP,"Minneapolis, MN",1344,1345,1505,3,1503,1508,0,334
2000-01-08,583,"Chicago, IL",MSP,"Minneapolis, MN",1544,1542,1652,3,1707,1655,0,334
2000-01-08,599,"Chicago, IL",MSP,"Minneapolis, MN",945,942,1053,3,1104,1056,0,334
2000-01-08,1067,"Chicago, IL",MSP,"Minneapolis, MN",1744,1833,1955,4,1912,1959,0,334
2000-01-08,1107,"Chicago, IL",MSP,"Minneapolis, MN",1945,1944,2057,4,2103,2101,0,334
2000-01-08,535,"Chicago, IL",OMA,"Omaha, NE",1210,1205,1333,4,1334,1337,0,416
2000-01-08,775,"Chicago, IL",OMA,"Omaha, NE",1950,1950,2109,2,2114,2111,0,416
2000-01-08,1129,"Chicago, IL",OMA,"Omaha, NE",912,911,1024,4,1031,1028,0,416
2000-01-08,1499,"Chicago, IL",OMA,"Omaha, NE",1540,1533,1655,4,1700,1659,0,416
2000-01-08,1149,"Chicago, IL",ONT,"Ontario, CA",1914,1914,2117,3,2131,2120,0,1700
2000-01-08,1733,"Chicago, IL",ONT,"Ontario, CA",1155,1152,1407,2,1413,1409,0,1700
2000-01-08,1850,"Chicago, IL",PHL,"Philadelphia, PA",600,557,832,5,854,837,0,678
2000-01-08,1854,"Chicago, IL",PHL,"Philadelphia, PA",815,813,1047,4,1102,1051,0,678
2000-01-08,1860,"Chicago, IL",PHL,"Philadelphia, PA",1100,1055,1332,6,1349,1338,0,678
2000-01-08,1866,"Chicago, IL",PHL,"Philadelphia, PA",1410,1409,1658,4,1706,1702,0,678
2000-01-08,1872,"Chicago, IL",PHL,"Philadelphia, PA",1700,1700,1940,8,1958,1948,0,678
2000-01-08,1878,"Chicago, IL",PHL,"Philadelphia, PA",2050,2047,2331,5,2334,2336,0,678
2000-01-08,345,"Chicago, IL",PHX,"Phoenix, AZ",1144,1144,1425,3,1425,1428,0,1440
2000-01-08,423,"Chicago, IL",PHX,"Phoenix, AZ",1514,1516,1741,7,1744,1748,0,1440
2000-01-08,667,"Chicago, IL",PHX,"Phoenix, AZ",1935,1932,2206,4,2213,2210,0,1440
2000-01-08,1273,"Chicago, IL",PHX,"Phoenix, AZ",1805,1831,2044,2,2037,2046,0,1440
2000-01-08,1419,"Chicago, IL",PHX,"Phoenix, AZ",920,931,1152,4,1159,1156,0,1440
2000-01-08,1969,"Chicago, IL",PHX,"Phoenix, AZ",805,1005,1235,3,1038,1238,0,1440
2000-01-08,546,"Chicago, IL",PVD,"Providence, RI",1714,1713,2006,4,2019,2010,0,849
2000-01-08,1276,"Chicago, IL",PVD,"Providence, RI",850,849,1140,2,1152,1142,0,849
2000-01-08,1734,"Chicago, IL",PVD,"Providence, RI",1308,1308,1604,5,1613,1609,0,849
2000-01-08,1042,"Chicago, IL",PWM,"Portland, ME",1700,1656,1952,3,2012,1955,0,900
2000-01-08,1130,"Chicago, IL",PWM,"Portland, ME",1310,1306,1607,2,1619,1609,0,900
2000-01-08,1230,"Chicago, IL",PWM,"Portland, ME",740,745,1039,3,1043,1042,0,900
2000-01-08,586,"Chicago, IL",RDU,"Raleigh/Durham, NC",1330,1328,1614,3,1618,1617,0,647
2000-01-08,1108,"Chicago, IL",RDU,"Raleigh/Durham, NC",1644,1642,1918,3,1931,1921,0,647
2000-01-08,1114,"Chicago, IL",RDU,"Raleigh/Durham, NC",625,622,859,3,912,902,0,647
2000-01-08,590,"Chicago, IL",SDF,"Louisville, KY",2115,2108,2308,4,2324,2312,0,286
2000-01-08,1650,"Chicago, IL",SDF,"Louisville, KY",1355,1405,1604,6,1602,1610,0,286
2000-01-08,271,"Chicago, IL",SJC,"San Jose, CA",920,1013,1234,4,1152,1238,0,1830
2000-01-08,559,"Chicago, IL",SJC,"San Jose, CA",1535,1532,1756,5,1803,1801,0,1830
2000-01-08,661,"Chicago, IL",SJC,"San Jose, CA",1935,1933,2155,3,2209,2158,0,1830
2000-01-08,691,"Chicago, IL",SJC,"San Jose, CA",1205,1214,1435,5,1437,1440,0,1830
2000-01-08,324,"Chicago, IL",TPA,"Tampa, FL",1030,1029,1351,1,1352,1352,0,1012
2000-01-08,1070,"Chicago, IL",TPA,"Tampa, FL",1725,1722,2048,2,2050,2050,0,1012
2000-01-08,1090,"Chicago, IL",TPA,"Tampa, FL",1316,1313,1640,2,1641,1642,0,1012
2000-01-08,1676,"Chicago, IL",TPA,"Tampa, FL",739,741,1115,2,1107,1117,0,1012
2000-01-08,1930,"Chicago, IL",TPA,"Tampa, FL",2045,2052,30,4,14,34,0,1012
2000-01-08,560,"Chicago, IL",BNA,"Nashville, TN",740,736,854,3,902,857,0,409
2000-01-08,1050,"Chicago, IL",BNA,"Nashville, TN",1914,2119,2228,5,2034,2233,0,409
2000-01-08,1550,"Chicago, IL",BNA,"Nashville, TN",1444,1441,1548,5,1601,1553,0,409
2000-01-08,1069,"Chicago, IL",BOI,"Boise, ID",1914,1910,"","",2157,"",0,1437
2000-01-08,418,"Chicago, IL",BWI,"Baltimore, MD",1115,1116,1347,1,1354,1348,0,621
2000-01-08,770,"Chicago, IL",BWI,"Baltimore, MD",1705,1705,1940,2,1951,1942,0,621
2000-01-08,1298,"Chicago, IL",BWI,"Baltimore, MD",1325,1318,1601,2,1613,1603,0,621
2000-01-08,1428,"Chicago, IL",BWI,"Baltimore, MD",605,559,832,4,845,836,0,621
2000-01-08,432,"Chicago, IL",CLT,"Charlotte, NC",1314,1312,1551,4,1554,1555,0,599
2000-01-08,462,"Chicago, IL",CLT,"Charlotte, NC",615,610,848,3,855,851,0,599
2000-01-08,536,"Chicago, IL",CLT,"Charlotte, NC",1644,1641,1916,5,1920,1921,0,599
2000-01-08,1616,"Chicago, IL",CLT,"Charlotte, NC",2045,2040,2311,5,2325,2316,0,599
2000-01-08,515,"Chicago, IL",DAY,"Dayton, OH",1410,1408,1604,2,1610,1606,0,240
2000-01-08,1128,"Chicago, IL",DAY,"Dayton, OH",1050,1049,1243,4,1249,1247,0,240
2000-01-08,1552,"Chicago, IL",DAY,"Dayton, OH",800,755,949,4,1000,953,0,240
2000-01-08,1754,"Chicago, IL",DAY,"Dayton, OH",1705,1724,1915,4,1907,1919,0,240
2000-01-08,302,"Chicago, IL",DTW,"Detroit, MI",1040,1039,1249,3,1249,1252,0,235
2000-01-08,350,"Chicago, IL",DTW,"Detroit, MI",1710,1713,1915,8,1925,1923,0,235
2000-01-08,396,"Chicago, IL",DTW,"Detroit, MI",1309,1358,1600,5,1524,1605,0,235
2000-01-08,440,"Chicago, IL",DTW,"Detroit, MI",750,750,947,3,1001,950,0,235
2000-01-08,454,"Chicago, IL",DTW,"Detroit, MI",630,627,825,7,834,832,0,235
2000-01-08,671,"Chicago, IL",DTW,"Detroit, MI",2115,2114,2310,4,2320,2314,0,235
2000-01-08,1809,"Chicago, IL",EGE,"Eagle, CO",930,928,1108,7,1117,1115,0,1007
2000-01-08,1425,"Chicago, IL",GEG,"Spokane, WA",1920,1920,2107,3,2118,2110,0,1498
2000-01-08,422,"Chicago, IL",GRR,"Grand Rapids, MI",1925,2017,2202,5,2112,2207,0,137
2000-01-08,494,"Chicago, IL",GRR,"Grand Rapids, MI",851,849,1029,3,1036,1032,0,137
2000-01-08,1260,"Chicago, IL",GRR,"Grand Rapids, MI",1444,1442,1629,3,1630,1632,0,137
2000-01-08,1446,"Chicago, IL",GRR,"Grand Rapids, MI",1144,1152,1332,2,1329,1334,0,137
2000-01-08,1582,"Chicago, IL",GRR,"Grand Rapids, MI",1645,1642,1821,4,1845,1825,0,137
2000-01-08,540,"Chicago, IL",GSO,"Greensboro/High Point, NC",900,906,1137,2,1138,1139,0,590
2000-01-08,750,"Chicago, IL",GSO,"Greensboro/High Point, NC",1750,1752,2016,3,2025,2019,0,590
2000-01-08,1538,"Chicago, IL",GSO,"Greensboro/High Point, NC",1420,1421,1655,3,1658,1658,0,590
2000-01-08,392,"Chicago, IL",MDT,"Harrisburg, PA",1714,1715,1950,6,1952,1956,0,594
2000-01-08,482,"Chicago, IL",MDT,"Harrisburg, PA",900,852,1122,4,1140,1126,0,594
2000-01-08,542,"Chicago, IL",MDT,"Harrisburg, PA",1314,1311,1548,3,1554,1551,0,594
2000-01-08,728,"Chicago, IL",MDT,"Harrisburg, PA",2100,2057,2338,5,2340,2343,0,594
2000-01-08,869,"Chicago, IL",MIA,"Miami, FL",1450,1444,1829,5,1839,1834,0,1197
2000-01-08,1088,"Chicago, IL",MIA,"Miami, FL",739,736,1115,6,1130,1121,0,1197
2000-01-08,1636,"Chicago, IL",MIA,"Miami, FL",1030,1145,1528,12,1415,1540,0,1197
2000-01-08,1984,"Chicago, IL",MIA,"Miami, FL",1805,1801,2139,6,2150,2145,0,1197
2000-01-08,1995,"Chicago, IL",MIA,"Miami, FL",830,829,1212,4,1221,1216,0,1197
2000-01-08,647,"Chicago, IL",MKE,"Milwaukee, WI",1414,1412,1445,3,1451,1448,0,67
2000-01-08,1566,"Chicago, IL",MKE,"Milwaukee, WI",1800,1800,1835,4,1837,1839,0,67
2000-01-08,675,"Chicago, IL",MSN,"Madison, WI",2055,2047,2133,5,2141,2138,0,109
2000-01-08,1581,"Chicago, IL",MSN,"Madison, WI",1410,1407,1448,3,1451,1451,0,109
2000-01-08,367,"Chicago, IL",MSY,"New Orleans, LA",1200,1157,1411,4,1409,1415,0,837
2000-01-08,1789,"Chicago, IL",MSY,"New Orleans, LA",1930,1927,2138,5,2141,2143,0,837
2000-01-08,1867,"Chicago, IL",MSY,"New Orleans, LA",1000,957,1207,3,1211,1210,0,837
2000-01-08,569,"Chicago, IL",PDX,"Portland, OR",1544,1542,1746,2,1800,1748,0,1739
2000-01-08,577,"Chicago, IL",PDX,"Portland, OR",1914,1913,2147,5,2140,2152,0,1739
2000-01-08,1401,"Chicago, IL",PDX,"Portland, OR",1200,1158,1428,3,1431,1431,0,1739
2000-01-08,1891,"Chicago, IL",PDX,"Portland, OR",945,942,1151,2,1212,1153,0,1739
2000-01-08,749,"Chicago, IL",SAT,"San Antonio, TX",925,924,1205,6,1208,1211,0,1041
2000-01-08,1415,"Chicago, IL",SAT,"San Antonio, TX",1940,2011,2242,4,2224,2246,0,1041
2000-01-08,137,"Chicago, IL",SFO,"San Francisco, CA",1030,1027,1300,4,1306,1304,0,1846
2000-01-08,143,"Chicago, IL",SFO,"San Francisco, CA",1144,1145,1413,2,1407,1415,0,1846
2000-01-08,145,"Chicago, IL",SFO,"San Francisco, CA",930,931,1200,7,1200,1207,0,1846
2000-01-08,147,"Chicago, IL",SFO,"San Francisco, CA",1530,1529,1747,4,1753,1751,0,1846
2000-01-08,149,"Chicago, IL",SFO,"San Francisco, CA",1805,1805,2032,5,2038,2037,0,1846
2000-01-08,151,"Chicago, IL",SFO,"San Francisco, CA",1920,1918,2148,4,2157,2152,0,1846
2000-01-08,157,"Chicago, IL",SFO,"San Francisco, CA",800,800,1050,5,1028,1055,0,1846
2000-01-08,525,"Chicago, IL",SFO,"San Francisco, CA",1930,1933,2201,6,2210,2207,0,1846
2000-01-08,1293,"Chicago, IL",SLC,"Salt Lake City, UT",1530,1526,1736,2,1744,1738,0,1249
2000-01-08,1439,"Chicago, IL",SLC,"Salt Lake City, UT",914,918,1123,2,1124,1125,0,1249
2000-01-08,1715,"Chicago, IL",TUS,"Tucson, AZ",1144,1143,1420,3,1438,1423,0,1437
2000-01-08,1110,"Chicago, IL",TYS,"Knoxville, TN",1314,1314,1538,5,1538,1543,0,475
2000-01-08,1286,"Chicago, IL",TYS,"Knoxville, TN",1725,1835,2049,5,1952,2054,0,475
2000-01-09,1050,"Chicago, IL",BNA,"Nashville, TN",1914,1929,2145,6,2034,2151,0,409
2000-01-09,1550,"Chicago, IL",BNA,"Nashville, TN",1444,1602,1715,5,1601,1720,0,409
2000-01-09,1069,"Chicago, IL",BOI,"Boise, ID",1920,2213,50,2,2203,52,0,1437
2000-01-09,418,"Chicago, IL",BWI,"Baltimore, MD",1115,1110,1341,2,1354,1343,0,621
2000-01-09,756,"Chicago, IL",BWI,"Baltimore, MD",2100,2144,22,7,2343,29,0,621
2000-01-09,770,"Chicago, IL",BWI,"Baltimore, MD",1705,1706,2039,9,1948,2048,0,621
2000-01-09,1298,"Chicago, IL",BWI,"Baltimore, MD",1325,1347,1630,4,1613,1634,0,621
2000-01-09,1428,"Chicago, IL",BWI,"Baltimore, MD",605,600,840,2,845,842,0,621
2000-01-09,432,"Chicago, IL",CLT,"Charlotte, NC",1314,1337,1625,4,1554,1629,0,599
2000-01-09,536,"Chicago, IL",CLT,"Charlotte, NC",1644,1705,1950,6,1920,1956,0,599
2000-01-09,1616,"Chicago, IL",CLT,"Charlotte, NC",2045,2132,19,4,2325,23,0,599
2000-01-09,515,"Chicago, IL",DAY,"Dayton, OH",1410,1411,1607,3,1610,1610,0,240
2000-01-09,657,"Chicago, IL",DAY,"Dayton, OH",2115,"","","",2318,"",1,240
2000-01-09,1128,"Chicago, IL",DAY,"Dayton, OH",1120,1120,1313,3,1319,1316,0,240
2000-01-09,1754,"Chicago, IL",DAY,"Dayton, OH",1705,1700,1937,6,1907,1943,0,240
2000-01-09,302,"Chicago, IL",DTW,"Detroit, MI",1040,1047,1251,4,1249,1255,0,235
2000-01-09,350,"Chicago, IL",DTW,"Detroit, MI",1710,1708,1952,6,1923,1958,0,235
2000-01-09,396,"Chicago, IL",DTW,"Detroit, MI",1309,1314,1510,6,1524,1516,0,235
2000-01-09,440,"Chicago, IL",DTW,"Detroit, MI",750,752,952,5,1001,957,0,235
2000-01-09,671,"Chicago, IL",DTW,"Detroit, MI",2115,2311,110,10,2320,120,0,235
2000-01-09,1809,"Chicago, IL",EGE,"Eagle, CO",930,927,1104,13,1117,1117,0,1007
2000-01-09,1425,"Chicago, IL",GEG,"Spokane, WA",1920,2013,2236,3,2118,2239,0,1498
2000-01-09,422,"Chicago, IL",GRR,"Grand Rapids, MI",1925,2120,2304,4,2112,2308,0,137
2000-01-09,633,"Chicago, IL",GRR,"Grand Rapids, MI",2115,2155,2347,4,2303,2351,0,137
2000-01-09,1260,"Chicago, IL",GRR,"Grand Rapids, MI",1444,1443,1621,4,1630,1625,0,137
2000-01-09,1446,"Chicago, IL",GRR,"Grand Rapids, MI",1144,1144,1326,5,1329,1331,0,137
2000-01-09,540,"Chicago, IL",GSO,"Greensboro/High Point, NC",900,854,1138,3,1138,1141,0,590
2000-01-09,750,"Chicago, IL",GSO,"Greensboro/High Point, NC",1744,1828,2135,3,2019,2138,0,590
2000-01-09,1538,"Chicago, IL",GSO,"Greensboro/High Point, NC",1420,1421,1655,3,1658,1658,0,590
2000-01-09,392,"Chicago, IL",MDT,"Harrisburg, PA",1714,1715,2038,4,1949,2042,0,594
2000-01-09,482,"Chicago, IL",MDT,"Harrisburg, PA",900,857,1127,5,1140,1132,0,594
2000-01-09,542,"Chicago, IL",MDT,"Harrisburg, PA",1314,1339,1620,5,1554,1625,0,594
2000-01-09,728,"Chicago, IL",MDT,"Harrisburg, PA",2100,2238,106,6,2340,112,0,594
2000-01-09,869,"Chicago, IL",MIA,"Miami, FL",1450,1443,1832,3,1839,1835,0,1197
2000-01-09,1088,"Chicago, IL",MIA,"Miami, FL",739,736,1111,7,1130,1118,0,1197
2000-01-09,1636,"Chicago, IL",MIA,"Miami, FL",1030,1027,1402,4,1415,1406,0,1197
2000-01-09,1984,"Chicago, IL",MIA,"Miami, FL",1805,1839,2247,5,2150,2252,0,1197
2000-01-09,1993,"Chicago, IL",MIA,"Miami, FL",930,931,1328,8,1320,1336,0,1197
2000-01-09,1995,"Chicago, IL",MIA,"Miami, FL",830,828,1216,3,1225,1219,0,1197
2000-01-09,1564,"Chicago, IL",MKE,"Milwaukee, WI",2230,2247,2328,4,2307,2332,0,67
2000-01-09,675,"Chicago, IL",MSN,"Madison, WI",2055,2229,2317,4,2141,2321,0,109
2000-01-09,1249,"Chicago, IL",MSN,"Madison, WI",2230,2303,2345,3,2315,2348,0,109
2000-01-09,1581,"Chicago, IL",MSN,"Madison, WI",1410,"","","",1451,"",1,109
2000-01-09,367,"Chicago, IL",MSY,"New Orleans, LA",1200,1200,1415,5,1409,1420,0,837
2000-01-09,1789,"Chicago, IL",MSY,"New Orleans, LA",1930,2138,"","",2140,"",0,837
2000-01-09,1867,"Chicago, IL",MSY,"New Orleans, LA",1000,1151,1405,3,1211,1408,0,837
2000-01-09,503,"Chicago, IL",PDX,"Portland, OR",1745,1816,2111,2,2007,2113,0,1739
2000-01-09,569,"Chicago, IL",PDX,"Portland, OR",1544,1547,1759,2,1800,1801,0,1739
2000-01-09,577,"Chicago, IL",PDX,"Portland, OR",1914,1955,2311,2,2140,2313,0,1739
2000-01-09,1401,"Chicago, IL",PDX,"Portland, OR",1200,1159,1457,4,1431,1501,0,1739
2000-01-09,1891,"Chicago, IL",PDX,"Portland, OR",945,940,1211,2,1212,1213,0,1739
2000-01-09,749,"Chicago, IL",SAT,"San Antonio, TX",925,921,1200,4,1208,1204,0,1041
2000-01-09,1415,"Chicago, IL",SAT,"San Antonio, TX",1940,2021,2331,2,2224,2333,0,1041
2000-01-09,137,"Chicago, IL",SFO,"San Francisco, CA",1030,1028,1249,4,1306,1253,0,1846
2000-01-09,139,"Chicago, IL",SFO,"San Francisco, CA",2220,2237,111,5,51,116,0,1846
2000-01-09,141,"Chicago, IL",SFO,"San Francisco, CA",1210,1213,1447,6,1448,1453,0,1846
2000-01-09,143,"Chicago, IL",SFO,"San Francisco, CA",1144,1150,1418,3,1407,1421,0,1846
2000-01-09,145,"Chicago, IL",SFO,"San Francisco, CA",930,927,1147,3,1200,1150,0,1846
2000-01-09,147,"Chicago, IL",SFO,"San Francisco, CA",1530,1602,1817,4,1753,1821,0,1846
2000-01-09,149,"Chicago, IL",SFO,"San Francisco, CA",1805,1825,2120,6,2038,2126,0,1846
2000-01-09,151,"Chicago, IL",SFO,"San Francisco, CA",1920,1930,2300,7,2157,2307,0,1846
2000-01-09,157,"Chicago, IL",SFO,"San Francisco, CA",800,"","","",1028,"",1,1846
2000-01-09,525,"Chicago, IL",SFO,"San Francisco, CA",1925,1938,2324,5,2205,2329,0,1846
2000-01-09,399,"Chicago, IL",SLC,"Salt Lake City, UT",1205,1244,1443,2,1419,1445,0,1249
2000-01-09,533,"Chicago, IL",SLC,"Salt Lake City, UT",1914,1916,2230,3,2123,2233,0,1249
2000-01-09,1439,"Chicago, IL",SLC,"Salt Lake City, UT",914,912,1123,3,1124,1126,0,1249
2000-01-09,1110,"Chicago, IL",TYS,"Knoxville, TN",1314,1337,1606,5,1538,1611,0,475
2000-01-09,1818,"Chicago, IL",TYS,"Knoxville, TN",2120,2137,10,6,2347,16,0,475
2000-01-09,568,"Chicago, IL",BTV,"Burlington, VT",1810,1850,2224,3,2059,2227,0,763
2000-01-09,1076,"Chicago, IL",BTV,"Burlington, VT",1315,1315,1610,2,1618,1612,0,763
2000-01-09,380,"Chicago, IL",BUF,"Buffalo, NY",1644,1719,2035,4,1907,2039,0,473
2000-01-09,786,"Chicago, IL",BUF,"Buffalo, NY",738,736,952,3,957,955,0,473
2000-01-09,790,"Chicago, IL",BUF,"Buffalo, NY",2100,2210,35,4,2323,39,0,473
2000-01-09,1576,"Chicago, IL",BUF,"Buffalo, NY",1450,1506,1724,3,1715,1727,0,473
2000-01-09,1881,"Chicago, IL",BUF,"Buffalo, NY",1105,1103,1318,2,1322,1320,0,473
2000-01-09,240,"Chicago, IL",CLE,"Cleveland, OH",1050,1048,1248,5,1259,1253,0,316
2000-01-09,348,"Chicago, IL",CLE,"Cleveland, OH",1730,1810,2117,8,1949,2125,0,316
2000-01-09,1184,"Chicago, IL",CLE,"Cleveland, OH",1310,1308,1509,4,1527,1513,0,316
2000-01-09,1588,"Chicago, IL",CLE,"Cleveland, OH",2115,2135,2343,5,2328,2348,0,316
2000-01-09,1922,"Chicago, IL",CLE,"Cleveland, OH",744,741,946,3,951,949,0,316
2000-01-09,773,"Chicago, IL",DSM,"Des Moines, IA",1514,1602,1708,5,1623,1713,0,299
2000-01-09,785,"Chicago, IL",DSM,"Des Moines, IA",2230,2252,2353,7,2338,2400,0,299
2000-01-09,1101,"Chicago, IL",DSM,"Des Moines, IA",1930,2111,2230,5,2042,2235,0,299
2000-01-09,1437,"Chicago, IL",DSM,"Des Moines, IA",1210,1230,1338,2,1318,1340,0,299
2000-01-09,1757,"Chicago, IL",DSM,"Des Moines, IA",920,920,1028,5,1033,1033,0,299
2000-01-09,43,"Chicago, IL",HNL,"Honolulu, HI",1000,1007,1454,3,1507,1457,0,4244
2000-01-09,780,"Chicago, IL",HPN,"White Plains, NY",1727,1739,2158,2,2029,2200,0,738
2000-01-09,1200,"Chicago, IL",HPN,"White Plains, NY",1330,1330,1631,4,1635,1635,0,738
2000-01-09,1484,"Chicago, IL",HPN,"White Plains, NY",2045,2122,8,3,2340,11,0,738
2000-01-09,1488,"Chicago, IL",HPN,"White Plains, NY",1135,1131,1413,12,1429,1425,0,738
2000-01-09,1686,"Chicago, IL",HPN,"White Plains, NY",1614,"","","",1910,"",1,738
2000-01-09,474,"Chicago, IL",IAD,"Washington, DC",1320,1320,1601,5,1612,1606,0,589
2000-01-09,492,"Chicago, IL",IAD,"Washington, DC",1030,1028,1259,6,1312,1305,0,589
2000-01-09,538,"Chicago, IL",IAD,"Washington, DC",805,806,1032,5,1048,1037,0,589
2000-01-09,718,"Chicago, IL",IAD,"Washington, DC",1810,1829,2159,9,2100,2208,0,589
2000-01-09,882,"Chicago, IL",IAD,"Washington, DC",1714,1720,2104,6,1958,2110,0,589
2000-01-09,1242,"Chicago, IL",IAD,"Washington, DC",600,557,822,8,844,830,0,589
2000-01-09,1246,"Chicago, IL",IAD,"Washington, DC",1450,1536,1810,9,1746,1819,0,589
2000-01-09,1638,"Chicago, IL",IAD,"Washington, DC",2055,2203,38,6,2340,44,0,589
2000-01-09,501,"Chicago, IL",JAX,"Jacksonville, FL",820,818,1124,5,1132,1129,0,865
2000-01-09,631,"Chicago, IL",JAX,"Jacksonville, FL",2045,2140,59,4,2359,103,0,865
2000-01-09,684,"Chicago, IL",LGA,"New York, NY",1300,1259,1545,6,1554,1551,0,733
2000-01-09,686,"Chicago, IL",LGA,"New York, NY",1200,1208,1500,5,1455,1505,0,733
2000-01-09,690,"Chicago, IL",LGA,"New York, NY",1000,1043,1329,3,1250,1332,0,733
2000-01-09,692,"Chicago, IL",LGA,"New York, NY",900,857,1144,5,1155,1149,0,733
2000-01-09,696,"Chicago, IL",LGA,"New York, NY",700,657,950,5,954,955,0,733
2000-01-09,896,"Chicago, IL",LGA,"New York, NY",0,"","","",0,"",1,733
2000-01-09,1547,"Chicago, IL",LNK,"Lincoln, NE",1950,2128,2250,4,2115,2254,0,466
2000-01-09,1815,"Chicago, IL",LNK,"Lincoln, NE",912,913,1043,6,1037,1049,0,466
2000-01-09,521,"Chicago, IL",MBS,"Saginaw/Bay City/Midland, MI",1703,1713,1954,4,1900,1958,0,222
2000-01-09,1760,"Chicago, IL",MBS,"Saginaw/Bay City/Midland, MI",1310,1318,1517,3,1507,1520,0,222
2000-01-09,1902,"Chicago, IL",MBS,"Saginaw/Bay City/Midland, MI",2115,"","","",2313,"",1,222
2000-01-09,562,"Chicago, IL",MHT,"Manchester, NH",2057,2251,141,6,2359,147,0,843
2000-01-09,1024,"Chicago, IL",MHT,"Manchester, NH",1309,1346,1640,3,1614,1643,0,843
2000-01-09,1048,"Chicago, IL",MHT,"Manchester, NH",1710,1721,2108,3,2015,2111,0,843
2000-01-09,330,"Chicago, IL",ORF,"Norfolk, VA",1314,1321,1625,4,1612,1629,0,717
2000-01-09,532,"Chicago, IL",ORF,"Norfolk, VA",1725,1816,2125,2,2020,2127,0,717
2000-01-09,1198,"Chicago, IL",ORF,"Norfolk, VA",825,822,1107,3,1121,1110,0,717
2000-01-09,142,"Chicago, IL",PBI,"West Palm Beach/Palm Beach, FL",1950,2027,27,4,2329,31,0,1144
2000-01-09,639,"Chicago, IL",PBI,"West Palm Beach/Palm Beach, FL",1030,1057,1432,3,1409,1435,0,1144
2000-01-09,282,"Chicago, IL",RIC,"Richmond, VA",625,623,855,2,912,857,0,642
2000-01-09,1606,"Chicago, IL",RIC,"Richmond, VA",1314,1418,1653,5,1603,1658,0,642
2000-01-09,1824,"Chicago, IL",RIC,"Richmond, VA",1720,1745,2045,6,2009,2051,0,642
2000-01-09,386,"Chicago, IL",ROC,"Rochester, NY",2125,2224,48,4,2359,52,0,528
2000-01-09,438,"Chicago, IL",ROC,"Rochester, NY",1705,1703,2007,7,1939,2014,0,528
2000-01-09,550,"Chicago, IL",ROC,"Rochester, NY",1040,1038,1304,9,1309,1313,0,528
2000-01-09,1456,"Chicago, IL",ROC,"Rochester, NY",1440,1515,1737,7,1711,1744,0,528
2000-01-09,381,"Chicago, IL",SMF,"Sacramento, CA",915,918,1157,5,1147,1202,0,1781
2000-01-09,483,"Chicago, IL",SMF,"Sacramento, CA",1914,1937,2316,4,2145,2320,0,1781
2000-01-09,621,"Chicago, IL",SMF,"Sacramento, CA",1545,1545,1825,3,1814,1828,0,1781
2000-01-09,1405,"Chicago, IL",SMF,"Sacramento, CA",1144,1143,1414,3,1408,1417,0,1781
2000-01-09,303,"Chicago, IL",SNA,"Santa Ana, CA",1525,1531,1739,4,1737,1743,0,1726
2000-01-09,365,"Chicago, IL",SNA,"Santa Ana, CA",1144,1142,1347,4,1357,1351,0,1726
2000-01-09,473,"Chicago, IL",SNA,"Santa Ana, CA",1944,1954,2245,6,2159,2251,0,1726
2000-01-09,1075,"Chicago, IL",SNA,"Santa Ana, CA",1745,1817,2047,5,2000,2052,0,1726
2000-01-09,1543,"Chicago, IL",SNA,"Santa Ana, CA",914,912,1110,23,1127,1133,0,1726
2000-01-09,609,"Chicago, IL",STL,"St. Louis, MO",1144,1156,1313,6,1253,1319,0,258
2000-01-09,779,"Chicago, IL",STL,"St. Louis, MO",1925,2028,2152,7,2036,2159,0,258
2000-01-09,352,"Chicago, IL",ALB,"Albany, NY",1320,1416,1653,4,1614,1657,0,723
2000-01-09,1454,"Chicago, IL",ALB,"Albany, NY",1720,1734,2145,4,2014,2149,0,723
2000-01-09,364,"Chicago, IL",ATL,"Atlanta, GA",1914,1912,2243,12,2204,2255,0,606
2000-01-09,446,"Chicago, IL",ATL,"Atlanta, GA",925,925,1202,10,1209,1212,0,606
2000-01-09,527,"Chicago, IL",ATL,"Atlanta, GA",2100,2143,43,8,2345,51,0,606
2000-01-09,796,"Chicago, IL",ATL,"Atlanta, GA",1330,1343,1702,7,1628,1709,0,606
2000-01-09,1268,"Chicago, IL",ATL,"Atlanta, GA",650,646,939,7,941,946,0,606
2000-01-09,1628,"Chicago, IL",ATL,"Atlanta, GA",1035,1035,1321,7,1324,1328,0,606
2000-01-09,1690,"Chicago, IL",ATL,"Atlanta, GA",1655,1656,1958,9,1948,2007,0,606
2000-01-09,1162,"Chicago, IL",BHM,"Birmingham, AL",2125,2245,33,5,2306,38,0,584
2000-01-09,1166,"Chicago, IL",BHM,"Birmingham, AL",900,858,1043,3,1040,1046,0,584
2000-01-09,669,"Chicago, IL",CID,"Cedar Rapids/Iowa City, IA",2230,2311,3,3,2324,6,0,196
2000-01-09,681,"Chicago, IL",CID,"Cedar Rapids/Iowa City, IA",1600,"","","",1655,"",1,196
2000-01-09,743,"Chicago, IL",CID,"Cedar Rapids/Iowa City, IA",1920,2012,2152,4,2018,2156,0,196
2000-01-09,1823,"Chicago, IL",CID,"Cedar Rapids/Iowa City, IA",1145,1312,1412,4,1241,1416,0,196
2000-01-09,1827,"Chicago, IL",CID,"Cedar Rapids/Iowa City, IA",926,"","","",1022,"",1,196
2000-01-09,1019,"Chicago, IL",COS,"Colorado Springs, CO",1920,2231,2342,5,2045,2347,0,911
2000-01-09,1785,"Chicago, IL",COS,"Colorado Springs, CO",950,949,1118,4,1121,1122,0,911
2000-01-09,490,"Chicago, IL",CVG,"Cincinnati, OH",739,739,943,4,948,947,0,264
2000-01-09,529,"Chicago, IL",CVG,"Cincinnati, OH",2115,2209,15,6,2324,21,0,264
2000-01-09,772,"Chicago, IL",CVG,"Cincinnati, OH",1415,1413,1607,5,1618,1612,0,264
2000-01-09,1810,"Chicago, IL",CVG,"Cincinnati, OH",1110,1107,1303,5,1311,1308,0,264
2000-01-09,1892,"Chicago, IL",CVG,"Cincinnati, OH",1655,1655,1906,7,1902,1913,0,264
2000-01-09,243,"Chicago, IL",DEN,"Denver, CO",700,657,823,5,832,828,0,888
2000-01-09,247,"Chicago, IL",DEN,"Denver, CO",910,909,1024,7,1038,1031,0,888
2000-01-09,251,"Chicago, IL",DEN,"Denver, CO",945,1004,1121,5,1117,1126,0,888
2000-01-09,253,"Chicago, IL",DEN,"Denver, CO",1245,1306,1423,7,1418,1430,0,888
2000-01-09,255,"Chicago, IL",DEN,"Denver, CO",1530,1545,1703,8,1701,1711,0,888
2000-01-09,259,"Chicago, IL",DEN,"Denver, CO",1525,1545,1709,8,1656,1717,0,888
2000-01-09,531,"Chicago, IL",DEN,"Denver, CO",2220,2307,22,7,2347,29,0,888
2000-01-09,941,"Chicago, IL",DEN,"Denver, CO",1920,1918,2107,10,2052,2117,0,888
2000-01-09,945,"Chicago, IL",DEN,"Denver, CO",1150,1153,1324,6,1325,1330,0,888
2000-01-09,959,"Chicago, IL",DEN,"Denver, CO",1745,1744,1914,8,1910,1922,0,888
2000-01-09,368,"Chicago, IL",FLL,"Fort Lauderdale, FL",741,738,1119,6,1129,1125,0,1182
2000-01-09,426,"Chicago, IL",FLL,"Fort Lauderdale, FL",2110,2125,126,6,56,132,0,1182
2000-01-09,1948,"Chicago, IL",FLL,"Fort Lauderdale, FL",1415,1519,1906,5,1804,1911,0,1182
2000-01-09,573,"Chicago, IL",IAH,"Houston, TX",914,911,1150,4,1147,1154,0,925
2000-01-09,703,"Chicago, IL",IAH,"Houston, TX",1200,1158,1442,5,1434,1447,0,925
2000-01-09,1169,"Chicago, IL",IAH,"Houston, TX",1514,1525,1813,4,1746,1817,0,925
2000-01-09,1897,"Chicago, IL",IAH,"Houston, TX",1925,1922,2241,5,2156,2246,0,925
2000-01-09,1957,"Chicago, IL",IAH,"Houston, TX",1750,1813,2120,4,2021,2124,0,925
2000-01-09,670,"Chicago, IL",LGA,"New York, NY",2100,2204,54,5,2352,59,0,733
2000-01-09,672,"Chicago, IL",LGA,"New York, NY",1900,2138,24,5,2157,29,0,733
2000-01-09,674,"Chicago, IL",LGA,"New York, NY",1800,1816,2158,5,2055,2203,0,733
2000-01-09,676,"Chicago, IL",LGA,"New York, NY",1700,1711,2036,5,2000,2041,0,733
2000-01-09,678,"Chicago, IL",LGA,"New York, NY",1600,1600,1845,6,1900,1851,0,733
2000-01-09,680,"Chicago, IL",LGA,"New York, NY",1500,1548,1832,8,1758,1840,0,733
2000-01-09,682,"Chicago, IL",LGA,"New York, NY",1400,1357,1702,6,1700,1708,0,733
2000-01-09,342,"Chicago, IL",MCO,"Orlando, FL",2115,2113,39,4,43,43,0,1005
2000-01-09,1044,"Chicago, IL",MCO,"Orlando, FL",1655,1655,2023,4,2014,2027,0,1005
2000-01-09,1500,"Chicago, IL",MCO,"Orlando, FL",1344,1433,1750,5,1709,1755,0,1005
2000-01-09,1614,"Chicago, IL",MCO,"Orlando, FL",1035,1031,1353,4,1358,1357,0,1005
2000-01-09,1832,"Chicago, IL",MCO,"Orlando, FL",800,759,1124,5,1131,1129,0,1005
2000-01-09,299,"Chicago, IL",MSP,"Minneapolis, MN",1145,"","","",1303,"",1,334
2000-01-09,359,"Chicago, IL",MSP,"Minneapolis, MN",1344,1348,1528,5,1503,1533,0,334
2000-01-09,457,"Chicago, IL",MSP,"Minneapolis, MN",1044,1048,1208,3,1202,1211,0,334
2000-01-09,583,"Chicago, IL",MSP,"Minneapolis, MN",1544,"","","",1707,"",1,334
2000-01-09,599,"Chicago, IL",MSP,"Minneapolis, MN",945,1031,1151,4,1104,1155,0,334
2000-01-09,719,"Chicago, IL",MSP,"Minneapolis, MN",1444,"","","",1604,"",1,334
2000-01-09,765,"Chicago, IL",MSP,"Minneapolis, MN",1644,1647,1821,4,1805,1825,0,334
2000-01-09,1067,"Chicago, IL",MSP,"Minneapolis, MN",1744,1809,2034,2,1912,2036,0,334
2000-01-09,1107,"Chicago, IL",MSP,"Minneapolis, MN",1944,2041,2148,4,2102,2152,0,334
2000-01-09,1139,"Chicago, IL",MSP,"Minneapolis, MN",1845,"","","",2007,"",1,334
2000-01-09,1889,"Chicago, IL",MSP,"Minneapolis, MN",2225,"","","",2341,"",1,334
2000-01-09,1917,"Chicago, IL",MSP,"Minneapolis, MN",845,849,1102,4,1008,1106,0,334
2000-01-09,535,"Chicago, IL",OMA,"Omaha, NE",1210,1231,1349,3,1334,1352,0,416
2000-01-09,775,"Chicago, IL",OMA,"Omaha, NE",1950,2023,2219,3,2117,2222,0,416
2000-01-09,1129,"Chicago, IL",OMA,"Omaha, NE",912,907,1031,4,1034,1035,0,416
2000-01-09,1499,"Chicago, IL",OMA,"Omaha, NE",1540,1558,1720,3,1700,1723,0,416
2000-01-09,1149,"Chicago, IL",ONT,"Ontario, CA",1914,1941,2253,5,2131,2258,0,1700
2000-01-09,1733,"Chicago, IL",ONT,"Ontario, CA",1155,1159,1423,4,1413,1427,0,1700
2000-01-09,1852,"Chicago, IL",PHL,"Philadelphia, PA",700,658,933,4,949,937,0,678
2000-01-09,1854,"Chicago, IL",PHL,"Philadelphia, PA",815,811,1051,4,1102,1055,0,678
2000-01-09,1858,"Chicago, IL",PHL,"Philadelphia, PA",1000,958,1247,5,1249,1252,0,678
2000-01-09,1860,"Chicago, IL",PHL,"Philadelphia, PA",1100,1151,1434,7,1349,1441,0,678
2000-01-09,1864,"Chicago, IL",PHL,"Philadelphia, PA",1310,1334,1636,5,1607,1641,0,678
2000-01-09,1866,"Chicago, IL",PHL,"Philadelphia, PA",1410,1434,1715,4,1706,1719,0,678
2000-01-09,1868,"Chicago, IL",PHL,"Philadelphia, PA",1600,1601,1848,6,1854,1854,0,678
2000-01-09,1872,"Chicago, IL",PHL,"Philadelphia, PA",1700,1802,2203,4,1958,2207,0,678
2000-01-09,1874,"Chicago, IL",PHL,"Philadelphia, PA",1800,"","","",2050,"",1,678
2000-01-09,1876,"Chicago, IL",PHL,"Philadelphia, PA",1900,1912,2250,4,2150,2254,0,678
2000-01-09,1878,"Chicago, IL",PHL,"Philadelphia, PA",2050,2203,53,4,2334,57,0,678
2000-01-09,345,"Chicago, IL",PHX,"Phoenix, AZ",1144,1145,1441,2,1423,1443,0,1440
2000-01-09,423,"Chicago, IL",PHX,"Phoenix, AZ",1514,1548,1828,4,1757,1832,0,1440
2000-01-09,667,"Chicago, IL",PHX,"Phoenix, AZ",1935,2005,2320,4,2213,2324,0,1440
2000-01-09,1273,"Chicago, IL",PHX,"Phoenix, AZ",1805,1836,2114,5,2037,2119,0,1440
2000-01-09,1419,"Chicago, IL",PHX,"Phoenix, AZ",920,924,1156,2,1153,1158,0,1440
2000-01-09,1969,"Chicago, IL",PHX,"Phoenix, AZ",750,749,1016,3,1029,1019,0,1440
2000-01-09,546,"Chicago, IL",PVD,"Providence, RI",1714,1715,2102,4,2021,2106,0,849
2000-01-09,1276,"Chicago, IL",PVD,"Providence, RI",850,849,1148,3,1152,1151,0,849
2000-01-09,1734,"Chicago, IL",PVD,"Providence, RI",1308,1308,1610,4,1613,1614,0,849
2000-01-09,798,"Chicago, IL",PWM,"Portland, ME",2045,2124,26,3,2357,29,0,900
2000-01-09,1130,"Chicago, IL",PWM,"Portland, ME",1310,1312,1619,4,1619,1623,0,900
2000-01-09,1230,"Chicago, IL",PWM,"Portland, ME",740,738,1042,3,1043,1045,0,900
2000-01-09,586,"Chicago, IL",RDU,"Raleigh/Durham, NC",1330,1344,1630,9,1618,1639,0,647
2000-01-09,588,"Chicago, IL",RDU,"Raleigh/Durham, NC",2100,2209,54,6,2347,100,0,647
2000-01-09,1108,"Chicago, IL",RDU,"Raleigh/Durham, NC",1644,1700,1950,7,1931,1957,0,647
2000-01-09,1114,"Chicago, IL",RDU,"Raleigh/Durham, NC",625,622,903,2,912,905,0,647
2000-01-09,590,"Chicago, IL",SDF,"Louisville, KY",2115,2119,2318,4,2324,2322,0,286
2000-01-09,1650,"Chicago, IL",SDF,"Louisville, KY",1355,1406,1607,5,1602,1612,0,286
2000-01-09,271,"Chicago, IL",SJC,"San Jose, CA",920,916,1143,5,1152,1148,0,1830
2000-01-09,559,"Chicago, IL",SJC,"San Jose, CA",1535,1549,1819,5,1803,1824,0,1830
2000-01-09,661,"Chicago, IL",SJC,"San Jose, CA",1935,2102,2339,6,2209,2345,0,1830
2000-01-09,691,"Chicago, IL",SJC,"San Jose, CA",1205,1203,1441,6,1437,1447,0,1830
2000-01-09,324,"Chicago, IL",TPA,"Tampa, FL",1030,1029,1347,3,1352,1350,0,1012
2000-01-09,1070,"Chicago, IL",TPA,"Tampa, FL",1725,1729,2054,4,2050,2058,0,1012
2000-01-09,1090,"Chicago, IL",TPA,"Tampa, FL",1316,1316,1645,10,1641,1655,0,1012
2000-01-09,1282,"Chicago, IL",TPA,"Tampa, FL",715,711,1032,3,1043,1035,0,1012
2000-01-09,1930,"Chicago, IL",TPA,"Tampa, FL",2115,2118,46,4,42,50,0,1012
2000-01-09,1122,"Chicago, IL",ABE,"Allentown/Bethlehem/Easton, PA",1650,1700,2003,4,1934,2007,0,654
2000-01-09,1656,"Chicago, IL",ABE,"Allentown/Bethlehem/Easton, PA",1410,1413,1648,4,1656,1652,0,654
2000-01-09,373,"Chicago, IL",AUS,"Austin, TX",1914,2037,2339,6,2155,2345,0,978
2000-01-09,589,"Chicago, IL",AUS,"Austin, TX",922,922,1158,4,1202,1202,0,978
2000-01-09,394,"Chicago, IL",BDL,"Hartford, CT",1650,1752,2150,6,1950,2156,0,783
2000-01-09,398,"Chicago, IL",BDL,"Hartford, CT",910,908,1204,5,1204,1209,0,783
2000-01-09,1126,"Chicago, IL",BDL,"Hartford, CT",2050,2135,37,5,2351,42,0,783
2000-01-09,1228,"Chicago, IL",BDL,"Hartford, CT",1320,1354,1650,5,1621,1655,0,783
2000-01-09,1404,"Chicago, IL",BDL,"Hartford, CT",1035,1034,1324,3,1332,1327,0,783
2000-01-09,502,"Chicago, IL",BOS,"Boston, MA",645,644,950,4,956,954,0,867
2000-01-09,506,"Chicago, IL",BOS,"Boston, MA",845,844,1144,6,1154,1150,0,867
2000-01-09,514,"Chicago, IL",BOS,"Boston, MA",1245,1243,1541,8,1554,1549,0,867
2000-01-09,516,"Chicago, IL",BOS,"Boston, MA",1644,1706,2041,8,1959,2049,0,867
2000-01-09,518,"Chicago, IL",BOS,"Boston, MA",1344,1353,1707,9,1707,1716,0,867
2000-01-09,524,"Chicago, IL",BOS,"Boston, MA",1744,"","","",2059,"",1,867
2000-01-09,526,"Chicago, IL",BOS,"Boston, MA",1845,1929,2307,4,2156,2311,0,867
2000-01-09,528,"Chicago, IL",BOS,"Boston, MA",1444,1446,1750,7,1759,1757,0,867
2000-01-09,884,"Chicago, IL",BOS,"Boston, MA",1044,1052,1342,5,1355,1347,0,867
2000-01-09,1018,"Chicago, IL",BOS,"Boston, MA",2045,2133,44,2,2355,46,0,867
2000-01-09,138,"Chicago, IL",CMH,"Columbus, OH",1320,1358,1610,3,1526,1613,0,296
2000-01-09,601,"Chicago, IL",CMH,"Columbus, OH",750,749,951,4,955,955,0,296
2000-01-09,1452,"Chicago, IL",CMH,"Columbus, OH",1105,1103,1305,3,1310,1308,0,296
2000-01-09,1518,"Chicago, IL",CMH,"Columbus, OH",1644,1727,2107,4,1854,2111,0,296
2000-01-09,1548,"Chicago, IL",CMH,"Columbus, OH",2115,2126,2349,5,2325,2354,0,296
2000-01-09,602,"Chicago, IL",DCA,"Washington, DC",730,739,1007,5,1010,1012,0,612
2000-01-09,606,"Chicago, IL",DCA,"Washington, DC",930,927,1204,4,1209,1208,0,612
2000-01-09,608,"Chicago, IL",DCA,"Washington, DC",1030,1029,1306,4,1309,1310,0,612
2000-01-09,610,"Chicago, IL",DCA,"Washington, DC",1130,1142,1416,4,1403,1420,0,612
2000-01-09,612,"Chicago, IL",DCA,"Washington, DC",1230,"","","",1506,"",1,612
2000-01-09,616,"Chicago, IL",DCA,"Washington, DC",1330,1332,1609,4,1613,1613,0,612
2000-01-09,618,"Chicago, IL",DCA,"Washington, DC",1430,1528,1809,2,1711,1811,0,612
2000-01-09,620,"Chicago, IL",DCA,"Washington, DC",1530,1547,1817,4,1810,1821,0,612
2000-01-09,622,"Chicago, IL",DCA,"Washington, DC",1630,1639,1906,5,1908,1911,0,612
2000-01-09,624,"Chicago, IL",DCA,"Washington, DC",1700,"","","",1947,"",1,612
2000-01-09,626,"Chicago, IL",DCA,"Washington, DC",1730,1829,2208,3,2016,2211,0,612
2000-01-09,628,"Chicago, IL",DCA,"Washington, DC",1830,"","","",2108,"",1,612
2000-01-09,630,"Chicago, IL",DCA,"Washington, DC",1930,1940,2258,2,2208,2300,0,612
2000-01-09,632,"Chicago, IL",DCA,"Washington, DC",2045,2044,2337,2,2323,2339,0,612
2000-01-09,321,"Chicago, IL",DFW,"Dallas/Fort Worth, TX",945,942,1152,5,1208,1157,0,802
2000-01-09,685,"Chicago, IL",DFW,"Dallas/Fort Worth, TX",1405,1516,1749,4,1629,1753,0,802
2000-01-09,789,"Chicago, IL",DFW,"Dallas/Fort Worth, TX",1514,1552,1818,13,1738,1831,0,802
2000-01-09,1115,"Chicago, IL",DFW,"Dallas/Fort Worth, TX",830,829,1044,10,1051,1054,0,802
2000-01-09,1281,"Chicago, IL",DFW,"Dallas/Fort Worth, TX",1800,1827,2125,5,2022,2130,0,802
2000-01-09,1621,"Chicago, IL",DFW,"Dallas/Fort Worth, TX",1925,1923,2242,4,2140,2246,0,802
2000-01-09,1707,"Chicago, IL",DFW,"Dallas/Fort Worth, TX",1155,1219,1437,11,1421,1448,0,802
2000-01-09,636,"Chicago, IL",EWR,"Newark, NJ",730,728,1008,5,1027,1013,0,719
2000-01-09,640,"Chicago, IL",EWR,"Newark, NJ",930,925,1208,5,1225,1213,0,719
2000-01-09,642,"Chicago, IL",EWR,"Newark, NJ",1030,1028,1314,5,1328,1319,0,719
2000-01-09,644,"Chicago, IL",EWR,"Newark, NJ",1130,1126,1412,5,1429,1417,0,719
2000-01-09,648,"Chicago, IL",EWR,"Newark, NJ",1330,1350,1655,6,1644,1701,0,719
2000-01-09,652,"Chicago, IL",EWR,"Newark, NJ",1430,1431,1714,6,1738,1720,0,719
2000-01-09,656,"Chicago, IL",EWR,"Newark, NJ",1644,1655,1955,8,1947,2003,0,719
2000-01-09,658,"Chicago, IL",EWR,"Newark, NJ",1730,"","","",2033,"",1,719
2000-01-09,660,"Chicago, IL",EWR,"Newark, NJ",1830,1902,2228,6,2126,2234,0,719
2000-01-09,664,"Chicago, IL",EWR,"Newark, NJ",2045,2146,39,6,2343,45,0,719
2000-01-09,561,"Chicago, IL",ICT,"Wichita, KS",1915,1914,2145,4,2104,2149,0,588
2000-01-09,649,"Chicago, IL",ICT,"Wichita, KS",1514,1535,1723,3,1700,1726,0,588
2000-01-09,795,"Chicago, IL",ICT,"Wichita, KS",915,913,1105,3,1104,1108,0,588
2000-01-09,292,"Chicago, IL",IND,"Indianapolis, IN",700,658,847,8,856,855,0,177
2000-01-09,314,"Chicago, IL",IND,"Indianapolis, IN",1655,1721,1920,8,1851,1928,0,177
2000-01-09,500,"Chicago, IL",IND,"Indianapolis, IN",1144,1243,1426,8,1341,1434,0,177
2000-01-09,1590,"Chicago, IL",IND,"Indianapolis, IN",1520,1549,1736,9,1716,1745,0,177
2000-01-09,1608,"Chicago, IL",IND,"Indianapolis, IN",1310,1313,1457,6,1505,1503,0,177
2000-01-09,1758,"Chicago, IL",IND,"Indianapolis, IN",2105,2115,2317,7,2303,2324,0,177
2000-01-09,1808,"Chicago, IL",IND,"Indianapolis, IN",2225,2251,46,8,20,54,0,177
2000-01-09,707,"Chicago, IL",LAS,"Las Vegas, NV",2230,2254,38,6,16,44,0,1515
2000-01-09,711,"Chicago, IL",LAS,"Las Vegas, NV",1935,2011,2242,8,2121,2250,0,1515
2000-01-09,715,"Chicago, IL",LAS,"Las Vegas, NV",1514,1517,1656,7,1656,1703,0,1515
2000-01-09,717,"Chicago, IL",LAS,"Las Vegas, NV",800,759,933,5,936,938,0,1515
2000-01-09,721,"Chicago, IL",LAS,"Las Vegas, NV",1150,1150,1338,6,1330,1344,0,1515
2000-01-09,101,"Chicago, IL",LAX,"Los Angeles, CA",800,758,1000,10,1021,1010,0,1745
2000-01-09,105,"Chicago, IL",LAX,"Los Angeles, CA",1530,1529,1737,10,1742,1747,0,1745
2000-01-09,107,"Chicago, IL",LAX,"Los Angeles, CA",1630,1713,1927,8,1849,1935,0,1745
2000-01-09,111,"Chicago, IL",LAX,"Los Angeles, CA",1245,1255,1501,3,1508,1504,0,1745
2000-01-09,115,"Chicago, IL",LAX,"Los Angeles, CA",930,930,1112,25,1148,1137,0,1745
2000-01-09,117,"Chicago, IL",LAX,"Los Angeles, CA",1155,1157,1409,7,1409,1416,0,1745
2000-01-09,119,"Chicago, IL",LAX,"Los Angeles, CA",1330,1333,1546,6,1550,1552,0,1745
2000-01-09,121,"Chicago, IL",LAX,"Los Angeles, CA",1430,1432,1634,8,1644,1642,0,1745
2000-01-09,127,"Chicago, IL",LAX,"Los Angeles, CA",2220,2231,43,10,40,53,0,1745
2000-01-09,129,"Chicago, IL",LAX,"Los Angeles, CA",2030,"","","",2250,"",1,1745
2000-01-09,607,"Chicago, IL",LAX,"Los Angeles, CA",1040,1041,1250,6,1303,1256,0,1745
2000-01-09,762,"Chicago, IL",LAX,"Los Angeles, CA",700,659,858,3,917,901,0,1745
2000-01-09,815,"Chicago, IL",LAX,"Los Angeles, CA",1755,1855,2143,5,2012,2148,0,1745
2000-01-09,841,"Chicago, IL",LAX,"Los Angeles, CA",1925,1932,2240,4,2145,2244,0,1745
2000-01-09,953,"Chicago, IL",LAX,"Los Angeles, CA",2000,1957,2256,4,2218,2300,0,1745
2000-01-09,393,"Chicago, IL",MCI,"Kansas City, MO",914,918,1040,4,1034,1044,0,403
2000-01-09,455,"Chicago, IL",MCI,"Kansas City, MO",1144,1219,1336,3,1305,1339,0,403
2000-01-09,1597,"Chicago, IL",MCI,"Kansas City, MO",1530,1609,1727,3,1651,1730,0,403
2000-01-09,1747,"Chicago, IL",MCI,"Kansas City, MO",1944,1942,2203,3,2111,2206,0,403
2000-01-09,1895,"Chicago, IL",MCI,"Kansas City, MO",1815,1812,2005,4,1942,2009,0,403
2000-01-09,421,"Chicago, IL",MEM,"Memphis, TN",1510,1540,1708,4,1644,1712,0,491
2000-01-09,1151,"Chicago, IL",MEM,"Memphis, TN",920,919,1051,4,1054,1055,0,491
2000-01-09,1795,"Chicago, IL",MEM,"Memphis, TN",1914,2114,2256,6,2049,2302,0,491
2000-01-09,379,"Chicago, IL",OAK,"Oakland, CA",1535,1626,1847,5,1802,1852,0,1836
2000-01-09,469,"Chicago, IL",OAK,"Oakland, CA",1944,2107,2346,7,2223,2353,0,1836
2000-01-09,1455,"Chicago, IL",OAK,"Oakland, CA",928,925,1201,5,1206,1206,0,1836
2000-01-09,576,"Chicago, IL",PIT,"Pittsburgh, PA",1050,1047,1249,6,1305,1255,0,412
2000-01-09,582,"Chicago, IL",PIT,"Pittsburgh, PA",1310,1351,1612,7,1530,1619,0,412
2000-01-09,734,"Chicago, IL",PIT,"Pittsburgh, PA",1444,1449,1709,5,1704,1714,0,412
2000-01-09,760,"Chicago, IL",PIT,"Pittsburgh, PA",2055,"","","",2314,"",1,412
2000-01-09,1204,"Chicago, IL",PIT,"Pittsburgh, PA",1644,1721,2042,10,1908,2052,0,412
2000-01-09,1174,"Chicago, IL",RSW,"Fort Myers, FL",1455,1524,1902,5,1836,1907,0,1120
2000-01-09,1206,"Chicago, IL",RSW,"Fort Myers, FL",739,739,1119,2,1120,1121,0,1120
2000-01-09,315,"Chicago, IL",SAN,"San Diego, CA",815,812,1014,3,1024,1017,0,1723
2000-01-09,477,"Chicago, IL",SAN,"San Diego, CA",1144,1143,1348,2,1354,1350,0,1723
2000-01-09,741,"Chicago, IL",SAN,"San Diego, CA",937,939,1134,3,1148,1137,0,1723
2000-01-09,929,"Chicago, IL",SAN,"San Diego, CA",1514,1545,1746,2,1727,1748,0,1723
2000-01-09,1121,"Chicago, IL",SAN,"San Diego, CA",1755,1814,2046,2,2009,2048,0,1723
2000-01-09,1277,"Chicago, IL",SAN,"San Diego, CA",1940,1942,2242,2,2155,2244,0,1723
2000-01-09,333,"Chicago, IL",SEA,"Seattle, WA",925,934,1154,7,1146,1201,0,1721
2000-01-09,337,"Chicago, IL",SEA,"Seattle, WA",1914,2145,22,4,2142,26,0,1721
2000-01-09,383,"Chicago, IL",SEA,"Seattle, WA",1750,1802,2125,6,2019,2131,0,1721
2000-01-09,537,"Chicago, IL",SEA,"Seattle, WA",2225,2257,111,5,44,116,0,1721
2000-01-09,755,"Chicago, IL",SEA,"Seattle, WA",810,807,1044,4,1039,1048,0,1721
2000-01-09,939,"Chicago, IL",SEA,"Seattle, WA",1144,1145,1400,4,1405,1404,0,1721
2000-01-09,943,"Chicago, IL",SEA,"Seattle, WA",1530,1531,1741,4,1746,1745,0,1721
2000-01-09,1748,"Chicago, IL",SJU,"San Juan, PR",739,738,1359,4,1405,1403,0,2072
2000-01-09,1999,"Chicago, IL",SJU,"San Juan, PR",814,812,1441,4,1440,1445,0,2072
2000-01-09,1671,"Chicago, IL",STL,"St. Louis, MO",1520,1558,1659,4,1629,1703,0,258
2000-01-09,877,"Chicago, IL",STT,"Charlotte Amalie, VI",744,743,1417,4,1429,1421,0,2116
2000-01-09,356,"Chicago, IL",SYR,"Syracuse, NY",1320,1319,1601,5,1604,1606,0,607
2000-01-09,1498,"Chicago, IL",SYR,"Syracuse, NY",1730,1807,2138,4,2010,2142,0,607
2000-01-10,560,"Chicago, IL",BNA,"Nashville, TN",740,751,908,4,902,912,0,409
2000-01-10,1050,"Chicago, IL",BNA,"Nashville, TN",1914,1915,2030,6,2034,2036,0,409
2000-01-10,1550,"Chicago, IL",BNA,"Nashville, TN",1444,1522,1627,6,1601,1633,0,409
2000-01-10,1069,"Chicago, IL",BOI,"Boise, ID",1914,2018,2321,4,2157,2325,0,1437
2000-01-10,418,"Chicago, IL",BWI,"Baltimore, MD",1115,1114,1351,6,1354,1357,0,621
2000-01-10,756,"Chicago, IL",BWI,"Baltimore, MD",2100,2101,2338,4,2343,2342,0,621
2000-01-10,770,"Chicago, IL",BWI,"Baltimore, MD",1705,1706,1944,4,1948,1948,0,621
2000-01-10,1298,"Chicago, IL",BWI,"Baltimore, MD",1325,1327,1606,2,1613,1608,0,621
2000-01-10,1428,"Chicago, IL",BWI,"Baltimore, MD",605,602,850,5,845,855,0,621
2000-01-10,432,"Chicago, IL",CLT,"Charlotte, NC",1314,1316,1552,6,1554,1558,0,599
2000-01-10,462,"Chicago, IL",CLT,"Charlotte, NC",615,611,903,4,855,907,0,599
2000-01-10,536,"Chicago, IL",CLT,"Charlotte, NC",1644,1824,2048,4,1920,2052,0,599
2000-01-10,1616,"Chicago, IL",CLT,"Charlotte, NC",2045,2045,2321,4,2325,2325,0,599
2000-01-10,515,"Chicago, IL",DAY,"Dayton, OH",1410,1407,1556,5,1610,1601,0,240
2000-01-10,657,"Chicago, IL",DAY,"Dayton, OH",2115,2115,2311,6,2318,2317,0,240
2000-01-10,1128,"Chicago, IL",DAY,"Dayton, OH",1120,1117,1315,4,1319,1319,0,240
2000-01-10,1552,"Chicago, IL",DAY,"Dayton, OH",800,754,957,6,1000,1003,0,240
2000-01-10,1754,"Chicago, IL",DAY,"Dayton, OH",1705,1721,1929,3,1907,1932,0,240
2000-01-10,302,"Chicago, IL",DTW,"Detroit, MI",1040,1040,1247,5,1249,1252,0,235
2000-01-10,350,"Chicago, IL",DTW,"Detroit, MI",1710,1710,1908,7,1923,1915,0,235
2000-01-10,396,"Chicago, IL",DTW,"Detroit, MI",1309,1309,1501,5,1524,1506,0,235
2000-01-10,440,"Chicago, IL",DTW,"Detroit, MI",750,752,1033,5,1001,1038,0,235
2000-01-10,454,"Chicago, IL",DTW,"Detroit, MI",630,631,830,5,834,835,0,235
2000-01-10,671,"Chicago, IL",DTW,"Detroit, MI",2115,2202,2355,6,2320,1,0,235
2000-01-10,1425,"Chicago, IL",GEG,"Spokane, WA",1920,2003,2205,5,2118,2210,0,1498
2000-01-10,422,"Chicago, IL",GRR,"Grand Rapids, MI",1925,1924,2102,3,2112,2105,0,137
2000-01-10,494,"Chicago, IL",GRR,"Grand Rapids, MI",851,949,1139,5,1036,1144,0,137
2000-01-10,633,"Chicago, IL",GRR,"Grand Rapids, MI",2115,2158,2340,5,2303,2345,0,137
2000-01-10,1260,"Chicago, IL",GRR,"Grand Rapids, MI",1444,1443,1626,3,1630,1629,0,137
2000-01-10,1446,"Chicago, IL",GRR,"Grand Rapids, MI",1144,1142,1329,4,1329,1333,0,137
2000-01-10,540,"Chicago, IL",GSO,"Greensboro/High Point, NC",900,927,1201,2,1138,1203,0,590
2000-01-10,750,"Chicago, IL",GSO,"Greensboro/High Point, NC",1744,1815,2043,2,2019,2045,0,590
2000-01-10,1538,"Chicago, IL",GSO,"Greensboro/High Point, NC",1420,1433,1704,2,1658,1706,0,590
2000-01-10,392,"Chicago, IL",MDT,"Harrisburg, PA",1714,1717,1959,5,1949,2004,0,594
2000-01-10,482,"Chicago, IL",MDT,"Harrisburg, PA",900,903,1141,3,1140,1144,0,594
2000-01-10,542,"Chicago, IL",MDT,"Harrisburg, PA",1314,1313,1542,3,1554,1545,0,594
2000-01-10,728,"Chicago, IL",MDT,"Harrisburg, PA",2100,2057,2326,4,2340,2330,0,594
2000-01-10,869,"Chicago, IL",MIA,"Miami, FL",1450,1445,1838,7,1839,1845,0,1197
2000-01-10,1088,"Chicago, IL",MIA,"Miami, FL",739,740,1129,3,1130,1132,0,1197
2000-01-10,1636,"Chicago, IL",MIA,"Miami, FL",1030,1034,1409,3,1415,1412,0,1197
2000-01-10,1984,"Chicago, IL",MIA,"Miami, FL",1805,1844,2228,6,2150,2234,0,1197
2000-01-10,647,"Chicago, IL",MKE,"Milwaukee, WI",1414,1414,1444,4,1451,1448,0,67
2000-01-10,1564,"Chicago, IL",MKE,"Milwaukee, WI",2230,2232,2301,6,2307,2307,0,67
2000-01-10,675,"Chicago, IL",MSN,"Madison, WI",2055,2051,2129,3,2141,2132,0,109
2000-01-10,1249,"Chicago, IL",MSN,"Madison, WI",2230,2229,2301,2,2315,2303,0,109
2000-01-10,1581,"Chicago, IL",MSN,"Madison, WI",1410,1411,1446,4,1451,1450,0,109
2000-01-10,367,"Chicago, IL",MSY,"New Orleans, LA",1200,1200,1408,7,1409,1415,0,837
2000-01-10,1789,"Chicago, IL",MSY,"New Orleans, LA",1930,1952,2155,4,2140,2159,0,837
2000-01-10,1867,"Chicago, IL",MSY,"New Orleans, LA",1000,1000,1202,5,1211,1207,0,837
2000-01-10,503,"Chicago, IL",PDX,"Portland, OR",1745,1830,2127,7,2007,2134,0,1739
2000-01-10,569,"Chicago, IL",PDX,"Portland, OR",1544,1542,1815,5,1800,1820,0,1739
2000-01-10,577,"Chicago, IL",PDX,"Portland, OR",1914,1949,2237,4,2140,2241,0,1739
2000-01-10,1401,"Chicago, IL",PDX,"Portland, OR",1200,1214,1508,5,1431,1513,0,1739
2000-01-10,1891,"Chicago, IL",PDX,"Portland, OR",945,1214,1520,4,1212,1524,0,1739
2000-01-10,749,"Chicago, IL",SAT,"San Antonio, TX",925,921,1202,6,1208,1208,0,1041
2000-01-10,1415,"Chicago, IL",SAT,"San Antonio, TX",1940,2018,2248,4,2224,2252,0,1041
2000-01-10,137,"Chicago, IL",SFO,"San Francisco, CA",1030,1027,1304,4,1306,1308,0,1846
2000-01-10,139,"Chicago, IL",SFO,"San Francisco, CA",2220,2222,58,5,51,103,0,1846
2000-01-10,141,"Chicago, IL",SFO,"San Francisco, CA",1210,1246,1538,4,1448,1542,0,1846
2000-01-10,143,"Chicago, IL",SFO,"San Francisco, CA",1144,1152,1435,5,1407,1440,0,1846
2000-01-10,145,"Chicago, IL",SFO,"San Francisco, CA",930,930,1204,6,1200,1210,0,1846
2000-01-10,147,"Chicago, IL",SFO,"San Francisco, CA",1530,1529,1753,5,1753,1758,0,1846
2000-01-10,149,"Chicago, IL",SFO,"San Francisco, CA",1805,1805,2043,4,2038,2047,0,1846
2000-01-10,151,"Chicago, IL",SFO,"San Francisco, CA",1920,"","","",2157,"",1,1846
2000-01-10,155,"Chicago, IL",SFO,"San Francisco, CA",2030,2032,2314,4,2304,2318,0,1846
2000-01-10,157,"Chicago, IL",SFO,"San Francisco, CA",800,804,1035,2,1028,1037,0,1846
2000-01-10,525,"Chicago, IL",SFO,"San Francisco, CA",1925,"","","",2205,"",1,1846
2000-01-10,399,"Chicago, IL",SLC,"Salt Lake City, UT",1205,1204,1431,4,1419,1435,0,1249
2000-01-10,533,"Chicago, IL",SLC,"Salt Lake City, UT",1914,1957,2209,3,2123,2212,0,1249
2000-01-10,1439,"Chicago, IL",SLC,"Salt Lake City, UT",914,919,1203,6,1124,1209,0,1249
2000-01-10,1110,"Chicago, IL",TYS,"Knoxville, TN",1314,1317,1541,4,1538,1545,0,475
2000-01-10,1818,"Chicago, IL",TYS,"Knoxville, TN",2120,2141,2353,3,2347,2356,0,475
2000-01-10,352,"Chicago, IL",ALB,"Albany, NY",1320,1351,1638,5,1614,1643,0,723
2000-01-10,1104,"Chicago, IL",ALB,"Albany, NY",620,"","","",910,"",1,723
2000-01-10,1454,"Chicago, IL",ALB,"Albany, NY",1720,1721,2014,4,2014,2018,0,723
2000-01-10,364,"Chicago, IL",ATL,"Atlanta, GA",1914,1915,2155,7,2204,2202,0,606
2000-01-10,446,"Chicago, IL",ATL,"Atlanta, GA",925,1038,1311,5,1209,1316,0,606
2000-01-10,527,"Chicago, IL",ATL,"Atlanta, GA",2100,2058,2338,6,2345,2344,0,606
2000-01-10,796,"Chicago, IL",ATL,"Atlanta, GA",1330,1329,1623,4,1633,1627,0,606
2000-01-10,1268,"Chicago, IL",ATL,"Atlanta, GA",650,649,930,10,941,940,0,606
2000-01-10,1628,"Chicago, IL",ATL,"Atlanta, GA",1035,1032,1305,4,1324,1309,0,606
2000-01-10,1690,"Chicago, IL",ATL,"Atlanta, GA",1655,1655,1936,6,1948,1942,0,606
2000-01-10,1162,"Chicago, IL",BHM,"Birmingham, AL",2125,2150,2323,6,2306,2329,0,584
2000-01-10,1166,"Chicago, IL",BHM,"Birmingham, AL",900,857,1038,5,1040,1043,0,584
2000-01-10,669,"Chicago, IL",CID,"Cedar Rapids/Iowa City, IA",2230,2227,2315,4,2324,2319,0,196
2000-01-10,681,"Chicago, IL",CID,"Cedar Rapids/Iowa City, IA",1600,1615,1707,6,1655,1713,0,196
2000-01-10,743,"Chicago, IL",CID,"Cedar Rapids/Iowa City, IA",1920,1923,2016,4,2018,2020,0,196
2000-01-10,1823,"Chicago, IL",CID,"Cedar Rapids/Iowa City, IA",1145,1203,1305,5,1241,1310,0,196
2000-01-10,1827,"Chicago, IL",CID,"Cedar Rapids/Iowa City, IA",926,927,1018,4,1022,1022,0,196
2000-01-10,1019,"Chicago, IL",COS,"Colorado Springs, CO",1920,1950,2107,5,2045,2112,0,911
2000-01-10,1785,"Chicago, IL",COS,"Colorado Springs, CO",950,946,1116,4,1121,1120,0,911
2000-01-10,490,"Chicago, IL",CVG,"Cincinnati, OH",739,739,938,6,948,944,0,264
2000-01-10,529,"Chicago, IL",CVG,"Cincinnati, OH",2115,2128,2330,5,2324,2335,0,264
2000-01-10,772,"Chicago, IL",CVG,"Cincinnati, OH",1415,1413,1623,5,1618,1628,0,264
2000-01-10,1140,"Chicago, IL",CVG,"Cincinnati, OH",600,556,758,5,809,803,0,264
2000-01-10,1810,"Chicago, IL",CVG,"Cincinnati, OH",1110,1108,1258,7,1311,1305,0,264
2000-01-10,1892,"Chicago, IL",CVG,"Cincinnati, OH",1655,1701,1903,6,1901,1909,0,264
2000-01-10,241,"Chicago, IL",DEN,"Denver, CO",600,556,710,8,724,718,0,888
2000-01-10,243,"Chicago, IL",DEN,"Denver, CO",700,659,820,7,829,827,0,888
2000-01-10,245,"Chicago, IL",DEN,"Denver, CO",755,801,927,7,923,934,0,888
2000-01-10,247,"Chicago, IL",DEN,"Denver, CO",910,910,1032,9,1038,1041,0,888
2000-01-10,251,"Chicago, IL",DEN,"Denver, CO",945,945,1103,8,1117,1111,0,888
2000-01-10,253,"Chicago, IL",DEN,"Denver, CO",1245,1303,1420,4,1418,1424,0,888
2000-01-10,255,"Chicago, IL",DEN,"Denver, CO",1530,1533,1713,5,1701,1718,0,888
2000-01-10,259,"Chicago, IL",DEN,"Denver, CO",1525,1522,1640,6,1656,1646,0,888
2000-01-10,531,"Chicago, IL",DEN,"Denver, CO",2220,2235,2359,8,2347,7,0,888
2000-01-10,941,"Chicago, IL",DEN,"Denver, CO",1920,1919,2037,6,2052,2043,0,888
2000-01-10,945,"Chicago, IL",DEN,"Denver, CO",1150,1202,1337,6,1325,1343,0,888
2000-01-10,959,"Chicago, IL",DEN,"Denver, CO",1745,1748,1908,8,1910,1916,0,888
2000-01-10,368,"Chicago, IL",FLL,"Fort Lauderdale, FL",741,742,1131,4,1129,1135,0,1182
2000-01-10,426,"Chicago, IL",FLL,"Fort Lauderdale, FL",2110,2104,48,3,56,51,0,1182
2000-01-10,1948,"Chicago, IL",FLL,"Fort Lauderdale, FL",1415,1415,1756,5,1804,1801,0,1182
2000-01-10,573,"Chicago, IL",IAH,"Houston, TX",914,915,1142,4,1147,1146,0,925
2000-01-10,703,"Chicago, IL",IAH,"Houston, TX",1200,1158,1432,4,1434,1436,0,925
2000-01-10,705,"Chicago, IL",IAH,"Houston, TX",700,752,1023,3,932,1026,0,925
2000-01-10,1169,"Chicago, IL",IAH,"Houston, TX",1514,1515,1742,5,1746,1747,0,925
2000-01-10,1897,"Chicago, IL",IAH,"Houston, TX",1925,1959,2232,4,2156,2236,0,925
2000-01-10,1957,"Chicago, IL",IAH,"Houston, TX",1750,1819,2048,7,2021,2055,0,925
2000-01-10,670,"Chicago, IL",LGA,"New York, NY",2100,2121,2400,5,2349,5,0,733
2000-01-10,672,"Chicago, IL",LGA,"New York, NY",1900,"","","",2157,"",1,733
2000-01-10,674,"Chicago, IL",LGA,"New York, NY",1800,1828,2118,5,2058,2123,0,733
2000-01-10,676,"Chicago, IL",LGA,"New York, NY",1700,1731,2040,4,2000,2044,0,733
2000-01-10,678,"Chicago, IL",LGA,"New York, NY",1600,1614,2005,5,1900,2010,0,733
2000-01-10,680,"Chicago, IL",LGA,"New York, NY",1500,1633,1926,4,1758,1930,0,733
2000-01-10,682,"Chicago, IL",LGA,"New York, NY",1400,"","","",1700,"",1,733
2000-01-10,342,"Chicago, IL",MCO,"Orlando, FL",2115,2123,48,6,43,54,0,1005
2000-01-10,1044,"Chicago, IL",MCO,"Orlando, FL",1655,1653,2012,4,2014,2016,0,1005
2000-01-10,1500,"Chicago, IL",MCO,"Orlando, FL",1344,1342,1700,5,1709,1705,0,1005
2000-01-10,1614,"Chicago, IL",MCO,"Orlando, FL",1035,1031,1413,4,1358,1417,0,1005
2000-01-10,1832,"Chicago, IL",MCO,"Orlando, FL",800,758,1125,5,1131,1130,0,1005
2000-01-10,299,"Chicago, IL",MSP,"Minneapolis, MN",1145,1148,1302,4,1303,1306,0,334
2000-01-10,353,"Chicago, IL",MSP,"Minneapolis, MN",744,753,902,3,903,905,0,334
2000-01-10,359,"Chicago, IL",MSP,"Minneapolis, MN",1344,1344,1454,4,1503,1458,0,334
2000-01-10,457,"Chicago, IL",MSP,"Minneapolis, MN",1044,1044,1203,2,1202,1205,0,334
2000-01-10,583,"Chicago, IL",MSP,"Minneapolis, MN",1544,"","","",1707,"",1,334
2000-01-10,599,"Chicago, IL",MSP,"Minneapolis, MN",945,941,1056,3,1104,1059,0,334
2000-01-10,719,"Chicago, IL",MSP,"Minneapolis, MN",1444,1620,1737,4,1604,1741,0,334
2000-01-10,765,"Chicago, IL",MSP,"Minneapolis, MN",1644,1730,1834,3,1805,1837,0,334
2000-01-10,799,"Chicago, IL",MSP,"Minneapolis, MN",645,644,801,3,808,804,0,334
2000-01-10,1067,"Chicago, IL",MSP,"Minneapolis, MN",1744,1743,1850,5,1912,1855,0,334
2000-01-10,1107,"Chicago, IL",MSP,"Minneapolis, MN",1945,2003,2139,3,2103,2142,0,334
2000-01-10,1139,"Chicago, IL",MSP,"Minneapolis, MN",1845,1843,1958,13,2007,2011,0,334
2000-01-10,1583,"Chicago, IL",MSP,"Minneapolis, MN",1245,1242,1354,2,1404,1356,0,334
2000-01-10,1889,"Chicago, IL",MSP,"Minneapolis, MN",2225,2224,2324,3,2341,2327,0,334
2000-01-10,1917,"Chicago, IL",MSP,"Minneapolis, MN",845,859,1032,3,1008,1035,0,334
2000-01-10,535,"Chicago, IL",OMA,"Omaha, NE",1210,1252,1402,4,1334,1406,0,416
2000-01-10,635,"Chicago, IL",OMA,"Omaha, NE",816,815,934,3,940,937,0,416
2000-01-10,775,"Chicago, IL",OMA,"Omaha, NE",1950,2028,2143,2,2117,2145,0,416
2000-01-10,1129,"Chicago, IL",OMA,"Omaha, NE",912,913,1033,3,1031,1036,0,416
2000-01-10,1499,"Chicago, IL",OMA,"Omaha, NE",1540,1546,1701,3,1700,1704,0,416
2000-01-10,1149,"Chicago, IL",ONT,"Ontario, CA",1914,1913,2117,3,2131,2120,0,1700
2000-01-10,1733,"Chicago, IL",ONT,"Ontario, CA",1155,1234,1444,3,1413,1447,0,1700
2000-01-10,1850,"Chicago, IL",PHL,"Philadelphia, PA",600,"","","",854,"",1,678
2000-01-10,1852,"Chicago, IL",PHL,"Philadelphia, PA",700,658,957,5,949,1002,0,678
2000-01-10,1854,"Chicago, IL",PHL,"Philadelphia, PA",815,812,1103,6,1102,1109,0,678
2000-01-10,1856,"Chicago, IL",PHL,"Philadelphia, PA",900,857,1146,6,1149,1152,0,678
2000-01-10,1858,"Chicago, IL",PHL,"Philadelphia, PA",1000,955,1251,5,1249,1256,0,678
2000-01-10,1860,"Chicago, IL",PHL,"Philadelphia, PA",1100,1057,1406,5,1349,1411,0,678
2000-01-10,1862,"Chicago, IL",PHL,"Philadelphia, PA",1200,1157,1444,7,1449,1451,0,678
2000-01-10,1864,"Chicago, IL",PHL,"Philadelphia, PA",1310,1309,1557,4,1607,1601,0,678
2000-01-10,1866,"Chicago, IL",PHL,"Philadelphia, PA",1410,1410,1735,5,1706,1740,0,678
2000-01-10,1868,"Chicago, IL",PHL,"Philadelphia, PA",1600,1603,1858,4,1854,1902,0,678
2000-01-10,1872,"Chicago, IL",PHL,"Philadelphia, PA",1700,1758,2116,5,1958,2121,0,678
2000-01-10,1874,"Chicago, IL",PHL,"Philadelphia, PA",1800,"","","",2050,"",1,678
2000-01-10,1876,"Chicago, IL",PHL,"Philadelphia, PA",1900,1859,2201,6,2150,2207,0,678
2000-01-10,1878,"Chicago, IL",PHL,"Philadelphia, PA",2050,2108,2344,4,2334,2348,0,678
2000-01-10,345,"Chicago, IL",PHX,"Phoenix, AZ",1144,1238,1513,8,1423,1521,0,1440
2000-01-10,423,"Chicago, IL",PHX,"Phoenix, AZ",1514,1520,1804,2,1757,1806,0,1440
2000-01-10,667,"Chicago, IL",PHX,"Phoenix, AZ",1935,1935,2206,3,2213,2209,0,1440
2000-01-10,1273,"Chicago, IL",PHX,"Phoenix, AZ",1805,1829,2042,8,2037,2050,0,1440
2000-01-10,1419,"Chicago, IL",PHX,"Phoenix, AZ",920,1043,1312,6,1159,1318,0,1440
2000-01-10,1969,"Chicago, IL",PHX,"Phoenix, AZ",750,748,1023,2,1029,1025,0,1440
2000-01-10,546,"Chicago, IL",PVD,"Providence, RI",1714,1713,2025,5,2021,2030,0,849
2000-01-10,1276,"Chicago, IL",PVD,"Providence, RI",850,848,1147,3,1152,1150,0,849
2000-01-10,1734,"Chicago, IL",PVD,"Providence, RI",1308,1317,1615,4,1613,1619,0,849
2000-01-10,798,"Chicago, IL",PWM,"Portland, ME",2045,2105,2,3,2357,5,0,900
2000-01-10,1130,"Chicago, IL",PWM,"Portland, ME",1310,1343,1640,3,1619,1643,0,900
2000-01-10,1230,"Chicago, IL",PWM,"Portland, ME",740,738,1040,3,1043,1043,0,900
2000-01-10,586,"Chicago, IL",RDU,"Raleigh/Durham, NC",1330,1330,1605,3,1618,1608,0,647
2000-01-10,588,"Chicago, IL",RDU,"Raleigh/Durham, NC",2100,2100,2337,4,2347,2341,0,647
2000-01-10,1108,"Chicago, IL",RDU,"Raleigh/Durham, NC",1644,1649,1926,6,1931,1932,0,647
2000-01-10,1114,"Chicago, IL",RDU,"Raleigh/Durham, NC",625,651,1009,5,912,1014,0,647
2000-01-10,590,"Chicago, IL",SDF,"Louisville, KY",2115,2130,2336,6,2324,2342,0,286
2000-01-10,1650,"Chicago, IL",SDF,"Louisville, KY",1355,1352,1601,3,1602,1604,0,286
2000-01-10,271,"Chicago, IL",SJC,"San Jose, CA",920,922,1203,5,1152,1208,0,1830
2000-01-10,559,"Chicago, IL",SJC,"San Jose, CA",1535,1533,1810,8,1803,1818,0,1830
2000-01-10,661,"Chicago, IL",SJC,"San Jose, CA",1935,2000,2232,4,2209,2236,0,1830
2000-01-10,691,"Chicago, IL",SJC,"San Jose, CA",1205,1205,1446,4,1437,1450,0,1830
2000-01-10,324,"Chicago, IL",TPA,"Tampa, FL",1030,1028,1345,3,1352,1348,0,1012
2000-01-10,1070,"Chicago, IL",TPA,"Tampa, FL",1725,1801,2116,4,2050,2120,0,1012
2000-01-10,1090,"Chicago, IL",TPA,"Tampa, FL",1316,1318,1641,4,1641,1645,0,1012
2000-01-10,1676,"Chicago, IL",TPA,"Tampa, FL",739,739,1112,3,1110,1115,0,1012
2000-01-10,1930,"Chicago, IL",TPA,"Tampa, FL",2115,2112,39,3,45,42,0,1012
2000-01-10,1122,"Chicago, IL",ABE,"Allentown/Bethlehem/Easton, PA",1650,1710,1957,3,1934,2000,0,654
2000-01-10,1656,"Chicago, IL",ABE,"Allentown/Bethlehem/Easton, PA",1410,1409,1639,4,1656,1643,0,654
2000-01-10,373,"Chicago, IL",AUS,"Austin, TX",1914,2030,2249,6,2155,2255,0,978
2000-01-10,589,"Chicago, IL",AUS,"Austin, TX",922,931,1205,6,1202,1211,0,978
2000-01-10,394,"Chicago, IL",BDL,"Hartford, CT",1650,1705,2000,3,1950,2003,0,783
2000-01-10,398,"Chicago, IL",BDL,"Hartford, CT",910,909,1204,7,1204,1211,0,783
2000-01-10,1126,"Chicago, IL",BDL,"Hartford, CT",2050,2049,2332,4,2351,2336,0,783
2000-01-10,1228,"Chicago, IL",BDL,"Hartford, CT",1320,1321,1625,5,1621,1630,0,783
2000-01-10,1404,"Chicago, IL",BDL,"Hartford, CT",1035,1033,1324,4,1332,1328,0,783
2000-01-10,1522,"Chicago, IL",BDL,"Hartford, CT",600,555,854,5,856,859,0,783
2000-01-10,502,"Chicago, IL",BOS,"Boston, MA",644,701,952,5,954,957,0,867
2000-01-10,504,"Chicago, IL",BOS,"Boston, MA",744,"","","",1053,"",1,867
2000-01-10,506,"Chicago, IL",BOS,"Boston, MA",845,844,1149,4,1154,1153,0,867
2000-01-10,508,"Chicago, IL",BOS,"Boston, MA",945,"","","",1254,"",1,867
2000-01-10,512,"Chicago, IL",BOS,"Boston, MA",1144,1143,1445,4,1457,1449,0,867
2000-01-10,514,"Chicago, IL",BOS,"Boston, MA",1245,1243,1548,9,1554,1557,0,867
2000-01-10,516,"Chicago, IL",BOS,"Boston, MA",1644,1719,2122,6,1959,2128,0,867
2000-01-10,518,"Chicago, IL",BOS,"Boston, MA",1344,1342,1847,4,1707,1851,0,867
2000-01-10,522,"Chicago, IL",BOS,"Boston, MA",1544,1542,1939,7,1858,1946,0,867
2000-01-10,524,"Chicago, IL",BOS,"Boston, MA",1744,1857,2243,4,2059,2247,0,867
2000-01-10,526,"Chicago, IL",BOS,"Boston, MA",1845,"","","",2156,"",1,867
2000-01-10,528,"Chicago, IL",BOS,"Boston, MA",1444,"","","",1759,"",1,867
2000-01-10,884,"Chicago, IL",BOS,"Boston, MA",1044,1040,1351,6,1355,1357,0,867
2000-01-10,1018,"Chicago, IL",BOS,"Boston, MA",2045,2141,32,6,2355,38,0,867
2000-01-10,138,"Chicago, IL",CMH,"Columbus, OH",1310,1308,1510,7,1516,1517,0,296
2000-01-10,601,"Chicago, IL",CMH,"Columbus, OH",805,803,1047,6,1010,1053,0,296
2000-01-10,1118,"Chicago, IL",CMH,"Columbus, OH",655,654,900,5,901,905,0,296
2000-01-10,1452,"Chicago, IL",CMH,"Columbus, OH",1105,1102,1302,6,1310,1308,0,296
2000-01-10,1518,"Chicago, IL",CMH,"Columbus, OH",1644,1707,1915,4,1854,1919,0,296
2000-01-10,1548,"Chicago, IL",CMH,"Columbus, OH",2115,2150,2346,7,2325,2353,0,296
2000-01-10,600,"Chicago, IL",DCA,"Washington, DC",630,628,925,2,907,927,0,612
2000-01-10,602,"Chicago, IL",DCA,"Washington, DC",730,730,1023,2,1010,1025,0,612
2000-01-10,604,"Chicago, IL",DCA,"Washington, DC",830,"","","",1111,"",1,612
2000-01-10,606,"Chicago, IL",DCA,"Washington, DC",930,935,1213,4,1209,1217,0,612
2000-01-10,608,"Chicago, IL",DCA,"Washington, DC",1030,"","","",1309,"",1,612
2000-01-10,610,"Chicago, IL",DCA,"Washington, DC",1130,1129,1402,3,1403,1405,0,612
2000-01-10,612,"Chicago, IL",DCA,"Washington, DC",1230,"","","",1506,"",1,612
2000-01-10,614,"Chicago, IL",DCA,"Washington, DC",1314,1333,1609,4,1558,1613,0,612
2000-01-10,616,"Chicago, IL",DCA,"Washington, DC",1330,1330,1607,4,1617,1611,0,612
2000-01-10,618,"Chicago, IL",DCA,"Washington, DC",1430,1437,1711,14,1711,1725,0,612
2000-01-10,620,"Chicago, IL",DCA,"Washington, DC",1530,1528,1759,18,1810,1817,0,612
2000-01-10,622,"Chicago, IL",DCA,"Washington, DC",1630,1717,2001,4,1908,2005,0,612
2000-01-10,624,"Chicago, IL",DCA,"Washington, DC",1700,"","","",1947,"",1,612
2000-01-10,626,"Chicago, IL",DCA,"Washington, DC",1730,1747,2029,24,2016,2053,0,612
2000-01-10,628,"Chicago, IL",DCA,"Washington, DC",1830,"","","",2108,"",1,612
2000-01-10,630,"Chicago, IL",DCA,"Washington, DC",1930,2026,2248,4,2208,2252,0,612
2000-01-10,632,"Chicago, IL",DCA,"Washington, DC",2045,2055,2319,4,2323,2323,0,612
2000-01-10,321,"Chicago, IL",DFW,"Dallas/Fort Worth, TX",945,943,1202,4,1208,1206,0,802
2000-01-10,495,"Chicago, IL",DFW,"Dallas/Fort Worth, TX",655,656,905,7,916,912,0,802
2000-01-10,685,"Chicago, IL",DFW,"Dallas/Fort Worth, TX",1405,1422,1633,5,1629,1638,0,802
2000-01-10,789,"Chicago, IL",DFW,"Dallas/Fort Worth, TX",1514,1521,1734,10,1738,1744,0,802
2000-01-10,1115,"Chicago, IL",DFW,"Dallas/Fort Worth, TX",830,827,1041,4,1051,1045,0,802
2000-01-10,1281,"Chicago, IL",DFW,"Dallas/Fort Worth, TX",1800,1914,2116,8,2015,2124,0,802
2000-01-10,1621,"Chicago, IL",DFW,"Dallas/Fort Worth, TX",1925,2036,2255,5,2147,2300,0,802
2000-01-10,1707,"Chicago, IL",DFW,"Dallas/Fort Worth, TX",1155,1157,1439,9,1421,1448,0,802
2000-01-10,634,"Chicago, IL",EWR,"Newark, NJ",630,625,914,12,928,926,0,719
2000-01-10,636,"Chicago, IL",EWR,"Newark, NJ",730,727,1017,9,1027,1026,0,719
2000-01-10,638,"Chicago, IL",EWR,"Newark, NJ",830,827,1114,12,1128,1126,0,719
2000-01-10,640,"Chicago, IL",EWR,"Newark, NJ",930,931,1233,7,1225,1240,0,719
2000-01-10,642,"Chicago, IL",EWR,"Newark, NJ",1030,1030,1345,7,1328,1352,0,719
2000-01-10,644,"Chicago, IL",EWR,"Newark, NJ",1130,"","","",1429,"",1,719
2000-01-10,646,"Chicago, IL",EWR,"Newark, NJ",1230,1235,1650,6,1533,1656,0,719
2000-01-10,648,"Chicago, IL",EWR,"Newark, NJ",1330,"","","",1644,"",1,719
2000-01-10,652,"Chicago, IL",EWR,"Newark, NJ",1430,1559,1901,9,1738,1910,0,719
2000-01-10,654,"Chicago, IL",EWR,"Newark, NJ",1530,"","","",1840,"",1,719
2000-01-10,656,"Chicago, IL",EWR,"Newark, NJ",1644,1814,2110,4,1947,2114,0,719
2000-01-10,658,"Chicago, IL",EWR,"Newark, NJ",1730,"","","",2033,"",1,719
2000-01-10,660,"Chicago, IL",EWR,"Newark, NJ",1830,1840,2152,9,2126,2201,0,719
2000-01-10,664,"Chicago, IL",EWR,"Newark, NJ",2045,2116,4,6,2343,10,0,719
2000-01-10,561,"Chicago, IL",ICT,"Wichita, KS",1915,1946,2133,4,2104,2137,0,588
2000-01-10,649,"Chicago, IL",ICT,"Wichita, KS",1514,1512,1701,3,1700,1704,0,588
2000-01-10,795,"Chicago, IL",ICT,"Wichita, KS",915,914,1057,3,1104,1100,0,588
2000-01-10,292,"Chicago, IL",IND,"Indianapolis, IN",700,708,852,9,856,901,0,177
2000-01-10,314,"Chicago, IL",IND,"Indianapolis, IN",1655,1659,1844,8,1851,1852,0,177
2000-01-10,500,"Chicago, IL",IND,"Indianapolis, IN",1144,1156,1352,8,1341,1400,0,177
2000-01-10,1590,"Chicago, IL",IND,"Indianapolis, IN",1520,1523,1709,9,1716,1718,0,177
2000-01-10,1608,"Chicago, IL",IND,"Indianapolis, IN",1310,1309,1448,15,1505,1503,0,177
2000-01-10,1758,"Chicago, IL",IND,"Indianapolis, IN",2105,2102,2246,9,2303,2255,0,177
2000-01-10,1808,"Chicago, IL",IND,"Indianapolis, IN",2225,2336,117,9,20,126,0,177
2000-01-10,707,"Chicago, IL",LAS,"Las Vegas, NV",2230,2228,26,9,16,35,0,1515
2000-01-10,711,"Chicago, IL",LAS,"Las Vegas, NV",1935,1937,2116,7,2121,2123,0,1515
2000-01-10,715,"Chicago, IL",LAS,"Las Vegas, NV",1514,1514,1655,4,1656,1659,0,1515
2000-01-10,717,"Chicago, IL",LAS,"Las Vegas, NV",800,757,931,6,936,937,0,1515
2000-01-10,721,"Chicago, IL",LAS,"Las Vegas, NV",1150,1206,1358,6,1330,1404,0,1515
2000-01-10,101,"Chicago, IL",LAX,"Los Angeles, CA",800,804,1006,19,1021,1025,0,1745
2000-01-10,105,"Chicago, IL",LAX,"Los Angeles, CA",1530,1531,1739,5,1742,1744,0,1745
2000-01-10,107,"Chicago, IL",LAX,"Los Angeles, CA",1630,1640,1849,4,1849,1853,0,1745
2000-01-10,111,"Chicago, IL",LAX,"Los Angeles, CA",1245,1242,1456,4,1508,1500,0,1745
2000-01-10,115,"Chicago, IL",LAX,"Los Angeles, CA",930,933,1139,5,1148,1144,0,1745
2000-01-10,117,"Chicago, IL",LAX,"Los Angeles, CA",1155,1155,1425,16,1411,1441,0,1745
2000-01-10,119,"Chicago, IL",LAX,"Los Angeles, CA",1330,1330,1538,4,1548,1542,0,1745
2000-01-10,121,"Chicago, IL",LAX,"Los Angeles, CA",1430,1429,1642,5,1644,1647,0,1745
2000-01-10,125,"Chicago, IL",LAX,"Los Angeles, CA",1210,1209,1442,5,1433,1447,0,1745
2000-01-10,127,"Chicago, IL",LAX,"Los Angeles, CA",2220,2233,50,11,40,101,0,1745
2000-01-10,129,"Chicago, IL",LAX,"Los Angeles, CA",2030,2059,2314,7,2250,2321,0,1745
2000-01-10,607,"Chicago, IL",LAX,"Los Angeles, CA",1040,1034,1258,14,1303,1312,0,1745
2000-01-10,762,"Chicago, IL",LAX,"Los Angeles, CA",700,700,909,8,917,917,0,1745
2000-01-10,815,"Chicago, IL",LAX,"Los Angeles, CA",1755,1756,2011,7,2012,2018,0,1745
2000-01-10,841,"Chicago, IL",LAX,"Los Angeles, CA",1925,1939,2153,3,2145,2156,0,1745
2000-01-10,953,"Chicago, IL",LAX,"Los Angeles, CA",2000,"","","",2218,"",1,1745
2000-01-10,393,"Chicago, IL",MCI,"Kansas City, MO",914,914,1026,2,1034,1028,0,403
2000-01-10,455,"Chicago, IL",MCI,"Kansas City, MO",1144,1202,1330,3,1305,1333,0,403
2000-01-10,1147,"Chicago, IL",MCI,"Kansas City, MO",804,852,1006,2,926,1008,0,403
2000-01-10,1597,"Chicago, IL",MCI,"Kansas City, MO",1530,1531,1645,1,1651,1646,0,403
2000-01-10,1747,"Chicago, IL",MCI,"Kansas City, MO",1945,2015,2132,3,2112,2135,0,403
2000-01-10,1895,"Chicago, IL",MCI,"Kansas City, MO",1814,1832,1953,4,1941,1957,0,403
2000-01-10,421,"Chicago, IL",MEM,"Memphis, TN",1510,1645,1814,6,1644,1820,0,491
2000-01-10,1151,"Chicago, IL",MEM,"Memphis, TN",920,918,1052,6,1054,1058,0,491
2000-01-10,1795,"Chicago, IL",MEM,"Memphis, TN",1914,1912,2034,7,2049,2041,0,491
2000-01-10,379,"Chicago, IL",OAK,"Oakland, CA",1535,1534,1800,5,1802,1805,0,1836
2000-01-10,469,"Chicago, IL",OAK,"Oakland, CA",1944,2002,2254,6,2223,2300,0,1836
2000-01-10,1455,"Chicago, IL",OAK,"Oakland, CA",928,936,1208,5,1206,1213,0,1836
2000-01-10,556,"Chicago, IL",PIT,"Pittsburgh, PA",739,739,954,5,957,959,0,412
2000-01-10,576,"Chicago, IL",PIT,"Pittsburgh, PA",1040,1038,1251,4,1255,1255,0,412
2000-01-10,582,"Chicago, IL",PIT,"Pittsburgh, PA",1310,1308,1513,8,1530,1521,0,412
2000-01-10,734,"Chicago, IL",PIT,"Pittsburgh, PA",1444,1657,1910,4,1704,1914,0,412
2000-01-10,760,"Chicago, IL",PIT,"Pittsburgh, PA",2055,2058,2308,5,2314,2313,0,412
2000-01-10,1204,"Chicago, IL",PIT,"Pittsburgh, PA",1644,1716,1929,5,1908,1934,0,412
2000-01-10,1174,"Chicago, IL",RSW,"Fort Myers, FL",1455,1457,1834,5,1836,1839,0,1120
2000-01-10,1206,"Chicago, IL",RSW,"Fort Myers, FL",739,742,1134,5,1120,1139,0,1120
2000-01-10,315,"Chicago, IL",SAN,"San Diego, CA",815,814,1022,3,1024,1025,0,1723
2000-01-10,477,"Chicago, IL",SAN,"San Diego, CA",1144,1144,1354,6,1354,1400,0,1723
2000-01-10,741,"Chicago, IL",SAN,"San Diego, CA",937,935,1141,3,1148,1144,0,1723
2000-01-10,929,"Chicago, IL",SAN,"San Diego, CA",1514,1622,1829,2,1727,1831,0,1723
2000-01-10,1121,"Chicago, IL",SAN,"San Diego, CA",1755,1848,2106,3,2009,2109,0,1723
2000-01-10,1277,"Chicago, IL",SAN,"San Diego, CA",1940,2015,2233,4,2155,2237,0,1723
2000-01-10,333,"Chicago, IL",SEA,"Seattle, WA",925,925,1154,5,1146,1159,0,1721
2000-01-10,337,"Chicago, IL",SEA,"Seattle, WA",1914,1916,2155,4,2142,2159,0,1721
2000-01-10,383,"Chicago, IL",SEA,"Seattle, WA",1750,1808,2054,4,2019,2058,0,1721
2000-01-10,537,"Chicago, IL",SEA,"Seattle, WA",2225,2230,44,3,44,47,0,1721
2000-01-10,755,"Chicago, IL",SEA,"Seattle, WA",810,807,1024,6,1031,1030,0,1721
2000-01-10,939,"Chicago, IL",SEA,"Seattle, WA",1144,1148,1407,5,1405,1412,0,1721
2000-01-10,943,"Chicago, IL",SEA,"Seattle, WA",1530,1530,1810,6,1746,1816,0,1721
2000-01-10,1748,"Chicago, IL",SJU,"San Juan, PR",739,738,1403,5,1405,1408,0,2072
2000-01-10,1671,"Chicago, IL",STL,"St. Louis, MO",1520,1521,1632,4,1629,1636,0,258
2000-01-10,356,"Chicago, IL",SYR,"Syracuse, NY",1320,1345,1610,4,1604,1614,0,607
2000-01-10,1498,"Chicago, IL",SYR,"Syracuse, NY",1730,1758,2036,3,2010,2039,0,607
2000-01-10,1620,"Chicago, IL",SYR,"Syracuse, NY",630,626,850,12,904,902,0,607
2000-01-10,568,"Chicago, IL",BTV,"Burlington, VT",1810,1843,2124,3,2059,2127,0,763
2000-01-10,1076,"Chicago, IL",BTV,"Burlington, VT",1325,1324,1606,2,1624,1608,0,763
2000-01-10,380,"Chicago, IL",BUF,"Buffalo, NY",1645,1650,1916,3,1908,1919,0,473
2000-01-10,786,"Chicago, IL",BUF,"Buffalo, NY",738,736,954,3,957,957,0,473
2000-01-10,790,"Chicago, IL",BUF,"Buffalo, NY",2100,2132,2349,4,2323,2353,0,473
2000-01-10,1576,"Chicago, IL",BUF,"Buffalo, NY",1450,1533,1748,3,1715,1751,0,473
2000-01-10,1881,"Chicago, IL",BUF,"Buffalo, NY",1105,1104,1329,3,1322,1332,0,473
2000-01-10,240,"Chicago, IL",CLE,"Cleveland, OH",1050,1050,1319,5,1259,1324,0,316
2000-01-10,348,"Chicago, IL",CLE,"Cleveland, OH",1714,1841,2053,3,1933,2056,0,316
2000-01-10,520,"Chicago, IL",CLE,"Cleveland, OH",625,627,840,5,842,845,0,316
2000-01-10,1184,"Chicago, IL",CLE,"Cleveland, OH",1310,1311,1522,4,1527,1526,0,316
2000-01-10,1588,"Chicago, IL",CLE,"Cleveland, OH",2115,2114,2313,4,2328,2317,0,316
2000-01-10,1922,"Chicago, IL",CLE,"Cleveland, OH",744,745,950,4,951,954,0,316
2000-01-10,699,"Chicago, IL",DSM,"Des Moines, IA",815,812,916,5,924,921,0,299
2000-01-10,773,"Chicago, IL",DSM,"Des Moines, IA",1514,1543,1642,6,1623,1648,0,299
2000-01-10,785,"Chicago, IL",DSM,"Des Moines, IA",2230,2228,2328,5,2338,2333,0,299
2000-01-10,1101,"Chicago, IL",DSM,"Des Moines, IA",1930,2043,2145,4,2042,2149,0,299
2000-01-10,1437,"Chicago, IL",DSM,"Des Moines, IA",1210,1223,1324,7,1318,1331,0,299
2000-01-10,1757,"Chicago, IL",DSM,"Des Moines, IA",920,953,1055,7,1033,1102,0,299
2000-01-10,43,"Chicago, IL",HNL,"Honolulu, HI",1000,1017,1452,3,1507,1455,0,4244
2000-01-10,780,"Chicago, IL",HPN,"White Plains, NY",1727,1818,2111,4,2029,2115,0,738
2000-01-10,1200,"Chicago, IL",HPN,"White Plains, NY",1330,1327,1635,5,1635,1640,0,738
2000-01-10,1484,"Chicago, IL",HPN,"White Plains, NY",2045,2056,2344,4,2340,2348,0,738
2000-01-10,1486,"Chicago, IL",HPN,"White Plains, NY",705,855,1157,5,1000,1202,0,738
2000-01-10,1488,"Chicago, IL",HPN,"White Plains, NY",1135,"","","",1429,"",1,738
2000-01-10,1686,"Chicago, IL",HPN,"White Plains, NY",1614,1614,1911,4,1910,1915,0,738
2000-01-10,474,"Chicago, IL",IAD,"Washington, DC",1320,1327,1603,5,1612,1608,0,589
2000-01-10,492,"Chicago, IL",IAD,"Washington, DC",1030,1035,1329,5,1312,1334,0,589
2000-01-10,538,"Chicago, IL",IAD,"Washington, DC",805,804,1109,5,1048,1114,0,589
2000-01-10,718,"Chicago, IL",IAD,"Washington, DC",1810,1831,2104,15,2100,2119,0,589
2000-01-10,766,"Chicago, IL",IAD,"Washington, DC",945,942,1233,5,1229,1238,0,589
2000-01-10,882,"Chicago, IL",IAD,"Washington, DC",1714,1713,1950,7,1958,1957,0,589
2000-01-10,1242,"Chicago, IL",IAD,"Washington, DC",600,600,924,4,842,928,0,589
2000-01-10,1246,"Chicago, IL",IAD,"Washington, DC",1450,1502,1739,11,1746,1750,0,589
2000-01-10,1638,"Chicago, IL",IAD,"Washington, DC",2055,2055,2326,7,2340,2333,0,589
2000-01-10,501,"Chicago, IL",JAX,"Jacksonville, FL",820,816,1137,4,1132,1141,0,865
2000-01-10,631,"Chicago, IL",JAX,"Jacksonville, FL",2045,2045,2349,4,2359,2353,0,865
2000-01-10,684,"Chicago, IL",LGA,"New York, NY",1300,1347,1702,6,1554,1708,0,733
2000-01-10,686,"Chicago, IL",LGA,"New York, NY",1200,"","","",1452,"",1,733
2000-01-10,690,"Chicago, IL",LGA,"New York, NY",1000,"","","",1250,"",1,733
2000-01-10,692,"Chicago, IL",LGA,"New York, NY",900,901,1210,3,1155,1213,0,733
2000-01-10,694,"Chicago, IL",LGA,"New York, NY",800,759,1102,3,1100,1105,0,733
2000-01-10,696,"Chicago, IL",LGA,"New York, NY",700,659,947,5,954,952,0,733
2000-01-10,698,"Chicago, IL",LGA,"New York, NY",600,558,849,3,855,852,0,733
2000-01-10,896,"Chicago, IL",LGA,"New York, NY",0,1113,1414,5,0,1419,0,733
2000-01-10,1547,"Chicago, IL",LNK,"Lincoln, NE",1950,1948,2115,4,2115,2119,0,466
2000-01-10,1815,"Chicago, IL",LNK,"Lincoln, NE",912,915,1042,6,1037,1048,0,466
2000-01-10,521,"Chicago, IL",MBS,"Saginaw/Bay City/Midland, MI",1703,1737,1934,3,1900,1937,0,222
2000-01-10,1760,"Chicago, IL",MBS,"Saginaw/Bay City/Midland, MI",1310,1312,1505,2,1507,1507,0,222
2000-01-10,1851,"Chicago, IL",MBS,"Saginaw/Bay City/Midland, MI",815,812,1001,6,1012,1007,0,222
2000-01-10,1902,"Chicago, IL",MBS,"Saginaw/Bay City/Midland, MI",2115,2115,2310,2,2313,2312,0,222
2000-01-10,562,"Chicago, IL",MHT,"Manchester, NH",2057,2225,104,2,2359,106,0,843
2000-01-10,1024,"Chicago, IL",MHT,"Manchester, NH",1309,1312,1603,3,1614,1606,0,843
2000-01-10,1048,"Chicago, IL",MHT,"Manchester, NH",1644,1702,1958,3,1949,2001,0,843
2000-01-10,330,"Chicago, IL",ORF,"Norfolk, VA",1314,1316,1621,3,1612,1624,0,717
2000-01-10,532,"Chicago, IL",ORF,"Norfolk, VA",1725,1740,2035,2,2020,2037,0,717
2000-01-10,1198,"Chicago, IL",ORF,"Norfolk, VA",825,823,1116,3,1121,1119,0,717
2000-01-10,142,"Chicago, IL",PBI,"West Palm Beach/Palm Beach, FL",1950,2010,2341,4,2329,2345,0,1144
2000-01-10,639,"Chicago, IL",PBI,"West Palm Beach/Palm Beach, FL",1030,1220,1553,3,1409,1556,0,1144
2000-01-10,282,"Chicago, IL",RIC,"Richmond, VA",625,622,905,5,912,910,0,642
2000-01-10,1606,"Chicago, IL",RIC,"Richmond, VA",1314,1316,1555,2,1603,1557,0,642
2000-01-10,1824,"Chicago, IL",RIC,"Richmond, VA",1720,1748,2033,4,2009,2037,0,642
2000-01-10,386,"Chicago, IL",ROC,"Rochester, NY",2125,2208,24,4,2359,28,0,528
2000-01-10,438,"Chicago, IL",ROC,"Rochester, NY",1705,1706,1938,3,1939,1941,0,528
2000-01-10,550,"Chicago, IL",ROC,"Rochester, NY",1040,1101,1332,7,1309,1339,0,528
2000-01-10,1194,"Chicago, IL",ROC,"Rochester, NY",700,654,922,7,930,929,0,528
2000-01-10,1456,"Chicago, IL",ROC,"Rochester, NY",1440,1454,1710,6,1711,1716,0,528
2000-01-10,381,"Chicago, IL",SMF,"Sacramento, CA",915,928,1213,3,1147,1216,0,1781
2000-01-10,483,"Chicago, IL",SMF,"Sacramento, CA",1914,2013,2251,5,2145,2256,0,1781
2000-01-10,621,"Chicago, IL",SMF,"Sacramento, CA",1545,1542,1829,4,1814,1833,0,1781
2000-01-10,1405,"Chicago, IL",SMF,"Sacramento, CA",1144,1151,1436,6,1408,1442,0,1781
2000-01-10,303,"Chicago, IL",SNA,"Santa Ana, CA",1525,1523,1735,4,1737,1739,0,1726
2000-01-10,365,"Chicago, IL",SNA,"Santa Ana, CA",1144,1143,1356,4,1357,1400,0,1726
2000-01-10,473,"Chicago, IL",SNA,"Santa Ana, CA",1945,1943,2148,11,2200,2159,0,1726
2000-01-10,1075,"Chicago, IL",SNA,"Santa Ana, CA",1745,1744,1958,4,2000,2002,0,1726
2000-01-10,1543,"Chicago, IL",SNA,"Santa Ana, CA",914,914,1122,48,1127,1210,0,1726
2000-01-10,285,"Chicago, IL",STL,"St. Louis, MO",739,739,839,5,849,844,0,258
2000-01-10,609,"Chicago, IL",STL,"St. Louis, MO",1144,1148,1249,5,1253,1254,0,258
2000-01-10,779,"Chicago, IL",STL,"St. Louis, MO",1925,1956,2110,3,2036,2113,0,258
2000-01-11,568,"Chicago, IL",BTV,"Burlington, VT",1810,1807,2053,6,2059,2059,0,763
2000-01-11,1076,"Chicago, IL",BTV,"Burlington, VT",1325,1433,1724,5,1624,1729,0,763
2000-01-11,380,"Chicago, IL",BUF,"Buffalo, NY",1644,1653,1906,3,1907,1909,0,473
2000-01-11,786,"Chicago, IL",BUF,"Buffalo, NY",738,736,956,1,957,957,0,473
2000-01-11,790,"Chicago, IL",BUF,"Buffalo, NY",2100,2054,2323,2,2323,2325,0,473
2000-01-11,1576,"Chicago, IL",BUF,"Buffalo, NY",1450,"","","",1715,"",1,473
2000-01-11,1881,"Chicago, IL",BUF,"Buffalo, NY",1105,1100,1316,3,1322,1319,0,473
2000-01-11,240,"Chicago, IL",CLE,"Cleveland, OH",1050,1046,1255,4,1259,1259,0,316
2000-01-11,348,"Chicago, IL",CLE,"Cleveland, OH",1714,1711,1920,6,1933,1926,0,316
2000-01-11,520,"Chicago, IL",CLE,"Cleveland, OH",625,624,845,5,842,850,0,316
2000-01-11,1184,"Chicago, IL",CLE,"Cleveland, OH",1310,1305,1523,7,1527,1530,0,316
2000-01-11,1588,"Chicago, IL",CLE,"Cleveland, OH",2115,2113,2326,5,2328,2331,0,316
2000-01-11,1922,"Chicago, IL",CLE,"Cleveland, OH",744,740,939,4,951,943,0,316
2000-01-11,699,"Chicago, IL",DSM,"Des Moines, IA",815,814,917,4,924,921,0,299
2000-01-11,773,"Chicago, IL",DSM,"Des Moines, IA",1514,1528,1633,3,1623,1636,0,299
2000-01-11,785,"Chicago, IL",DSM,"Des Moines, IA",2230,2227,2331,4,2338,2335,0,299
2000-01-11,1101,"Chicago, IL",DSM,"Des Moines, IA",1930,1930,2034,3,2042,2037,0,299
2000-01-11,1437,"Chicago, IL",DSM,"Des Moines, IA",1210,1207,1315,4,1318,1319,0,299
2000-01-11,1757,"Chicago, IL",DSM,"Des Moines, IA",920,939,1048,5,1033,1053,0,299
2000-01-11,43,"Chicago, IL",HNL,"Honolulu, HI",1000,959,1508,2,1507,1510,0,4244
2000-01-11,780,"Chicago, IL",HPN,"White Plains, NY",1727,1723,2029,2,2029,2031,0,738
2000-01-11,1200,"Chicago, IL",HPN,"White Plains, NY",1330,1328,1633,3,1635,1636,0,738
2000-01-11,1484,"Chicago, IL",HPN,"White Plains, NY",2045,2042,2341,3,2340,2344,0,738
2000-01-11,1486,"Chicago, IL",HPN,"White Plains, NY",705,702,949,4,1000,953,0,738
2000-01-11,1488,"Chicago, IL",HPN,"White Plains, NY",1135,1134,1428,4,1429,1432,0,738
2000-01-11,1686,"Chicago, IL",HPN,"White Plains, NY",1614,1609,1857,4,1910,1901,0,738
2000-01-11,474,"Chicago, IL",IAD,"Washington, DC",1320,1323,1643,8,1612,1651,0,589
2000-01-11,492,"Chicago, IL",IAD,"Washington, DC",1030,1029,1259,8,1312,1307,0,589
2000-01-11,538,"Chicago, IL",IAD,"Washington, DC",805,"","","",1048,"",1,589
2000-01-11,718,"Chicago, IL",IAD,"Washington, DC",1810,1806,2044,8,2100,2052,0,589
2000-01-11,766,"Chicago, IL",IAD,"Washington, DC",945,1028,1253,4,1229,1257,0,589
2000-01-11,882,"Chicago, IL",IAD,"Washington, DC",1714,1731,2001,8,1958,2009,0,589
2000-01-11,1242,"Chicago, IL",IAD,"Washington, DC",600,555,820,5,842,825,0,589
2000-01-11,1246,"Chicago, IL",IAD,"Washington, DC",1450,1601,1831,8,1746,1839,0,589
2000-01-11,1638,"Chicago, IL",IAD,"Washington, DC",2055,2050,2336,6,2340,2342,0,589
2000-01-11,501,"Chicago, IL",JAX,"Jacksonville, FL",820,816,1112,4,1132,1116,0,865
2000-01-11,631,"Chicago, IL",JAX,"Jacksonville, FL",2045,2041,2336,5,2359,2341,0,865
2000-01-11,684,"Chicago, IL",LGA,"New York, NY",1300,1300,1554,5,1554,1559,0,733
2000-01-11,686,"Chicago, IL",LGA,"New York, NY",1200,1201,1547,4,1452,1551,0,733
2000-01-11,690,"Chicago, IL",LGA,"New York, NY",1000,958,1329,4,1250,1333,0,733
2000-01-11,692,"Chicago, IL",LGA,"New York, NY",900,901,1159,4,1155,1203,0,733
2000-01-11,694,"Chicago, IL",LGA,"New York, NY",800,756,1100,3,1100,1103,0,733
2000-01-11,696,"Chicago, IL",LGA,"New York, NY",700,701,959,5,954,1004,0,733
2000-01-11,698,"Chicago, IL",LGA,"New York, NY",600,600,900,4,855,904,0,733
2000-01-11,896,"Chicago, IL",LGA,"New York, NY",0,1057,1341,3,0,1344,0,733
2000-01-11,1547,"Chicago, IL",LNK,"Lincoln, NE",1950,1946,2113,2,2115,2115,0,466
2000-01-11,1815,"Chicago, IL",LNK,"Lincoln, NE",912,910,1034,3,1037,1037,0,466
2000-01-11,521,"Chicago, IL",MBS,"Saginaw/Bay City/Midland, MI",1703,1703,1849,3,1900,1852,0,222
2000-01-11,1760,"Chicago, IL",MBS,"Saginaw/Bay City/Midland, MI",1310,1325,1516,2,1507,1518,0,222
2000-01-11,1851,"Chicago, IL",MBS,"Saginaw/Bay City/Midland, MI",815,816,1006,2,1012,1008,0,222
2000-01-11,1902,"Chicago, IL",MBS,"Saginaw/Bay City/Midland, MI",2115,2110,2306,3,2313,2309,0,222
2000-01-11,562,"Chicago, IL",MHT,"Manchester, NH",2057,2134,22,4,2359,26,0,843
2000-01-11,1024,"Chicago, IL",MHT,"Manchester, NH",1309,1307,1556,3,1614,1559,0,843
2000-01-11,1048,"Chicago, IL",MHT,"Manchester, NH",1644,1640,1938,4,1949,1942,0,843
2000-01-11,330,"Chicago, IL",ORF,"Norfolk, VA",1314,1344,1623,3,1612,1626,0,717
2000-01-11,532,"Chicago, IL",ORF,"Norfolk, VA",1725,1725,2004,4,2020,2008,0,717
2000-01-11,1198,"Chicago, IL",ORF,"Norfolk, VA",825,825,1103,3,1121,1106,0,717
2000-01-11,142,"Chicago, IL",PBI,"West Palm Beach/Palm Beach, FL",1950,2003,2328,4,2329,2332,0,1144
2000-01-11,639,"Chicago, IL",PBI,"West Palm Beach/Palm Beach, FL",1030,1026,1353,4,1409,1357,0,1144
2000-01-11,282,"Chicago, IL",RIC,"Richmond, VA",625,622,850,2,912,852,0,642
2000-01-11,1606,"Chicago, IL",RIC,"Richmond, VA",1314,1311,1543,4,1603,1547,0,642
2000-01-11,1824,"Chicago, IL",RIC,"Richmond, VA",1720,1726,1957,4,2009,2001,0,642
2000-01-11,386,"Chicago, IL",ROC,"Rochester, NY",2125,2247,102,4,2359,106,0,528
2000-01-11,438,"Chicago, IL",ROC,"Rochester, NY",1705,1703,1927,7,1939,1934,0,528
2000-01-11,550,"Chicago, IL",ROC,"Rochester, NY",1040,1038,1300,4,1309,1304,0,528
2000-01-11,1194,"Chicago, IL",ROC,"Rochester, NY",700,657,921,6,930,927,0,528
2000-01-11,1456,"Chicago, IL",ROC,"Rochester, NY",1440,1440,1659,7,1711,1706,0,528
2000-01-11,381,"Chicago, IL",SMF,"Sacramento, CA",915,913,1249,3,1147,1252,0,1781
2000-01-11,483,"Chicago, IL",SMF,"Sacramento, CA",1914,1913,2237,3,2145,2240,0,1781
2000-01-11,621,"Chicago, IL",SMF,"Sacramento, CA",1545,1555,1928,5,1814,1933,0,1781
2000-01-11,1405,"Chicago, IL",SMF,"Sacramento, CA",1144,1142,1446,3,1408,1449,0,1781
2000-01-11,303,"Chicago, IL",SNA,"Santa Ana, CA",1525,1528,1745,5,1737,1750,0,1726
2000-01-11,365,"Chicago, IL",SNA,"Santa Ana, CA",1144,1142,1354,4,1357,1358,0,1726
2000-01-11,473,"Chicago, IL",SNA,"Santa Ana, CA",1944,2035,2249,5,2159,2254,0,1726
2000-01-11,1075,"Chicago, IL",SNA,"Santa Ana, CA",1745,1745,2001,11,2000,2012,0,1726
2000-01-11,1543,"Chicago, IL",SNA,"Santa Ana, CA",914,912,1134,4,1127,1138,0,1726
2000-01-11,285,"Chicago, IL",STL,"St. Louis, MO",739,753,858,9,849,907,0,258
2000-01-11,609,"Chicago, IL",STL,"St. Louis, MO",1144,1143,1246,3,1253,1249,0,258
2000-01-11,779,"Chicago, IL",STL,"St. Louis, MO",1925,1924,2026,6,2036,2032,0,258
2000-01-11,1122,"Chicago, IL",ABE,"Allentown/Bethlehem/Easton, PA",1650,1648,1920,2,1934,1922,0,654
2000-01-11,1656,"Chicago, IL",ABE,"Allentown/Bethlehem/Easton, PA",1410,1410,1650,2,1656,1652,0,654
2000-01-11,373,"Chicago, IL",AUS,"Austin, TX",1914,1929,2205,3,2155,2208,0,978
2000-01-11,589,"Chicago, IL",AUS,"Austin, TX",922,922,1207,3,1202,1210,0,978
2000-01-11,394,"Chicago, IL",BDL,"Hartford, CT",1650,1649,1936,4,1950,1940,0,783
2000-01-11,398,"Chicago, IL",BDL,"Hartford, CT",910,907,1156,5,1204,1201,0,783
2000-01-11,1126,"Chicago, IL",BDL,"Hartford, CT",2050,2050,2400,5,2351,5,0,783
2000-01-11,1228,"Chicago, IL",BDL,"Hartford, CT",1320,1317,1614,3,1621,1617,0,783
2000-01-11,1404,"Chicago, IL",BDL,"Hartford, CT",1035,1033,1320,3,1332,1323,0,783
2000-01-11,1522,"Chicago, IL",BDL,"Hartford, CT",600,558,848,3,856,851,0,783
2000-01-11,502,"Chicago, IL",BOS,"Boston, MA",645,642,943,13,956,956,0,867
2000-01-11,504,"Chicago, IL",BOS,"Boston, MA",744,743,1045,5,1053,1050,0,867
2000-01-11,506,"Chicago, IL",BOS,"Boston, MA",845,846,1142,9,1154,1151,0,867
2000-01-11,508,"Chicago, IL",BOS,"Boston, MA",945,948,1243,6,1254,1249,0,867
2000-01-11,512,"Chicago, IL",BOS,"Boston, MA",1144,1146,1451,7,1457,1458,0,867
2000-01-11,514,"Chicago, IL",BOS,"Boston, MA",1245,1241,1541,7,1554,1548,0,867
2000-01-11,516,"Chicago, IL",BOS,"Boston, MA",1644,1735,2039,10,1959,2049,0,867
2000-01-11,518,"Chicago, IL",BOS,"Boston, MA",1344,1342,1652,6,1707,1658,0,867
2000-01-11,522,"Chicago, IL",BOS,"Boston, MA",1544,1541,1901,10,1858,1911,0,867
2000-01-11,524,"Chicago, IL",BOS,"Boston, MA",1744,1828,2118,6,2059,2124,0,867
2000-01-11,526,"Chicago, IL",BOS,"Boston, MA",1845,"","","",2156,"",1,867
2000-01-11,528,"Chicago, IL",BOS,"Boston, MA",1444,1442,1837,6,1759,1843,0,867
2000-01-11,884,"Chicago, IL",BOS,"Boston, MA",1044,1048,1346,6,1355,1352,0,867
2000-01-11,1018,"Chicago, IL",BOS,"Boston, MA",2045,2043,2353,3,2355,2356,0,867
2000-01-11,138,"Chicago, IL",CMH,"Columbus, OH",1310,1306,1516,4,1516,1520,0,296
2000-01-11,601,"Chicago, IL",CMH,"Columbus, OH",805,811,1013,5,1010,1018,0,296
2000-01-11,1118,"Chicago, IL",CMH,"Columbus, OH",655,653,852,4,901,856,0,296
2000-01-11,1452,"Chicago, IL",CMH,"Columbus, OH",1105,1104,1305,4,1310,1309,0,296
2000-01-11,1518,"Chicago, IL",CMH,"Columbus, OH",1644,1714,1914,4,1854,1918,0,296
2000-01-11,1548,"Chicago, IL",CMH,"Columbus, OH",2115,2111,2319,5,2325,2324,0,296
2000-01-11,600,"Chicago, IL",DCA,"Washington, DC",630,628,901,5,907,906,0,612
2000-01-11,602,"Chicago, IL",DCA,"Washington, DC",730,729,959,10,1010,1009,0,612
2000-01-11,604,"Chicago, IL",DCA,"Washington, DC",830,831,1057,3,1111,1100,0,612
2000-01-11,606,"Chicago, IL",DCA,"Washington, DC",930,930,1202,3,1209,1205,0,612
2000-01-11,608,"Chicago, IL",DCA,"Washington, DC",1030,1028,1256,4,1309,1300,0,612
2000-01-11,610,"Chicago, IL",DCA,"Washington, DC",1130,1127,1345,3,1403,1348,0,612
2000-01-11,612,"Chicago, IL",DCA,"Washington, DC",1230,1232,1500,1,1506,1501,0,612
2000-01-11,614,"Chicago, IL",DCA,"Washington, DC",1314,"","","",1558,"",1,612
2000-01-11,616,"Chicago, IL",DCA,"Washington, DC",1330,1328,1617,4,1617,1621,0,612
2000-01-11,618,"Chicago, IL",DCA,"Washington, DC",1430,1427,1654,2,1711,1656,0,612
2000-01-11,620,"Chicago, IL",DCA,"Washington, DC",1530,1529,1757,3,1810,1800,0,612
2000-01-11,622,"Chicago, IL",DCA,"Washington, DC",1630,1631,1859,1,1908,1900,0,612
2000-01-11,624,"Chicago, IL",DCA,"Washington, DC",1700,1658,1929,2,1947,1931,0,612
2000-01-11,626,"Chicago, IL",DCA,"Washington, DC",1730,1757,2031,3,2016,2034,0,612
2000-01-11,628,"Chicago, IL",DCA,"Washington, DC",1830,"","","",2108,"",1,612
2000-01-11,630,"Chicago, IL",DCA,"Washington, DC",1930,1927,2153,1,2208,2154,0,612
2000-01-11,632,"Chicago, IL",DCA,"Washington, DC",2045,2044,2315,3,2323,2318,0,612
2000-01-11,321,"Chicago, IL",DFW,"Dallas/Fort Worth, TX",945,945,1153,13,1208,1206,0,802
2000-01-11,495,"Chicago, IL",DFW,"Dallas/Fort Worth, TX",655,653,859,4,916,903,0,802
2000-01-11,685,"Chicago, IL",DFW,"Dallas/Fort Worth, TX",1405,1401,1615,12,1629,1627,0,802
2000-01-11,789,"Chicago, IL",DFW,"Dallas/Fort Worth, TX",1514,1513,1720,5,1738,1725,0,802
2000-01-11,1115,"Chicago, IL",DFW,"Dallas/Fort Worth, TX",830,828,1038,4,1051,1042,0,802
2000-01-11,1281,"Chicago, IL",DFW,"Dallas/Fort Worth, TX",1800,1757,2004,5,2015,2009,0,802
2000-01-11,1621,"Chicago, IL",DFW,"Dallas/Fort Worth, TX",1925,1922,2135,5,2147,2140,0,802
2000-01-11,1707,"Chicago, IL",DFW,"Dallas/Fort Worth, TX",1155,1153,1427,5,1421,1432,0,802
2000-01-11,634,"Chicago, IL",EWR,"Newark, NJ",630,627,909,5,928,914,0,719
2000-01-11,636,"Chicago, IL",EWR,"Newark, NJ",730,727,1009,6,1027,1015,0,719
2000-01-11,638,"Chicago, IL",EWR,"Newark, NJ",830,826,1112,6,1128,1118,0,719
2000-01-11,640,"Chicago, IL",EWR,"Newark, NJ",930,926,1210,8,1225,1218,0,719
2000-01-11,642,"Chicago, IL",EWR,"Newark, NJ",1030,1028,1316,4,1328,1320,0,719
2000-01-11,644,"Chicago, IL",EWR,"Newark, NJ",1130,1129,1420,4,1429,1424,0,719
2000-01-11,646,"Chicago, IL",EWR,"Newark, NJ",1230,1228,1541,12,1533,1553,0,719
2000-01-11,648,"Chicago, IL",EWR,"Newark, NJ",1330,1350,1713,5,1644,1718,0,719
2000-01-11,652,"Chicago, IL",EWR,"Newark, NJ",1430,1430,1741,8,1738,1749,0,719
2000-01-11,654,"Chicago, IL",EWR,"Newark, NJ",1530,1540,1825,9,1840,1834,0,719
2000-01-11,656,"Chicago, IL",EWR,"Newark, NJ",1644,"","","",1947,"",1,719
2000-01-11,658,"Chicago, IL",EWR,"Newark, NJ",1730,1743,2032,8,2033,2040,0,719
2000-01-11,660,"Chicago, IL",EWR,"Newark, NJ",1830,1827,2106,9,2126,2115,0,719
2000-01-11,664,"Chicago, IL",EWR,"Newark, NJ",2045,2043,2327,5,2343,2332,0,719
2000-01-11,561,"Chicago, IL",ICT,"Wichita, KS",1915,1915,2055,3,2104,2058,0,588
2000-01-11,649,"Chicago, IL",ICT,"Wichita, KS",1514,1531,1712,3,1700,1715,0,588
2000-01-11,795,"Chicago, IL",ICT,"Wichita, KS",915,927,1116,3,1104,1119,0,588
2000-01-11,292,"Chicago, IL",IND,"Indianapolis, IN",700,656,836,8,856,844,0,177
2000-01-11,314,"Chicago, IL",IND,"Indianapolis, IN",1655,1654,1833,12,1851,1845,0,177
2000-01-11,500,"Chicago, IL",IND,"Indianapolis, IN",1144,1142,1327,7,1341,1334,0,177
2000-01-11,1590,"Chicago, IL",IND,"Indianapolis, IN",1520,1542,1728,8,1716,1736,0,177
2000-01-11,1608,"Chicago, IL",IND,"Indianapolis, IN",1310,1310,1454,10,1505,1504,0,177
2000-01-11,1758,"Chicago, IL",IND,"Indianapolis, IN",2105,2102,2258,6,2303,2304,0,177
2000-01-11,1808,"Chicago, IL",IND,"Indianapolis, IN",2225,2225,7,13,20,20,0,177
2000-01-11,707,"Chicago, IL",LAS,"Las Vegas, NV",2230,2222,14,9,16,23,0,1515
2000-01-11,711,"Chicago, IL",LAS,"Las Vegas, NV",1935,1935,2122,5,2121,2127,0,1515
2000-01-11,715,"Chicago, IL",LAS,"Las Vegas, NV",1514,1517,1702,5,1656,1707,0,1515
2000-01-11,717,"Chicago, IL",LAS,"Las Vegas, NV",800,756,945,5,936,950,0,1515
2000-01-11,721,"Chicago, IL",LAS,"Las Vegas, NV",1150,1148,1339,6,1330,1345,0,1515
2000-01-11,101,"Chicago, IL",LAX,"Los Angeles, CA",800,756,1020,8,1021,1028,0,1745
2000-01-11,105,"Chicago, IL",LAX,"Los Angeles, CA",1530,1548,1744,8,1742,1752,0,1745
2000-01-11,107,"Chicago, IL",LAX,"Los Angeles, CA",1630,"","","",1849,"",1,1745
2000-01-11,111,"Chicago, IL",LAX,"Los Angeles, CA",1245,1241,1459,3,1508,1502,0,1745
2000-01-11,115,"Chicago, IL",LAX,"Los Angeles, CA",930,1009,1203,20,1148,1223,0,1745
2000-01-11,117,"Chicago, IL",LAX,"Los Angeles, CA",1155,1156,1418,8,1409,1426,0,1745
2000-01-11,119,"Chicago, IL",LAX,"Los Angeles, CA",1330,1331,1554,4,1550,1558,0,1745
2000-01-11,121,"Chicago, IL",LAX,"Los Angeles, CA",1430,1427,1647,6,1644,1653,0,1745
2000-01-11,125,"Chicago, IL",LAX,"Los Angeles, CA",1210,1218,1435,4,1433,1439,0,1745
2000-01-11,127,"Chicago, IL",LAX,"Los Angeles, CA",2220,2224,43,11,40,54,0,1745
2000-01-11,129,"Chicago, IL",LAX,"Los Angeles, CA",2030,"","","",2250,"",1,1745
2000-01-11,607,"Chicago, IL",LAX,"Los Angeles, CA",1040,1039,1257,7,1303,1304,0,1745
2000-01-11,762,"Chicago, IL",LAX,"Los Angeles, CA",700,702,923,4,917,927,0,1745
2000-01-11,815,"Chicago, IL",LAX,"Los Angeles, CA",1755,1843,2058,9,2012,2107,0,1745
2000-01-11,841,"Chicago, IL",LAX,"Los Angeles, CA",1925,1941,2212,9,2145,2221,0,1745
2000-01-11,953,"Chicago, IL",LAX,"Los Angeles, CA",2000,2000,2210,14,2218,2224,0,1745
2000-01-11,393,"Chicago, IL",MCI,"Kansas City, MO",914,942,1058,3,1034,1101,0,403
2000-01-11,455,"Chicago, IL",MCI,"Kansas City, MO",1144,1223,1339,4,1305,1343,0,403
2000-01-11,1147,"Chicago, IL",MCI,"Kansas City, MO",804,803,920,3,926,923,0,403
2000-01-11,1597,"Chicago, IL",MCI,"Kansas City, MO",1530,1535,1657,4,1651,1701,0,403
2000-01-11,1747,"Chicago, IL",MCI,"Kansas City, MO",1945,1942,2102,2,2112,2104,0,403
2000-01-11,1895,"Chicago, IL",MCI,"Kansas City, MO",1814,1814,1931,3,1941,1934,0,403
2000-01-11,421,"Chicago, IL",MEM,"Memphis, TN",1510,1525,1644,5,1644,1649,0,491
2000-01-11,1151,"Chicago, IL",MEM,"Memphis, TN",920,919,1051,6,1054,1057,0,491
2000-01-11,1795,"Chicago, IL",MEM,"Memphis, TN",1914,1923,2049,6,2049,2055,0,491
2000-01-11,379,"Chicago, IL",OAK,"Oakland, CA",1535,1533,1835,7,1802,1842,0,1836
2000-01-11,469,"Chicago, IL",OAK,"Oakland, CA",1944,1940,2242,6,2223,2248,0,1836
2000-01-11,1455,"Chicago, IL",OAK,"Oakland, CA",928,927,1244,4,1206,1248,0,1836
2000-01-11,556,"Chicago, IL",PIT,"Pittsburgh, PA",739,733,941,3,957,944,0,412
2000-01-11,576,"Chicago, IL",PIT,"Pittsburgh, PA",1040,1038,1241,5,1255,1246,0,412
2000-01-11,582,"Chicago, IL",PIT,"Pittsburgh, PA",1310,1332,1540,4,1530,1544,0,412
2000-01-11,734,"Chicago, IL",PIT,"Pittsburgh, PA",1444,1443,1705,6,1704,1711,0,412
2000-01-11,760,"Chicago, IL",PIT,"Pittsburgh, PA",2055,2105,2330,4,2314,2334,0,412
2000-01-11,1204,"Chicago, IL",PIT,"Pittsburgh, PA",1644,1643,1854,3,1908,1857,0,412
2000-01-11,1174,"Chicago, IL",RSW,"Fort Myers, FL",1455,1512,1838,4,1836,1842,0,1120
2000-01-11,1206,"Chicago, IL",RSW,"Fort Myers, FL",739,739,1113,3,1120,1116,0,1120
2000-01-11,315,"Chicago, IL",SAN,"San Diego, CA",815,814,1024,5,1024,1029,0,1723
2000-01-11,477,"Chicago, IL",SAN,"San Diego, CA",1144,1143,1347,2,1354,1349,0,1723
2000-01-11,741,"Chicago, IL",SAN,"San Diego, CA",937,935,1148,2,1148,1150,0,1723
2000-01-11,929,"Chicago, IL",SAN,"San Diego, CA",1514,1628,1841,3,1727,1844,0,1723
2000-01-11,1121,"Chicago, IL",SAN,"San Diego, CA",1755,1753,2003,4,2009,2007,0,1723
2000-01-11,1277,"Chicago, IL",SAN,"San Diego, CA",1940,1941,2145,2,2155,2147,0,1723
2000-01-11,333,"Chicago, IL",SEA,"Seattle, WA",925,924,1202,5,1146,1207,0,1721
2000-01-11,337,"Chicago, IL",SEA,"Seattle, WA",1914,1926,2208,4,2142,2212,0,1721
2000-01-11,383,"Chicago, IL",SEA,"Seattle, WA",1750,1754,2048,5,2019,2053,0,1721
2000-01-11,537,"Chicago, IL",SEA,"Seattle, WA",2225,2222,53,8,44,101,0,1721
2000-01-11,755,"Chicago, IL",SEA,"Seattle, WA",810,811,1031,5,1031,1036,0,1721
2000-01-11,939,"Chicago, IL",SEA,"Seattle, WA",1144,1144,1417,5,1405,1422,0,1721
2000-01-11,943,"Chicago, IL",SEA,"Seattle, WA",1530,1551,1818,5,1746,1823,0,1721
2000-01-11,1748,"Chicago, IL",SJU,"San Juan, PR",739,735,1346,4,1405,1350,0,2072
2000-01-11,1671,"Chicago, IL",STL,"St. Louis, MO",1520,1523,1634,6,1629,1640,0,258
2000-01-11,356,"Chicago, IL",SYR,"Syracuse, NY",1320,1316,1556,3,1604,1559,0,607
2000-01-11,1498,"Chicago, IL",SYR,"Syracuse, NY",1730,1731,2016,5,2010,2021,0,607
2000-01-11,1620,"Chicago, IL",SYR,"Syracuse, NY",630,628,859,5,904,904,0,607
2000-01-11,352,"Chicago, IL",ALB,"Albany, NY",1320,1318,1609,6,1614,1615,0,723
2000-01-11,1104,"Chicago, IL",ALB,"Albany, NY",620,617,854,3,910,857,0,723
2000-01-11,1454,"Chicago, IL",ALB,"Albany, NY",1720,1719,2007,4,2014,2011,0,723
2000-01-11,364,"Chicago, IL",ATL,"Atlanta, GA",1914,1957,2230,4,2204,2234,0,606
2000-01-11,446,"Chicago, IL",ATL,"Atlanta, GA",925,923,1154,4,1209,1158,0,606
2000-01-11,527,"Chicago, IL",ATL,"Atlanta, GA",2100,2058,2336,4,2345,2340,0,606
2000-01-11,796,"Chicago, IL",ATL,"Atlanta, GA",1330,1327,1611,6,1633,1617,0,606
2000-01-11,1268,"Chicago, IL",ATL,"Atlanta, GA",650,651,935,4,941,939,0,606
2000-01-11,1628,"Chicago, IL",ATL,"Atlanta, GA",1035,1034,1303,5,1324,1308,0,606
2000-01-11,1690,"Chicago, IL",ATL,"Atlanta, GA",1655,1656,1927,5,1948,1932,0,606
2000-01-11,1162,"Chicago, IL",BHM,"Birmingham, AL",2125,2125,2252,4,2306,2256,0,584
2000-01-11,1166,"Chicago, IL",BHM,"Birmingham, AL",900,901,1032,5,1040,1037,0,584
2000-01-11,669,"Chicago, IL",CID,"Cedar Rapids/Iowa City, IA",2230,2246,2332,2,2324,2334,0,196
2000-01-11,681,"Chicago, IL",CID,"Cedar Rapids/Iowa City, IA",1600,1610,1655,3,1655,1658,0,196
2000-01-11,743,"Chicago, IL",CID,"Cedar Rapids/Iowa City, IA",1920,1950,2039,6,2018,2045,0,196
2000-01-11,1823,"Chicago, IL",CID,"Cedar Rapids/Iowa City, IA",1145,1146,1234,4,1241,1238,0,196
2000-01-11,1827,"Chicago, IL",CID,"Cedar Rapids/Iowa City, IA",926,1021,1106,3,1022,1109,0,196
2000-01-11,1019,"Chicago, IL",COS,"Colorado Springs, CO",1920,1921,2049,6,2045,2055,0,911
2000-01-11,1785,"Chicago, IL",COS,"Colorado Springs, CO",950,949,1118,6,1121,1124,0,911
2000-01-11,490,"Chicago, IL",CVG,"Cincinnati, OH",739,737,1009,5,948,1014,0,264
2000-01-11,529,"Chicago, IL",CVG,"Cincinnati, OH",2115,2110,2314,7,2324,2321,0,264
2000-01-11,772,"Chicago, IL",CVG,"Cincinnati, OH",1415,1423,1615,8,1618,1623,0,264
2000-01-11,1140,"Chicago, IL",CVG,"Cincinnati, OH",600,600,911,6,809,917,0,264
2000-01-11,1810,"Chicago, IL",CVG,"Cincinnati, OH",1110,1118,1428,6,1311,1434,0,264
2000-01-11,1892,"Chicago, IL",CVG,"Cincinnati, OH",1655,1652,1844,7,1901,1851,0,264
2000-01-11,241,"Chicago, IL",DEN,"Denver, CO",600,602,720,4,724,724,0,888
2000-01-11,243,"Chicago, IL",DEN,"Denver, CO",700,657,830,7,829,837,0,888
2000-01-11,245,"Chicago, IL",DEN,"Denver, CO",755,751,919,6,923,925,0,888
2000-01-11,247,"Chicago, IL",DEN,"Denver, CO",910,910,1042,5,1038,1047,0,888
2000-01-11,251,"Chicago, IL",DEN,"Denver, CO",945,945,1107,5,1117,1112,0,888
2000-01-11,253,"Chicago, IL",DEN,"Denver, CO",1245,1248,1419,6,1418,1425,0,888
2000-01-11,255,"Chicago, IL",DEN,"Denver, CO",1530,1529,1712,11,1701,1723,0,888
2000-01-11,259,"Chicago, IL",DEN,"Denver, CO",1525,1532,1715,8,1656,1723,0,888
2000-01-11,531,"Chicago, IL",DEN,"Denver, CO",2220,2218,2350,6,2347,2356,0,888
2000-01-11,941,"Chicago, IL",DEN,"Denver, CO",1920,1920,2048,6,2052,2054,0,888
2000-01-11,945,"Chicago, IL",DEN,"Denver, CO",1150,1203,1336,8,1325,1344,0,888
2000-01-11,959,"Chicago, IL",DEN,"Denver, CO",1745,1751,1909,7,1910,1916,0,888
2000-01-11,368,"Chicago, IL",FLL,"Fort Lauderdale, FL",741,740,1103,4,1129,1107,0,1182
2000-01-11,426,"Chicago, IL",FLL,"Fort Lauderdale, FL",2110,2107,37,6,56,43,0,1182
2000-01-11,1948,"Chicago, IL",FLL,"Fort Lauderdale, FL",1415,1417,1753,3,1804,1756,0,1182
2000-01-11,573,"Chicago, IL",IAH,"Houston, TX",914,928,1148,4,1147,1152,0,925
2000-01-11,703,"Chicago, IL",IAH,"Houston, TX",1200,1159,1428,4,1434,1432,0,925
2000-01-11,705,"Chicago, IL",IAH,"Houston, TX",700,657,913,5,932,918,0,925
2000-01-11,1169,"Chicago, IL",IAH,"Houston, TX",1514,1515,1738,6,1746,1744,0,925
2000-01-11,1897,"Chicago, IL",IAH,"Houston, TX",1925,1921,2134,4,2156,2138,0,925
2000-01-11,1957,"Chicago, IL",IAH,"Houston, TX",1750,1756,2009,3,2021,2012,0,925
2000-01-11,670,"Chicago, IL",LGA,"New York, NY",2100,2108,2356,3,2349,2359,0,733
2000-01-11,672,"Chicago, IL",LGA,"New York, NY",1900,1900,2150,3,2157,2153,0,733
2000-01-11,674,"Chicago, IL",LGA,"New York, NY",1800,1817,2109,4,2058,2113,0,733
2000-01-11,676,"Chicago, IL",LGA,"New York, NY",1700,1700,1944,7,2000,1951,0,733
2000-01-11,678,"Chicago, IL",LGA,"New York, NY",1600,1600,1847,4,1900,1851,0,733
2000-01-11,680,"Chicago, IL",LGA,"New York, NY",1500,1545,1829,3,1758,1832,0,733
2000-01-11,682,"Chicago, IL",LGA,"New York, NY",1400,"","","",1700,"",1,733
2000-01-11,342,"Chicago, IL",MCO,"Orlando, FL",2115,2142,56,5,43,101,0,1005
2000-01-11,1044,"Chicago, IL",MCO,"Orlando, FL",1655,1700,2008,4,2014,2012,0,1005
2000-01-11,1500,"Chicago, IL",MCO,"Orlando, FL",1344,1342,1656,5,1709,1701,0,1005
2000-01-11,1614,"Chicago, IL",MCO,"Orlando, FL",1035,1032,1350,6,1358,1356,0,1005
2000-01-11,1832,"Chicago, IL",MCO,"Orlando, FL",800,758,1129,5,1131,1134,0,1005
2000-01-11,299,"Chicago, IL",MSP,"Minneapolis, MN",1145,1142,1258,4,1303,1302,0,334
2000-01-11,353,"Chicago, IL",MSP,"Minneapolis, MN",744,749,905,3,903,908,0,334
2000-01-11,359,"Chicago, IL",MSP,"Minneapolis, MN",1344,1343,1453,1,1503,1454,0,334
2000-01-11,457,"Chicago, IL",MSP,"Minneapolis, MN",1044,1043,1202,3,1202,1205,0,334
2000-01-11,583,"Chicago, IL",MSP,"Minneapolis, MN",1544,1616,1730,3,1707,1733,0,334
2000-01-11,599,"Chicago, IL",MSP,"Minneapolis, MN",945,941,1057,4,1104,1101,0,334
2000-01-11,719,"Chicago, IL",MSP,"Minneapolis, MN",1444,1519,1635,3,1604,1638,0,334
2000-01-11,765,"Chicago, IL",MSP,"Minneapolis, MN",1644,1643,1757,5,1805,1802,0,334
2000-01-11,799,"Chicago, IL",MSP,"Minneapolis, MN",645,644,806,3,808,809,0,334
2000-01-11,1067,"Chicago, IL",MSP,"Minneapolis, MN",1744,1755,1913,7,1912,1920,0,334
2000-01-11,1107,"Chicago, IL",MSP,"Minneapolis, MN",1945,2019,2132,3,2103,2135,0,334
2000-01-11,1139,"Chicago, IL",MSP,"Minneapolis, MN",1845,1849,2013,4,2007,2017,0,334
2000-01-11,1583,"Chicago, IL",MSP,"Minneapolis, MN",1245,1241,1403,3,1404,1406,0,334
2000-01-11,1889,"Chicago, IL",MSP,"Minneapolis, MN",2225,2311,13,2,2341,15,0,334
2000-01-11,1917,"Chicago, IL",MSP,"Minneapolis, MN",845,842,1016,3,1008,1019,0,334
2000-01-11,535,"Chicago, IL",OMA,"Omaha, NE",1210,1214,1336,5,1334,1341,0,416
2000-01-11,635,"Chicago, IL",OMA,"Omaha, NE",816,813,931,2,940,933,0,416
2000-01-11,775,"Chicago, IL",OMA,"Omaha, NE",1950,1949,2111,3,2117,2114,0,416
2000-01-11,1129,"Chicago, IL",OMA,"Omaha, NE",912,912,1028,3,1031,1031,0,416
2000-01-11,1499,"Chicago, IL",OMA,"Omaha, NE",1540,1546,1703,3,1700,1706,0,416
2000-01-11,1149,"Chicago, IL",ONT,"Ontario, CA",1914,1915,2126,3,2131,2129,0,1700
2000-01-11,1733,"Chicago, IL",ONT,"Ontario, CA",1155,1159,1431,2,1413,1433,0,1700
2000-01-11,1850,"Chicago, IL",PHL,"Philadelphia, PA",600,557,849,4,854,853,0,678
2000-01-11,1852,"Chicago, IL",PHL,"Philadelphia, PA",700,657,940,4,949,944,0,678
2000-01-11,1854,"Chicago, IL",PHL,"Philadelphia, PA",815,812,1055,6,1102,1101,0,678
2000-01-11,1856,"Chicago, IL",PHL,"Philadelphia, PA",900,909,1158,3,1149,1201,0,678
2000-01-11,1858,"Chicago, IL",PHL,"Philadelphia, PA",1000,957,1259,4,1249,1303,0,678
2000-01-11,1860,"Chicago, IL",PHL,"Philadelphia, PA",1100,1100,1331,3,1349,1334,0,678
2000-01-11,1862,"Chicago, IL",PHL,"Philadelphia, PA",1200,1155,1448,4,1449,1452,0,678
2000-01-11,1864,"Chicago, IL",PHL,"Philadelphia, PA",1310,1307,1600,3,1607,1603,0,678
2000-01-11,1866,"Chicago, IL",PHL,"Philadelphia, PA",1410,1408,1724,4,1706,1728,0,678
2000-01-11,1868,"Chicago, IL",PHL,"Philadelphia, PA",1600,1617,1935,7,1854,1942,0,678
2000-01-11,1872,"Chicago, IL",PHL,"Philadelphia, PA",1700,1657,1952,11,1958,2003,0,678
2000-01-11,1874,"Chicago, IL",PHL,"Philadelphia, PA",1800,"","","",2050,"",1,678
2000-01-11,1876,"Chicago, IL",PHL,"Philadelphia, PA",1900,1934,2211,4,2150,2215,0,678
2000-01-11,1878,"Chicago, IL",PHL,"Philadelphia, PA",2050,2051,2349,4,2334,2353,0,678
2000-01-11,345,"Chicago, IL",PHX,"Phoenix, AZ",1144,1142,1431,7,1423,1438,0,1440
2000-01-11,423,"Chicago, IL",PHX,"Phoenix, AZ",1514,1513,1757,3,1757,1800,0,1440
2000-01-11,667,"Chicago, IL",PHX,"Phoenix, AZ",1935,1934,2207,4,2213,2211,0,1440
2000-01-11,1273,"Chicago, IL",PHX,"Phoenix, AZ",1805,1809,2041,5,2037,2046,0,1440
2000-01-11,1419,"Chicago, IL",PHX,"Phoenix, AZ",920,923,1206,4,1159,1210,0,1440
2000-01-11,1969,"Chicago, IL",PHX,"Phoenix, AZ",750,751,1019,4,1029,1023,0,1440
2000-01-11,546,"Chicago, IL",PVD,"Providence, RI",1714,1716,2018,4,2021,2022,0,849
2000-01-11,1276,"Chicago, IL",PVD,"Providence, RI",850,848,1146,3,1152,1149,0,849
2000-01-11,1734,"Chicago, IL",PVD,"Providence, RI",1308,1308,1607,4,1613,1611,0,849
2000-01-11,798,"Chicago, IL",PWM,"Portland, ME",2045,2039,2330,2,2357,2332,0,900
2000-01-11,1130,"Chicago, IL",PWM,"Portland, ME",1310,1312,1620,3,1619,1623,0,900
2000-01-11,1230,"Chicago, IL",PWM,"Portland, ME",740,738,1029,3,1043,1032,0,900
2000-01-11,586,"Chicago, IL",RDU,"Raleigh/Durham, NC",1330,1325,1601,3,1618,1604,0,647
2000-01-11,588,"Chicago, IL",RDU,"Raleigh/Durham, NC",2100,2057,2338,3,2347,2341,0,647
2000-01-11,1108,"Chicago, IL",RDU,"Raleigh/Durham, NC",1644,1644,1912,4,1931,1916,0,647
2000-01-11,1114,"Chicago, IL",RDU,"Raleigh/Durham, NC",625,623,858,5,912,903,0,647
2000-01-11,590,"Chicago, IL",SDF,"Louisville, KY",2115,2112,2319,4,2324,2323,0,286
2000-01-11,1650,"Chicago, IL",SDF,"Louisville, KY",1355,1354,1547,4,1602,1551,0,286
2000-01-11,271,"Chicago, IL",SJC,"San Jose, CA",920,917,1209,3,1152,1212,0,1830
2000-01-11,559,"Chicago, IL",SJC,"San Jose, CA",1535,1557,1858,6,1803,1904,0,1830
2000-01-11,661,"Chicago, IL",SJC,"San Jose, CA",1935,1954,2259,28,2209,2327,0,1830
2000-01-11,691,"Chicago, IL",SJC,"San Jose, CA",1205,1204,1505,4,1437,1509,0,1830
2000-01-11,324,"Chicago, IL",TPA,"Tampa, FL",1030,1026,1340,2,1352,1342,0,1012
2000-01-11,1070,"Chicago, IL",TPA,"Tampa, FL",1725,1747,2049,2,2050,2051,0,1012
2000-01-11,1090,"Chicago, IL",TPA,"Tampa, FL",1316,1314,1636,2,1641,1638,0,1012
2000-01-11,1676,"Chicago, IL",TPA,"Tampa, FL",739,736,1100,3,1110,1103,0,1012
2000-01-11,1930,"Chicago, IL",TPA,"Tampa, FL",2115,2113,33,4,45,37,0,1012
2000-01-11,560,"Chicago, IL",BNA,"Nashville, TN",740,741,853,3,902,856,0,409
2000-01-11,1050,"Chicago, IL",BNA,"Nashville, TN",1914,1923,2041,2,2034,2043,0,409
2000-01-11,1550,"Chicago, IL",BNA,"Nashville, TN",1444,1443,1555,3,1601,1558,0,409
2000-01-11,1069,"Chicago, IL",BOI,"Boise, ID",1914,1915,2227,3,2157,2230,0,1437
2000-01-11,418,"Chicago, IL",BWI,"Baltimore, MD",1115,1113,1346,4,1354,1350,0,621
2000-01-11,756,"Chicago, IL",BWI,"Baltimore, MD",2100,2109,2347,3,2343,2350,0,621
2000-01-11,770,"Chicago, IL",BWI,"Baltimore, MD",1705,1737,2023,4,1948,2027,0,621
2000-01-11,1298,"Chicago, IL",BWI,"Baltimore, MD",1325,1322,1610,2,1613,1612,0,621
2000-01-11,1428,"Chicago, IL",BWI,"Baltimore, MD",605,602,841,4,845,845,0,621
2000-01-11,432,"Chicago, IL",CLT,"Charlotte, NC",1314,1313,1545,4,1554,1549,0,599
2000-01-11,462,"Chicago, IL",CLT,"Charlotte, NC",615,612,846,4,855,850,0,599
2000-01-11,536,"Chicago, IL",CLT,"Charlotte, NC",1644,1644,1912,5,1920,1917,0,599
2000-01-11,1616,"Chicago, IL",CLT,"Charlotte, NC",2045,2059,2329,4,2325,2333,0,599
2000-01-11,515,"Chicago, IL",DAY,"Dayton, OH",1410,1407,1559,5,1610,1604,0,240
2000-01-11,657,"Chicago, IL",DAY,"Dayton, OH",2115,2109,2313,3,2318,2316,0,240
2000-01-11,1128,"Chicago, IL",DAY,"Dayton, OH",1120,1211,1406,5,1319,1411,0,240
2000-01-11,1552,"Chicago, IL",DAY,"Dayton, OH",800,928,1118,6,1000,1124,0,240
2000-01-11,1754,"Chicago, IL",DAY,"Dayton, OH",1705,1703,1859,6,1907,1905,0,240
2000-01-11,302,"Chicago, IL",DTW,"Detroit, MI",1040,1040,1236,5,1249,1241,0,235
2000-01-11,350,"Chicago, IL",DTW,"Detroit, MI",1710,1711,1907,3,1923,1910,0,235
2000-01-11,396,"Chicago, IL",DTW,"Detroit, MI",1309,1425,1621,7,1524,1628,0,235
2000-01-11,440,"Chicago, IL",DTW,"Detroit, MI",750,803,1007,4,1001,1011,0,235
2000-01-11,454,"Chicago, IL",DTW,"Detroit, MI",630,626,826,4,834,830,0,235
2000-01-11,671,"Chicago, IL",DTW,"Detroit, MI",2115,2112,2309,4,2320,2313,0,235
2000-01-11,1425,"Chicago, IL",GEG,"Spokane, WA",1920,1916,2127,5,2118,2132,0,1498
2000-01-11,422,"Chicago, IL",GRR,"Grand Rapids, MI",1925,1936,2125,5,2112,2130,0,137
2000-01-11,494,"Chicago, IL",GRR,"Grand Rapids, MI",851,905,1050,3,1036,1053,0,137
2000-01-11,633,"Chicago, IL",GRR,"Grand Rapids, MI",2115,2113,2307,3,2303,2310,0,137
2000-01-11,1260,"Chicago, IL",GRR,"Grand Rapids, MI",1444,1444,1629,3,1630,1632,0,137
2000-01-11,1446,"Chicago, IL",GRR,"Grand Rapids, MI",1144,1150,1342,3,1329,1345,0,137
2000-01-11,540,"Chicago, IL",GSO,"Greensboro/High Point, NC",900,900,1123,2,1138,1125,0,590
2000-01-11,750,"Chicago, IL",GSO,"Greensboro/High Point, NC",1744,1745,2006,3,2019,2009,0,590
2000-01-11,1538,"Chicago, IL",GSO,"Greensboro/High Point, NC",1420,1421,1642,4,1658,1646,0,590
2000-01-11,392,"Chicago, IL",MDT,"Harrisburg, PA",1714,1729,1957,4,1949,2001,0,594
2000-01-11,482,"Chicago, IL",MDT,"Harrisburg, PA",900,905,1129,4,1140,1133,0,594
2000-01-11,542,"Chicago, IL",MDT,"Harrisburg, PA",1314,1315,1602,2,1554,1604,0,594
2000-01-11,728,"Chicago, IL",MDT,"Harrisburg, PA",2100,2057,2333,5,2340,2338,0,594
2000-01-11,869,"Chicago, IL",MIA,"Miami, FL",1450,1507,1846,4,1839,1850,0,1197
2000-01-11,1088,"Chicago, IL",MIA,"Miami, FL",739,737,1115,6,1130,1121,0,1197
2000-01-11,1636,"Chicago, IL",MIA,"Miami, FL",1030,1036,1412,5,1415,1417,0,1197
2000-01-11,1984,"Chicago, IL",MIA,"Miami, FL",1805,1809,2149,2,2150,2151,0,1197
2000-01-11,647,"Chicago, IL",MKE,"Milwaukee, WI",1414,1413,1440,3,1451,1443,0,67
2000-01-11,1564,"Chicago, IL",MKE,"Milwaukee, WI",2230,2226,2258,3,2307,2301,0,67
2000-01-11,675,"Chicago, IL",MSN,"Madison, WI",2055,2056,2148,2,2141,2150,0,109
2000-01-11,1249,"Chicago, IL",MSN,"Madison, WI",2230,2229,2303,2,2315,2305,0,109
2000-01-11,1581,"Chicago, IL",MSN,"Madison, WI",1410,1434,1507,3,1451,1510,0,109
2000-01-11,367,"Chicago, IL",MSY,"New Orleans, LA",1200,1159,1411,5,1409,1416,0,837
2000-01-11,1789,"Chicago, IL",MSY,"New Orleans, LA",1930,1937,2139,4,2140,2143,0,837
2000-01-11,1867,"Chicago, IL",MSY,"New Orleans, LA",1000,957,1153,3,1211,1156,0,837
2000-01-11,503,"Chicago, IL",PDX,"Portland, OR",1745,1802,2055,4,2007,2059,0,1739
2000-01-11,569,"Chicago, IL",PDX,"Portland, OR",1544,1544,1820,4,1800,1824,0,1739
2000-01-11,577,"Chicago, IL",PDX,"Portland, OR",1914,1939,2258,5,2140,2303,0,1739
2000-01-11,1401,"Chicago, IL",PDX,"Portland, OR",1200,1306,"","",1431,"",0,1739
2000-01-11,1891,"Chicago, IL",PDX,"Portland, OR",945,942,"","",1212,"",0,1739
2000-01-11,749,"Chicago, IL",SAT,"San Antonio, TX",925,925,1217,3,1208,1220,0,1041
2000-01-11,1415,"Chicago, IL",SAT,"San Antonio, TX",1940,1948,2227,4,2224,2231,0,1041
2000-01-11,137,"Chicago, IL",SFO,"San Francisco, CA",1030,"","","",1306,"",1,1846
2000-01-11,139,"Chicago, IL",SFO,"San Francisco, CA",2220,2224,126,7,51,133,0,1846
2000-01-11,141,"Chicago, IL",SFO,"San Francisco, CA",1210,1233,1556,5,1448,1601,0,1846
2000-01-11,143,"Chicago, IL",SFO,"San Francisco, CA",1144,1143,1449,3,1407,1452,0,1846
2000-01-11,145,"Chicago, IL",SFO,"San Francisco, CA",930,929,1228,9,1200,1237,0,1846
2000-01-11,147,"Chicago, IL",SFO,"San Francisco, CA",1530,1531,1823,4,1753,1827,0,1846
2000-01-11,149,"Chicago, IL",SFO,"San Francisco, CA",1805,1804,2143,4,2038,2147,0,1846
2000-01-11,151,"Chicago, IL",SFO,"San Francisco, CA",1920,1921,2231,6,2157,2237,0,1846
2000-01-11,155,"Chicago, IL",SFO,"San Francisco, CA",2030,"","","",2304,"",1,1846
2000-01-11,157,"Chicago, IL",SFO,"San Francisco, CA",800,800,1055,6,1028,1101,0,1846
2000-01-11,525,"Chicago, IL",SFO,"San Francisco, CA",1925,1928,2254,5,2205,2259,0,1846
2000-01-11,399,"Chicago, IL",SLC,"Salt Lake City, UT",1205,1218,1451,3,1419,1454,0,1249
2000-01-11,533,"Chicago, IL",SLC,"Salt Lake City, UT",1914,1912,2139,2,2123,2141,0,1249
2000-01-11,1439,"Chicago, IL",SLC,"Salt Lake City, UT",914,942,1154,2,1124,1156,0,1249
2000-01-11,1110,"Chicago, IL",TYS,"Knoxville, TN",1314,1310,1519,5,1538,1524,0,475
2000-01-11,1818,"Chicago, IL",TYS,"Knoxville, TN",2120,2119,2336,5,2347,2341,0,475
2000-01-12,560,"Chicago, IL",BNA,"Nashville, TN",740,738,848,4,902,852,0,409
2000-01-12,1050,"Chicago, IL",BNA,"Nashville, TN",1914,1919,2037,6,2034,2043,0,409
2000-01-12,1550,"Chicago, IL",BNA,"Nashville, TN",1444,1443,1551,3,1601,1554,0,409
2000-01-12,1069,"Chicago, IL",BOI,"Boise, ID",1914,1930,2252,3,2157,2255,0,1437
2000-01-12,418,"Chicago, IL",BWI,"Baltimore, MD",1115,1138,1404,2,1354,1406,0,621
2000-01-12,756,"Chicago, IL",BWI,"Baltimore, MD",2100,2211,39,4,2343,43,0,621
2000-01-12,770,"Chicago, IL",BWI,"Baltimore, MD",1705,1710,1943,3,1948,1946,0,621
2000-01-12,1298,"Chicago, IL",BWI,"Baltimore, MD",1325,1331,1616,4,1613,1620,0,621
2000-01-12,1428,"Chicago, IL",BWI,"Baltimore, MD",605,603,832,2,845,834,0,621
2000-01-12,432,"Chicago, IL",CLT,"Charlotte, NC",1314,1312,1548,3,1554,1551,0,599
2000-01-12,462,"Chicago, IL",CLT,"Charlotte, NC",615,610,836,3,855,839,0,599
2000-01-12,536,"Chicago, IL",CLT,"Charlotte, NC",1644,1649,1913,4,1920,1917,0,599
2000-01-12,1616,"Chicago, IL",CLT,"Charlotte, NC",2045,2048,2323,3,2325,2326,0,599
2000-01-12,515,"Chicago, IL",DAY,"Dayton, OH",1410,1407,1602,4,1610,1606,0,240
2000-01-12,657,"Chicago, IL",DAY,"Dayton, OH",2115,2113,2326,6,2318,2332,0,240
2000-01-12,1128,"Chicago, IL",DAY,"Dayton, OH",1120,1127,1312,3,1319,1315,0,240
2000-01-12,1552,"Chicago, IL",DAY,"Dayton, OH",800,754,948,3,1000,951,0,240
2000-01-12,1754,"Chicago, IL",DAY,"Dayton, OH",1705,1726,1932,5,1907,1937,0,240
2000-01-12,302,"Chicago, IL",DTW,"Detroit, MI",1040,1039,1235,4,1249,1239,0,235
2000-01-12,350,"Chicago, IL",DTW,"Detroit, MI",1710,1714,1914,10,1923,1924,0,235
2000-01-12,396,"Chicago, IL",DTW,"Detroit, MI",1309,1317,1520,6,1524,1526,0,235
2000-01-12,440,"Chicago, IL",DTW,"Detroit, MI",750,758,951,4,1001,955,0,235
2000-01-12,454,"Chicago, IL",DTW,"Detroit, MI",630,626,819,4,834,823,0,235
2000-01-12,671,"Chicago, IL",DTW,"Detroit, MI",2115,2112,2305,6,2320,2311,0,235
2000-01-12,1425,"Chicago, IL",GEG,"Spokane, WA",1920,1921,2132,5,2118,2137,0,1498
2000-01-12,422,"Chicago, IL",GRR,"Grand Rapids, MI",1925,1941,2119,4,2112,2123,0,137
2000-01-12,494,"Chicago, IL",GRR,"Grand Rapids, MI",851,918,1052,3,1036,1055,0,137
2000-01-12,633,"Chicago, IL",GRR,"Grand Rapids, MI",2115,2112,2257,4,2303,2301,0,137
2000-01-12,1260,"Chicago, IL",GRR,"Grand Rapids, MI",1444,1439,1631,4,1630,1635,0,137
2000-01-12,1446,"Chicago, IL",GRR,"Grand Rapids, MI",1144,1142,1318,3,1329,1321,0,137
2000-01-12,540,"Chicago, IL",GSO,"Greensboro/High Point, NC",900,903,1136,2,1138,1138,0,590
2000-01-12,750,"Chicago, IL",GSO,"Greensboro/High Point, NC",1744,1749,2030,5,2019,2035,0,590
2000-01-12,1538,"Chicago, IL",GSO,"Greensboro/High Point, NC",1420,1502,1735,3,1658,1738,0,590
2000-01-12,392,"Chicago, IL",MDT,"Harrisburg, PA",1714,1711,1932,3,1949,1935,0,594
2000-01-12,482,"Chicago, IL",MDT,"Harrisburg, PA",900,857,1120,3,1140,1123,0,594
2000-01-12,542,"Chicago, IL",MDT,"Harrisburg, PA",1314,1439,1700,6,1554,1706,0,594
2000-01-12,728,"Chicago, IL",MDT,"Harrisburg, PA",2100,2057,2325,4,2340,2329,0,594
2000-01-12,869,"Chicago, IL",MIA,"Miami, FL",1450,1513,1902,5,1839,1907,0,1197
2000-01-12,1088,"Chicago, IL",MIA,"Miami, FL",739,740,1118,6,1130,1124,0,1197
2000-01-12,1636,"Chicago, IL",MIA,"Miami, FL",1030,1033,1409,4,1415,1413,0,1197
2000-01-12,1984,"Chicago, IL",MIA,"Miami, FL",1805,1803,2139,3,2150,2142,0,1197
2000-01-12,647,"Chicago, IL",MKE,"Milwaukee, WI",1414,1412,1445,3,1451,1448,0,67
2000-01-12,1564,"Chicago, IL",MKE,"Milwaukee, WI",2230,2240,2306,2,2307,2308,0,67
2000-01-12,675,"Chicago, IL",MSN,"Madison, WI",2055,2103,2143,4,2141,2147,0,109
2000-01-12,1249,"Chicago, IL",MSN,"Madison, WI",2230,2228,2304,2,2315,2306,0,109
2000-01-12,1581,"Chicago, IL",MSN,"Madison, WI",1410,1407,1439,3,1451,1442,0,109
2000-01-12,367,"Chicago, IL",MSY,"New Orleans, LA",1200,1203,1411,4,1409,1415,0,837
2000-01-12,1789,"Chicago, IL",MSY,"New Orleans, LA",1930,1930,2133,3,2140,2136,0,837
2000-01-12,1867,"Chicago, IL",MSY,"New Orleans, LA",1000,1017,1227,3,1211,1230,0,837
2000-01-12,503,"Chicago, IL",PDX,"Portland, OR",1745,1743,2030,3,2007,2033,0,1739
2000-01-12,569,"Chicago, IL",PDX,"Portland, OR",1544,1542,1808,6,1800,1814,0,1739
2000-01-12,577,"Chicago, IL",PDX,"Portland, OR",1914,1933,2227,3,2140,2230,0,1739
2000-01-12,1401,"Chicago, IL",PDX,"Portland, OR",1200,1201,"","",1431,"",0,1739
2000-01-12,1891,"Chicago, IL",PDX,"Portland, OR",945,943,1235,4,1212,1239,0,1739
2000-01-12,749,"Chicago, IL",SAT,"San Antonio, TX",925,943,1215,3,1208,1218,0,1041
2000-01-12,1415,"Chicago, IL",SAT,"San Antonio, TX",1940,2002,2232,2,2224,2234,0,1041
2000-01-12,137,"Chicago, IL",SFO,"San Francisco, CA",1030,1030,1333,5,1306,1338,0,1846
2000-01-12,139,"Chicago, IL",SFO,"San Francisco, CA",2220,2237,130,5,51,135,0,1846
2000-01-12,141,"Chicago, IL",SFO,"San Francisco, CA",1210,1215,1536,4,1448,1540,0,1846
2000-01-12,143,"Chicago, IL",SFO,"San Francisco, CA",1144,1148,1448,5,1407,1453,0,1846
2000-01-12,145,"Chicago, IL",SFO,"San Francisco, CA",930,1104,1344,4,1200,1348,0,1846
2000-01-12,147,"Chicago, IL",SFO,"San Francisco, CA",1530,1530,1818,4,1753,1822,0,1846
2000-01-12,149,"Chicago, IL",SFO,"San Francisco, CA",1805,1808,2108,5,2038,2113,0,1846
2000-01-12,151,"Chicago, IL",SFO,"San Francisco, CA",1920,1918,2212,4,2157,2216,0,1846
2000-01-12,155,"Chicago, IL",SFO,"San Francisco, CA",2030,2029,2330,5,2304,2335,0,1846
2000-01-12,157,"Chicago, IL",SFO,"San Francisco, CA",800,"","","",1028,"",1,1846
2000-01-12,525,"Chicago, IL",SFO,"San Francisco, CA",1925,1933,2221,5,2205,2226,0,1846
2000-01-12,399,"Chicago, IL",SLC,"Salt Lake City, UT",1205,1219,1500,3,1419,1503,0,1249
2000-01-12,533,"Chicago, IL",SLC,"Salt Lake City, UT",1914,1953,2231,4,2123,2235,0,1249
2000-01-12,1439,"Chicago, IL",SLC,"Salt Lake City, UT",914,933,1215,8,1124,1223,0,1249
2000-01-12,1110,"Chicago, IL",TYS,"Knoxville, TN",1314,1309,1531,4,1538,1535,0,475
2000-01-12,1818,"Chicago, IL",TYS,"Knoxville, TN",2120,2116,2331,4,2347,2335,0,475
2000-01-12,352,"Chicago, IL",ALB,"Albany, NY",1320,1320,1559,5,1614,1604,0,723
2000-01-12,1104,"Chicago, IL",ALB,"Albany, NY",620,616,857,3,910,900,0,723
2000-01-12,1454,"Chicago, IL",ALB,"Albany, NY",1720,1733,2007,3,2014,2010,0,723
2000-01-12,364,"Chicago, IL",ATL,"Atlanta, GA",1914,1914,2158,5,2204,2203,0,606
2000-01-12,446,"Chicago, IL",ATL,"Atlanta, GA",925,927,1157,4,1209,1201,0,606
2000-01-12,527,"Chicago, IL",ATL,"Atlanta, GA",2100,2056,2338,8,2345,2346,0,606
2000-01-12,796,"Chicago, IL",ATL,"Atlanta, GA",1330,1330,1629,8,1633,1637,0,606
2000-01-12,1268,"Chicago, IL",ATL,"Atlanta, GA",650,648,940,5,941,945,0,606
2000-01-12,1628,"Chicago, IL",ATL,"Atlanta, GA",1035,1033,1307,6,1324,1313,0,606
2000-01-12,1690,"Chicago, IL",ATL,"Atlanta, GA",1655,1659,1937,4,1948,1941,0,606
2000-01-12,1162,"Chicago, IL",BHM,"Birmingham, AL",2125,2133,2305,4,2306,2309,0,584
2000-01-12,1166,"Chicago, IL",BHM,"Birmingham, AL",900,931,1107,4,1040,1111,0,584
2000-01-12,669,"Chicago, IL",CID,"Cedar Rapids/Iowa City, IA",2230,2309,2358,3,2324,1,0,196
2000-01-12,681,"Chicago, IL",CID,"Cedar Rapids/Iowa City, IA",1600,1613,1700,2,1655,1702,0,196
2000-01-12,743,"Chicago, IL",CID,"Cedar Rapids/Iowa City, IA",1920,1923,2021,2,2018,2023,0,196
2000-01-12,1823,"Chicago, IL",CID,"Cedar Rapids/Iowa City, IA",1145,1245,1343,4,1241,1347,0,196
2000-01-12,1827,"Chicago, IL",CID,"Cedar Rapids/Iowa City, IA",926,935,1022,2,1022,1024,0,196
2000-01-12,1019,"Chicago, IL",COS,"Colorado Springs, CO",1920,1919,2052,4,2045,2056,0,911
2000-01-12,1785,"Chicago, IL",COS,"Colorado Springs, CO",950,947,1125,4,1121,1129,0,911
2000-01-12,490,"Chicago, IL",CVG,"Cincinnati, OH",739,739,933,6,948,939,0,264
2000-01-12,529,"Chicago, IL",CVG,"Cincinnati, OH",2115,2205,4,8,2324,12,0,264
2000-01-12,772,"Chicago, IL",CVG,"Cincinnati, OH",1415,1420,1616,5,1618,1621,0,264
2000-01-12,1140,"Chicago, IL",CVG,"Cincinnati, OH",600,557,751,6,809,757,0,264
2000-01-12,1810,"Chicago, IL",CVG,"Cincinnati, OH",1110,1108,1305,5,1311,1310,0,264
2000-01-12,1892,"Chicago, IL",CVG,"Cincinnati, OH",1655,1651,1851,11,1901,1902,0,264
2000-01-12,241,"Chicago, IL",DEN,"Denver, CO",600,557,726,5,724,731,0,888
2000-01-12,243,"Chicago, IL",DEN,"Denver, CO",700,658,838,6,829,844,0,888
2000-01-12,245,"Chicago, IL",DEN,"Denver, CO",755,754,922,15,923,937,0,888
2000-01-12,247,"Chicago, IL",DEN,"Denver, CO",910,909,1033,10,1038,1043,0,888
2000-01-12,251,"Chicago, IL",DEN,"Denver, CO",945,947,1123,7,1117,1130,0,888
2000-01-12,253,"Chicago, IL",DEN,"Denver, CO",1245,1242,1423,7,1418,1430,0,888
2000-01-12,255,"Chicago, IL",DEN,"Denver, CO",1530,1532,1701,8,1701,1709,0,888
2000-01-12,259,"Chicago, IL",DEN,"Denver, CO",1525,1531,1707,9,1656,1716,0,888
2000-01-12,531,"Chicago, IL",DEN,"Denver, CO",2220,2219,2348,5,2347,2353,0,888
2000-01-12,941,"Chicago, IL",DEN,"Denver, CO",1920,1926,2108,6,2052,2114,0,888
2000-01-12,945,"Chicago, IL",DEN,"Denver, CO",1150,1152,1347,8,1325,1355,0,888
2000-01-12,959,"Chicago, IL",DEN,"Denver, CO",1745,1748,1915,6,1910,1921,0,888
2000-01-12,368,"Chicago, IL",FLL,"Fort Lauderdale, FL",741,803,1133,5,1129,1138,0,1182
2000-01-12,426,"Chicago, IL",FLL,"Fort Lauderdale, FL",2110,2106,38,5,56,43,0,1182
2000-01-12,1948,"Chicago, IL",FLL,"Fort Lauderdale, FL",1415,1417,1754,3,1804,1757,0,1182
2000-01-12,573,"Chicago, IL",IAH,"Houston, TX",914,911,1142,4,1147,1146,0,925
2000-01-12,703,"Chicago, IL",IAH,"Houston, TX",1200,1210,1459,4,1434,1503,0,925
2000-01-12,705,"Chicago, IL",IAH,"Houston, TX",700,657,922,4,932,926,0,925
2000-01-12,1169,"Chicago, IL",IAH,"Houston, TX",1514,1514,1743,5,1746,1748,0,925
2000-01-12,1897,"Chicago, IL",IAH,"Houston, TX",1925,1936,2202,4,2156,2206,0,925
2000-01-12,1957,"Chicago, IL",IAH,"Houston, TX",1750,1806,2032,3,2021,2035,0,925
2000-01-12,670,"Chicago, IL",LGA,"New York, NY",2100,2113,2346,2,2349,2348,0,733
2000-01-12,672,"Chicago, IL",LGA,"New York, NY",1900,1900,2141,6,2157,2147,0,733
2000-01-12,674,"Chicago, IL",LGA,"New York, NY",1800,"","","",2058,"",1,733
2000-01-12,676,"Chicago, IL",LGA,"New York, NY",1700,1814,2050,4,2000,2054,0,733
2000-01-12,678,"Chicago, IL",LGA,"New York, NY",1600,1637,1930,5,1900,1935,0,733
2000-01-12,680,"Chicago, IL",LGA,"New York, NY",1500,1516,1834,4,1758,1838,0,733
2000-01-12,682,"Chicago, IL",LGA,"New York, NY",1400,"","","",1700,"",1,733
2000-01-12,342,"Chicago, IL",MCO,"Orlando, FL",2115,2111,42,7,43,49,0,1005
2000-01-12,1044,"Chicago, IL",MCO,"Orlando, FL",1655,1659,2018,4,2014,2022,0,1005
2000-01-12,1500,"Chicago, IL",MCO,"Orlando, FL",1344,1342,1659,4,1709,1703,0,1005
2000-01-12,1614,"Chicago, IL",MCO,"Orlando, FL",1035,1042,1357,4,1358,1401,0,1005
2000-01-12,1832,"Chicago, IL",MCO,"Orlando, FL",800,758,1113,4,1131,1117,0,1005
2000-01-12,299,"Chicago, IL",MSP,"Minneapolis, MN",1145,1145,1427,4,1303,1431,0,334
2000-01-12,353,"Chicago, IL",MSP,"Minneapolis, MN",744,740,918,17,903,935,0,334
2000-01-12,359,"Chicago, IL",MSP,"Minneapolis, MN",1344,1343,1511,4,1503,1515,0,334
2000-01-12,457,"Chicago, IL",MSP,"Minneapolis, MN",1044,1041,1255,4,1202,1259,0,334
2000-01-12,583,"Chicago, IL",MSP,"Minneapolis, MN",1544,1604,1741,9,1707,1750,0,334
2000-01-12,599,"Chicago, IL",MSP,"Minneapolis, MN",945,"","","",1104,"",1,334
2000-01-12,719,"Chicago, IL",MSP,"Minneapolis, MN",1444,1445,1636,8,1604,1644,0,334
2000-01-12,765,"Chicago, IL",MSP,"Minneapolis, MN",1644,"","","",1805,"",1,334
2000-01-12,799,"Chicago, IL",MSP,"Minneapolis, MN",645,649,816,10,808,826,0,334
2000-01-12,1067,"Chicago, IL",MSP,"Minneapolis, MN",1744,1759,2000,7,1912,2007,0,334
2000-01-12,1107,"Chicago, IL",MSP,"Minneapolis, MN",1945,2029,2218,7,2103,2225,0,334
2000-01-12,1139,"Chicago, IL",MSP,"Minneapolis, MN",1845,1937,2156,7,2007,2203,0,334
2000-01-12,1583,"Chicago, IL",MSP,"Minneapolis, MN",1245,"","","",1404,"",1,334
2000-01-12,1889,"Chicago, IL",MSP,"Minneapolis, MN",2225,2221,2332,13,2341,2345,0,334
2000-01-12,1917,"Chicago, IL",MSP,"Minneapolis, MN",845,912,"","",1008,"",0,334
2000-01-12,535,"Chicago, IL",OMA,"Omaha, NE",1210,1212,1344,1,1334,1345,0,416
2000-01-12,635,"Chicago, IL",OMA,"Omaha, NE",816,924,1045,2,940,1047,0,416
2000-01-12,775,"Chicago, IL",OMA,"Omaha, NE",1950,1951,2135,3,2117,2138,0,416
2000-01-12,1129,"Chicago, IL",OMA,"Omaha, NE",912,909,1031,3,1031,1034,0,416
2000-01-12,1499,"Chicago, IL",OMA,"Omaha, NE",1540,1539,1700,3,1700,1703,0,416
2000-01-12,1149,"Chicago, IL",ONT,"Ontario, CA",1914,1913,2146,4,2131,2150,0,1700
2000-01-12,1733,"Chicago, IL",ONT,"Ontario, CA",1155,1206,1456,5,1413,1501,0,1700
2000-01-12,1850,"Chicago, IL",PHL,"Philadelphia, PA",600,557,837,4,854,841,0,678
2000-01-12,1852,"Chicago, IL",PHL,"Philadelphia, PA",700,657,932,5,949,937,0,678
2000-01-12,1854,"Chicago, IL",PHL,"Philadelphia, PA",815,811,1040,5,1102,1045,0,678
2000-01-12,1856,"Chicago, IL",PHL,"Philadelphia, PA",900,858,1133,3,1149,1136,0,678
2000-01-12,1858,"Chicago, IL",PHL,"Philadelphia, PA",1000,1017,1252,3,1249,1255,0,678
2000-01-12,1860,"Chicago, IL",PHL,"Philadelphia, PA",1100,1055,1322,3,1349,1325,0,678
2000-01-12,1862,"Chicago, IL",PHL,"Philadelphia, PA",1200,1157,1439,5,1449,1444,0,678
2000-01-12,1864,"Chicago, IL",PHL,"Philadelphia, PA",1310,1309,1553,4,1607,1557,0,678
2000-01-12,1866,"Chicago, IL",PHL,"Philadelphia, PA",1410,1407,1641,5,1706,1646,0,678
2000-01-12,1868,"Chicago, IL",PHL,"Philadelphia, PA",1600,1617,1858,10,1854,1908,0,678
2000-01-12,1872,"Chicago, IL",PHL,"Philadelphia, PA",1700,1656,1926,12,1958,1938,0,678
2000-01-12,1874,"Chicago, IL",PHL,"Philadelphia, PA",1800,1758,2035,5,2050,2040,0,678
2000-01-12,1876,"Chicago, IL",PHL,"Philadelphia, PA",1900,1900,2139,4,2150,2143,0,678
2000-01-12,1878,"Chicago, IL",PHL,"Philadelphia, PA",2050,2052,2326,4,2334,2330,0,678
2000-01-12,345,"Chicago, IL",PHX,"Phoenix, AZ",1144,1146,1452,8,1423,1500,0,1440
2000-01-12,423,"Chicago, IL",PHX,"Phoenix, AZ",1514,1650,1947,4,1757,1951,0,1440
2000-01-12,667,"Chicago, IL",PHX,"Phoenix, AZ",1935,1944,2243,4,2213,2247,0,1440
2000-01-12,1273,"Chicago, IL",PHX,"Phoenix, AZ",1805,1821,2050,3,2037,2053,0,1440
2000-01-12,1419,"Chicago, IL",PHX,"Phoenix, AZ",920,919,1218,5,1159,1223,0,1440
2000-01-12,1969,"Chicago, IL",PHX,"Phoenix, AZ",750,749,1029,4,1029,1033,0,1440
2000-01-12,546,"Chicago, IL",PVD,"Providence, RI",1714,1713,2001,3,2021,2004,0,849
2000-01-12,1276,"Chicago, IL",PVD,"Providence, RI",850,846,1141,2,1152,1143,0,849
2000-01-12,1734,"Chicago, IL",PVD,"Providence, RI",1308,1306,1553,3,1613,1556,0,849
2000-01-12,798,"Chicago, IL",PWM,"Portland, ME",2045,2043,2337,5,2357,2342,0,900
2000-01-12,1130,"Chicago, IL",PWM,"Portland, ME",1310,1310,1608,2,1619,1610,0,900
2000-01-12,1230,"Chicago, IL",PWM,"Portland, ME",740,737,1031,4,1043,1035,0,900
2000-01-12,586,"Chicago, IL",RDU,"Raleigh/Durham, NC",1330,1329,1607,2,1618,1609,0,647
2000-01-12,588,"Chicago, IL",RDU,"Raleigh/Durham, NC",2100,2120,6,4,2347,10,0,647
2000-01-12,1108,"Chicago, IL",RDU,"Raleigh/Durham, NC",1644,1648,1928,5,1931,1933,0,647
2000-01-12,1114,"Chicago, IL",RDU,"Raleigh/Durham, NC",625,625,857,2,912,859,0,647
2000-01-12,590,"Chicago, IL",SDF,"Louisville, KY",2115,2113,2337,6,2324,2343,0,286
2000-01-12,1650,"Chicago, IL",SDF,"Louisville, KY",1355,1401,1602,5,1602,1607,0,286
2000-01-12,271,"Chicago, IL",SJC,"San Jose, CA",920,919,1215,5,1152,1220,0,1830
2000-01-12,559,"Chicago, IL",SJC,"San Jose, CA",1535,1539,1901,6,1803,1907,0,1830
2000-01-12,661,"Chicago, IL",SJC,"San Jose, CA",1935,1936,2246,12,2209,2258,0,1830
2000-01-12,691,"Chicago, IL",SJC,"San Jose, CA",1205,1217,1553,4,1437,1557,0,1830
2000-01-12,324,"Chicago, IL",TPA,"Tampa, FL",1030,1028,1340,4,1352,1344,0,1012
2000-01-12,1070,"Chicago, IL",TPA,"Tampa, FL",1725,1728,2054,2,2050,2056,0,1012
2000-01-12,1090,"Chicago, IL",TPA,"Tampa, FL",1316,1314,1637,4,1641,1641,0,1012
2000-01-12,1676,"Chicago, IL",TPA,"Tampa, FL",739,737,1056,3,1110,1059,0,1012
2000-01-12,1930,"Chicago, IL",TPA,"Tampa, FL",2115,2227,139,6,45,145,0,1012
2000-01-12,1122,"Chicago, IL",ABE,"Allentown/Bethlehem/Easton, PA",1644,1708,1936,5,1928,1941,0,654
2000-01-12,1656,"Chicago, IL",ABE,"Allentown/Bethlehem/Easton, PA",1410,1407,1635,3,1656,1638,0,654
2000-01-12,373,"Chicago, IL",AUS,"Austin, TX",1914,1928,2205,5,2155,2210,0,978
2000-01-12,589,"Chicago, IL",AUS,"Austin, TX",922,933,1210,4,1202,1214,0,978
2000-01-12,394,"Chicago, IL",BDL,"Hartford, CT",1650,1653,1935,4,1950,1939,0,783
2000-01-12,398,"Chicago, IL",BDL,"Hartford, CT",910,931,1212,3,1204,1215,0,783
2000-01-12,1126,"Chicago, IL",BDL,"Hartford, CT",2050,2148,22,5,2351,27,0,783
2000-01-12,1228,"Chicago, IL",BDL,"Hartford, CT",1320,1331,1625,6,1621,1631,0,783
2000-01-12,1404,"Chicago, IL",BDL,"Hartford, CT",1035,1034,1316,4,1332,1320,0,783
2000-01-12,1522,"Chicago, IL",BDL,"Hartford, CT",600,556,845,3,856,848,0,783
2000-01-12,502,"Chicago, IL",BOS,"Boston, MA",645,642,937,3,956,940,0,867
2000-01-12,504,"Chicago, IL",BOS,"Boston, MA",744,746,1037,3,1053,1040,0,867
2000-01-12,506,"Chicago, IL",BOS,"Boston, MA",845,843,1135,2,1154,1137,0,867
2000-01-12,508,"Chicago, IL",BOS,"Boston, MA",945,944,1234,4,1254,1238,0,867
2000-01-12,512,"Chicago, IL",BOS,"Boston, MA",1144,"","","",1457,"",1,867
2000-01-12,514,"Chicago, IL",BOS,"Boston, MA",1245,1252,1555,3,1554,1558,0,867
2000-01-12,516,"Chicago, IL",BOS,"Boston, MA",1644,1646,1939,10,1959,1949,0,867
2000-01-12,518,"Chicago, IL",BOS,"Boston, MA",1344,1353,1729,8,1707,1737,0,867
2000-01-12,522,"Chicago, IL",BOS,"Boston, MA",1544,1541,1827,10,1858,1837,0,867
2000-01-12,524,"Chicago, IL",BOS,"Boston, MA",1744,1744,2026,6,2059,2032,0,867
2000-01-12,526,"Chicago, IL",BOS,"Boston, MA",1845,"","","",2156,"",1,867
2000-01-12,528,"Chicago, IL",BOS,"Boston, MA",1444,1456,1808,9,1759,1817,0,867
2000-01-12,884,"Chicago, IL",BOS,"Boston, MA",1044,1045,1337,8,1355,1345,0,867
2000-01-12,1018,"Chicago, IL",BOS,"Boston, MA",2045,2047,2342,4,2355,2346,0,867
2000-01-12,138,"Chicago, IL",CMH,"Columbus, OH",1310,1307,1512,2,1516,1514,0,296
2000-01-12,601,"Chicago, IL",CMH,"Columbus, OH",805,802,955,3,1010,958,0,296
2000-01-12,1118,"Chicago, IL",CMH,"Columbus, OH",655,652,847,4,901,851,0,296
2000-01-12,1452,"Chicago, IL",CMH,"Columbus, OH",1105,1113,1307,3,1310,1310,0,296
2000-01-12,1518,"Chicago, IL",CMH,"Columbus, OH",1644,1707,1903,3,1854,1906,0,296
2000-01-12,1548,"Chicago, IL",CMH,"Columbus, OH",2115,2116,2315,3,2325,2318,0,296
2000-01-12,600,"Chicago, IL",DCA,"Washington, DC",630,629,852,4,907,856,0,612
2000-01-12,602,"Chicago, IL",DCA,"Washington, DC",730,747,1007,4,1010,1011,0,612
2000-01-12,604,"Chicago, IL",DCA,"Washington, DC",830,825,1049,3,1111,1052,0,612
2000-01-12,606,"Chicago, IL",DCA,"Washington, DC",930,928,1151,4,1209,1155,0,612
2000-01-12,608,"Chicago, IL",DCA,"Washington, DC",1030,"","","",1309,"",1,612
2000-01-12,610,"Chicago, IL",DCA,"Washington, DC",1130,1154,1420,5,1403,1425,0,612
2000-01-12,612,"Chicago, IL",DCA,"Washington, DC",1230,1227,1448,3,1506,1451,0,612
2000-01-12,614,"Chicago, IL",DCA,"Washington, DC",1314,1323,1552,4,1558,1556,0,612
2000-01-12,616,"Chicago, IL",DCA,"Washington, DC",1330,1328,1601,3,1617,1604,0,612
2000-01-12,618,"Chicago, IL",DCA,"Washington, DC",1430,1431,1655,7,1711,1702,0,612
2000-01-12,620,"Chicago, IL",DCA,"Washington, DC",1530,1529,1751,5,1810,1756,0,612
2000-01-12,622,"Chicago, IL",DCA,"Washington, DC",1630,1633,1854,5,1908,1859,0,612
2000-01-12,624,"Chicago, IL",DCA,"Washington, DC",1700,1721,2003,3,1947,2006,0,612
2000-01-12,626,"Chicago, IL",DCA,"Washington, DC",1730,"","","",2016,"",1,612
2000-01-12,628,"Chicago, IL",DCA,"Washington, DC",1830,1830,2053,3,2108,2056,0,612
2000-01-12,630,"Chicago, IL",DCA,"Washington, DC",1930,1928,2150,4,2208,2154,0,612
2000-01-12,632,"Chicago, IL",DCA,"Washington, DC",2045,2044,2305,5,2323,2310,0,612
2000-01-12,321,"Chicago, IL",DFW,"Dallas/Fort Worth, TX",945,945,1157,7,1208,1204,0,802
2000-01-12,495,"Chicago, IL",DFW,"Dallas/Fort Worth, TX",655,655,908,8,916,916,0,802
2000-01-12,685,"Chicago, IL",DFW,"Dallas/Fort Worth, TX",1405,1406,1620,8,1629,1628,0,802
2000-01-12,789,"Chicago, IL",DFW,"Dallas/Fort Worth, TX",1514,1514,1736,9,1738,1745,0,802
2000-01-12,1115,"Chicago, IL",DFW,"Dallas/Fort Worth, TX",830,828,1036,6,1051,1042,0,802
2000-01-12,1281,"Chicago, IL",DFW,"Dallas/Fort Worth, TX",1800,1759,2016,5,2015,2021,0,802
2000-01-12,1621,"Chicago, IL",DFW,"Dallas/Fort Worth, TX",1925,1923,2144,7,2147,2151,0,802
2000-01-12,1707,"Chicago, IL",DFW,"Dallas/Fort Worth, TX",1155,1200,1436,9,1421,1445,0,802
2000-01-12,634,"Chicago, IL",EWR,"Newark, NJ",630,626,859,11,928,910,0,719
2000-01-12,636,"Chicago, IL",EWR,"Newark, NJ",730,728,1006,10,1027,1016,0,719
2000-01-12,638,"Chicago, IL",EWR,"Newark, NJ",830,827,1105,8,1128,1113,0,719
2000-01-12,640,"Chicago, IL",EWR,"Newark, NJ",930,935,1212,7,1225,1219,0,719
2000-01-12,642,"Chicago, IL",EWR,"Newark, NJ",1030,1025,1305,12,1328,1317,0,719
2000-01-12,644,"Chicago, IL",EWR,"Newark, NJ",1130,1129,1420,6,1429,1426,0,719
2000-01-12,646,"Chicago, IL",EWR,"Newark, NJ",1230,1229,1526,7,1533,1533,0,719
2000-01-12,648,"Chicago, IL",EWR,"Newark, NJ",1330,1326,1632,6,1644,1638,0,719
2000-01-12,652,"Chicago, IL",EWR,"Newark, NJ",1430,1430,1700,7,1738,1707,0,719
2000-01-12,654,"Chicago, IL",EWR,"Newark, NJ",1530,1527,1814,6,1840,1820,0,719
2000-01-12,656,"Chicago, IL",EWR,"Newark, NJ",1644,1648,1932,9,1947,1941,0,719
2000-01-12,658,"Chicago, IL",EWR,"Newark, NJ",1730,1741,2025,4,2033,2029,0,719
2000-01-12,660,"Chicago, IL",EWR,"Newark, NJ",1830,1828,2053,5,2126,2058,0,719
2000-01-12,664,"Chicago, IL",EWR,"Newark, NJ",2045,2043,2327,7,2343,2334,0,719
2000-01-12,561,"Chicago, IL",ICT,"Wichita, KS",1915,1916,2107,5,2104,2112,0,588
2000-01-12,649,"Chicago, IL",ICT,"Wichita, KS",1514,1538,1730,4,1700,1734,0,588
2000-01-12,795,"Chicago, IL",ICT,"Wichita, KS",915,914,1059,3,1104,1102,0,588
2000-01-12,292,"Chicago, IL",IND,"Indianapolis, IN",700,657,842,6,856,848,0,177
2000-01-12,314,"Chicago, IL",IND,"Indianapolis, IN",1655,1717,1900,3,1851,1903,0,177
2000-01-12,500,"Chicago, IL",IND,"Indianapolis, IN",1144,1207,1351,1,1341,1352,0,177
2000-01-12,1590,"Chicago, IL",IND,"Indianapolis, IN",1520,1516,1658,6,1716,1704,0,177
2000-01-12,1608,"Chicago, IL",IND,"Indianapolis, IN",1310,1308,1447,3,1505,1450,0,177
2000-01-12,1758,"Chicago, IL",IND,"Indianapolis, IN",2105,2107,2255,8,2303,2303,0,177
2000-01-12,1808,"Chicago, IL",IND,"Indianapolis, IN",2225,2223,4,9,20,13,0,177
2000-01-12,707,"Chicago, IL",LAS,"Las Vegas, NV",2230,2226,32,6,16,38,0,1515
2000-01-12,711,"Chicago, IL",LAS,"Las Vegas, NV",1935,1935,2201,5,2121,2206,0,1515
2000-01-12,715,"Chicago, IL",LAS,"Las Vegas, NV",1514,1515,1709,6,1656,1715,0,1515
2000-01-12,717,"Chicago, IL",LAS,"Las Vegas, NV",800,759,954,5,936,959,0,1515
2000-01-12,721,"Chicago, IL",LAS,"Las Vegas, NV",1150,1153,1414,6,1330,1420,0,1515
2000-01-12,101,"Chicago, IL",LAX,"Los Angeles, CA",800,758,1019,10,1021,1029,0,1745
2000-01-12,105,"Chicago, IL",LAX,"Los Angeles, CA",1530,1530,1749,16,1742,1805,0,1745
2000-01-12,107,"Chicago, IL",LAX,"Los Angeles, CA",1630,1730,2000,4,1849,2004,0,1745
2000-01-12,111,"Chicago, IL",LAX,"Los Angeles, CA",1245,1242,1515,4,1508,1519,0,1745
2000-01-12,115,"Chicago, IL",LAX,"Los Angeles, CA",930,933,1209,8,1148,1217,0,1745
2000-01-12,117,"Chicago, IL",LAX,"Los Angeles, CA",1155,1208,1452,9,1409,1501,0,1745
2000-01-12,119,"Chicago, IL",LAX,"Los Angeles, CA",1330,1330,1602,7,1550,1609,0,1745
2000-01-12,121,"Chicago, IL",LAX,"Los Angeles, CA",1430,1428,1707,5,1644,1712,0,1745
2000-01-12,125,"Chicago, IL",LAX,"Los Angeles, CA",1210,1250,1528,3,1433,1531,0,1745
2000-01-12,127,"Chicago, IL",LAX,"Los Angeles, CA",2220,2219,44,7,40,51,0,1745
2000-01-12,129,"Chicago, IL",LAX,"Los Angeles, CA",2030,2028,2249,8,2250,2257,0,1745
2000-01-12,607,"Chicago, IL",LAX,"Los Angeles, CA",1040,1041,1324,8,1303,1332,0,1745
2000-01-12,762,"Chicago, IL",LAX,"Los Angeles, CA",700,658,928,7,917,935,0,1745
2000-01-12,815,"Chicago, IL",LAX,"Los Angeles, CA",1755,1758,2033,5,2012,2038,0,1745
2000-01-12,841,"Chicago, IL",LAX,"Los Angeles, CA",1925,2004,2245,10,2145,2255,0,1745
2000-01-12,953,"Chicago, IL",LAX,"Los Angeles, CA",2000,1958,2235,8,2218,2243,0,1745
2000-01-12,393,"Chicago, IL",MCI,"Kansas City, MO",914,914,1031,2,1034,1033,0,403
2000-01-12,455,"Chicago, IL",MCI,"Kansas City, MO",1144,1145,1311,3,1305,1314,0,403
2000-01-12,1147,"Chicago, IL",MCI,"Kansas City, MO",804,801,917,3,926,920,0,403
2000-01-12,1597,"Chicago, IL",MCI,"Kansas City, MO",1530,1541,1701,5,1651,1706,0,403
2000-01-12,1747,"Chicago, IL",MCI,"Kansas City, MO",1944,1944,2136,7,2111,2143,0,403
2000-01-12,1895,"Chicago, IL",MCI,"Kansas City, MO",1814,1811,1936,5,1941,1941,0,403
2000-01-12,421,"Chicago, IL",MEM,"Memphis, TN",1510,1509,1642,5,1644,1647,0,491
2000-01-12,1151,"Chicago, IL",MEM,"Memphis, TN",920,922,1049,5,1054,1054,0,491
2000-01-12,1795,"Chicago, IL",MEM,"Memphis, TN",1914,1912,2042,6,2049,2048,0,491
2000-01-12,379,"Chicago, IL",OAK,"Oakland, CA",1535,1545,1851,6,1802,1857,0,1836
2000-01-12,469,"Chicago, IL",OAK,"Oakland, CA",1944,2045,2355,9,2223,4,0,1836
2000-01-12,1455,"Chicago, IL",OAK,"Oakland, CA",928,927,1243,5,1206,1248,0,1836
2000-01-12,556,"Chicago, IL",PIT,"Pittsburgh, PA",739,938,1152,5,957,1157,0,412
2000-01-12,576,"Chicago, IL",PIT,"Pittsburgh, PA",1040,1038,1240,5,1255,1245,0,412
2000-01-12,582,"Chicago, IL",PIT,"Pittsburgh, PA",1308,1307,1512,5,1528,1517,0,412
2000-01-12,734,"Chicago, IL",PIT,"Pittsburgh, PA",1444,1537,1738,6,1704,1744,0,412
2000-01-12,760,"Chicago, IL",PIT,"Pittsburgh, PA",2055,2056,2303,4,2314,2307,0,412
2000-01-12,1204,"Chicago, IL",PIT,"Pittsburgh, PA",1644,1643,1840,6,1908,1846,0,412
2000-01-12,1174,"Chicago, IL",RSW,"Fort Myers, FL",1455,1458,1832,4,1836,1836,0,1120
2000-01-12,1206,"Chicago, IL",RSW,"Fort Myers, FL",739,739,1110,3,1120,1113,0,1120
2000-01-12,315,"Chicago, IL",SAN,"San Diego, CA",815,816,1028,4,1024,1032,0,1723
2000-01-12,477,"Chicago, IL",SAN,"San Diego, CA",1144,1145,1413,3,1354,1416,0,1723
2000-01-12,741,"Chicago, IL",SAN,"San Diego, CA",937,934,1152,3,1148,1155,0,1723
2000-01-12,929,"Chicago, IL",SAN,"San Diego, CA",1514,1548,1813,2,1727,1815,0,1723
2000-01-12,1121,"Chicago, IL",SAN,"San Diego, CA",1755,1754,2022,2,2009,2024,0,1723
2000-01-12,1277,"Chicago, IL",SAN,"San Diego, CA",1940,1938,2222,6,2155,2228,0,1723
2000-01-12,333,"Chicago, IL",SEA,"Seattle, WA",925,941,1230,5,1146,1235,0,1721
2000-01-12,337,"Chicago, IL",SEA,"Seattle, WA",1914,1942,2243,4,2142,2247,0,1721
2000-01-12,383,"Chicago, IL",SEA,"Seattle, WA",1750,1851,2153,4,2019,2157,0,1721
2000-01-12,537,"Chicago, IL",SEA,"Seattle, WA",2225,2304,138,4,44,142,0,1721
2000-01-12,755,"Chicago, IL",SEA,"Seattle, WA",810,808,1044,6,1031,1050,0,1721
2000-01-12,939,"Chicago, IL",SEA,"Seattle, WA",1144,1144,1412,4,1405,1416,0,1721
2000-01-12,943,"Chicago, IL",SEA,"Seattle, WA",1530,1534,1801,5,1746,1806,0,1721
2000-01-12,1748,"Chicago, IL",SJU,"San Juan, PR",739,740,1358,5,1405,1403,0,2072
2000-01-12,1671,"Chicago, IL",STL,"St. Louis, MO",1520,1521,1631,3,1629,1634,0,258
2000-01-12,356,"Chicago, IL",SYR,"Syracuse, NY",1320,1317,1553,5,1604,1558,0,607
2000-01-12,1498,"Chicago, IL",SYR,"Syracuse, NY",1730,1738,1957,4,2010,2001,0,607
2000-01-12,1620,"Chicago, IL",SYR,"Syracuse, NY",630,626,852,6,904,858,0,607
2000-01-12,568,"Chicago, IL",BTV,"Burlington, VT",1810,1810,2047,5,2059,2052,0,763
2000-01-12,1076,"Chicago, IL",BTV,"Burlington, VT",1325,1324,1607,3,1624,1610,0,763
2000-01-12,380,"Chicago, IL",BUF,"Buffalo, NY",1644,1646,1858,4,1907,1902,0,473
2000-01-12,786,"Chicago, IL",BUF,"Buffalo, NY",738,737,947,2,957,949,0,473
2000-01-12,790,"Chicago, IL",BUF,"Buffalo, NY",2100,2059,2316,4,2323,2320,0,473
2000-01-12,1576,"Chicago, IL",BUF,"Buffalo, NY",1450,1532,1744,3,1715,1747,0,473
2000-01-12,1881,"Chicago, IL",BUF,"Buffalo, NY",1105,1116,1323,1,1322,1324,0,473
2000-01-12,240,"Chicago, IL",CLE,"Cleveland, OH",1050,1047,1240,4,1259,1244,0,316
2000-01-12,348,"Chicago, IL",CLE,"Cleveland, OH",1714,1720,1922,4,1933,1926,0,316
2000-01-12,520,"Chicago, IL",CLE,"Cleveland, OH",625,624,830,4,842,834,0,316
2000-01-12,1184,"Chicago, IL",CLE,"Cleveland, OH",1310,1309,1504,3,1527,1507,0,316
2000-01-12,1588,"Chicago, IL",CLE,"Cleveland, OH",2115,2113,2312,4,2328,2316,0,316
2000-01-12,1922,"Chicago, IL",CLE,"Cleveland, OH",744,743,936,5,951,941,0,316
2000-01-12,699,"Chicago, IL",DSM,"Des Moines, IA",815,825,922,2,924,924,0,299
2000-01-12,773,"Chicago, IL",DSM,"Des Moines, IA",1514,1517,1622,2,1623,1624,0,299
2000-01-12,785,"Chicago, IL",DSM,"Des Moines, IA",2230,2226,2333,4,2338,2337,0,299
2000-01-12,1101,"Chicago, IL",DSM,"Des Moines, IA",1930,1927,2040,7,2042,2047,0,299
2000-01-12,1437,"Chicago, IL",DSM,"Des Moines, IA",1210,1232,1343,4,1318,1347,0,299
2000-01-12,1757,"Chicago, IL",DSM,"Des Moines, IA",920,935,1038,3,1033,1041,0,299
2000-01-12,43,"Chicago, IL",HNL,"Honolulu, HI",1000,1004,1527,2,1507,1529,0,4244
2000-01-12,780,"Chicago, IL",HPN,"White Plains, NY",1727,1727,2010,5,2029,2015,0,738
2000-01-12,1200,"Chicago, IL",HPN,"White Plains, NY",1330,1326,1617,2,1635,1619,0,738
2000-01-12,1484,"Chicago, IL",HPN,"White Plains, NY",2045,2043,2330,5,2340,2335,0,738
2000-01-12,1486,"Chicago, IL",HPN,"White Plains, NY",705,704,955,3,1000,958,0,738
2000-01-12,1488,"Chicago, IL",HPN,"White Plains, NY",1135,1135,1415,3,1429,1418,0,738
2000-01-12,1686,"Chicago, IL",HPN,"White Plains, NY",1614,1617,1859,2,1910,1901,0,738
2000-01-12,474,"Chicago, IL",IAD,"Washington, DC",1320,1318,1542,9,1612,1551,0,589
2000-01-12,492,"Chicago, IL",IAD,"Washington, DC",1030,1027,1246,7,1312,1253,0,589
2000-01-12,538,"Chicago, IL",IAD,"Washington, DC",805,802,1029,6,1048,1035,0,589
2000-01-12,718,"Chicago, IL",IAD,"Washington, DC",1810,1810,2031,6,2100,2037,0,589
2000-01-12,766,"Chicago, IL",IAD,"Washington, DC",945,"","","",1229,"",1,589
2000-01-12,882,"Chicago, IL",IAD,"Washington, DC",1714,1713,1938,6,1958,1944,0,589
2000-01-12,1242,"Chicago, IL",IAD,"Washington, DC",600,557,828,5,842,833,0,589
2000-01-12,1246,"Chicago, IL",IAD,"Washington, DC",1450,1452,1720,5,1746,1725,0,589
2000-01-12,1638,"Chicago, IL",IAD,"Washington, DC",2055,2055,2319,6,2340,2325,0,589
2000-01-12,501,"Chicago, IL",JAX,"Jacksonville, FL",820,850,1153,7,1132,1200,0,865
2000-01-12,631,"Chicago, IL",JAX,"Jacksonville, FL",2045,2119,24,4,2359,28,0,865
2000-01-12,684,"Chicago, IL",LGA,"New York, NY",1300,1259,1640,4,1554,1644,0,733
2000-01-12,686,"Chicago, IL",LGA,"New York, NY",1200,1157,1511,4,1452,1515,0,733
2000-01-12,690,"Chicago, IL",LGA,"New York, NY",1000,"","","",1250,"",1,733
2000-01-12,692,"Chicago, IL",LGA,"New York, NY",900,857,1246,3,1155,1249,0,733
2000-01-12,694,"Chicago, IL",LGA,"New York, NY",800,758,1201,4,1100,1205,0,733
2000-01-12,696,"Chicago, IL",LGA,"New York, NY",700,659,943,4,954,947,0,733
2000-01-12,698,"Chicago, IL",LGA,"New York, NY",600,558,837,3,855,840,0,733
2000-01-12,896,"Chicago, IL",LGA,"New York, NY",0,1124,1358,3,0,1401,0,733
2000-01-12,1547,"Chicago, IL",LNK,"Lincoln, NE",1950,2002,2139,3,2115,2142,0,466
2000-01-12,1815,"Chicago, IL",LNK,"Lincoln, NE",912,909,1027,3,1037,1030,0,466
2000-01-12,521,"Chicago, IL",MBS,"Saginaw/Bay City/Midland, MI",1703,1753,1955,6,1900,2001,0,222
2000-01-12,1760,"Chicago, IL",MBS,"Saginaw/Bay City/Midland, MI",1310,1325,1522,8,1507,1530,0,222
2000-01-12,1851,"Chicago, IL",MBS,"Saginaw/Bay City/Midland, MI",815,815,1009,4,1012,1013,0,222
2000-01-12,1902,"Chicago, IL",MBS,"Saginaw/Bay City/Midland, MI",2115,2112,2306,4,2313,2310,0,222
2000-01-12,562,"Chicago, IL",MHT,"Manchester, NH",2057,2056,2349,4,2359,2353,0,843
2000-01-12,1024,"Chicago, IL",MHT,"Manchester, NH",1309,1327,1619,6,1614,1625,0,843
2000-01-12,1048,"Chicago, IL",MHT,"Manchester, NH",1644,1648,1936,4,1949,1940,0,843
2000-01-12,330,"Chicago, IL",ORF,"Norfolk, VA",1314,1311,1601,3,1612,1604,0,717
2000-01-12,532,"Chicago, IL",ORF,"Norfolk, VA",1714,1724,2015,3,2009,2018,0,717
2000-01-12,1198,"Chicago, IL",ORF,"Norfolk, VA",825,834,1109,3,1121,1112,0,717
2000-01-12,142,"Chicago, IL",PBI,"West Palm Beach/Palm Beach, FL",1950,1948,2321,3,2329,2324,0,1144
2000-01-12,639,"Chicago, IL",PBI,"West Palm Beach/Palm Beach, FL",1030,1118,1439,2,1409,1441,0,1144
2000-01-12,282,"Chicago, IL",RIC,"Richmond, VA",625,620,857,4,912,901,0,642
2000-01-12,1606,"Chicago, IL",RIC,"Richmond, VA",1314,1312,1550,3,1603,1553,0,642
2000-01-12,1824,"Chicago, IL",RIC,"Richmond, VA",1720,1720,2002,9,2009,2011,0,642
2000-01-12,386,"Chicago, IL",ROC,"Rochester, NY",2125,2120,2341,6,2359,2347,0,528
2000-01-12,438,"Chicago, IL",ROC,"Rochester, NY",1705,1703,1923,6,1939,1929,0,528
2000-01-12,550,"Chicago, IL",ROC,"Rochester, NY",1040,1038,1248,4,1309,1252,0,528
2000-01-12,1194,"Chicago, IL",ROC,"Rochester, NY",700,657,917,3,930,920,0,528
2000-01-12,1456,"Chicago, IL",ROC,"Rochester, NY",1440,1554,1810,6,1711,1816,0,528
2000-01-12,381,"Chicago, IL",SMF,"Sacramento, CA",915,935,1242,2,1147,1244,0,1781
2000-01-12,483,"Chicago, IL",SMF,"Sacramento, CA",1914,1914,2238,4,2145,2242,0,1781
2000-01-12,621,"Chicago, IL",SMF,"Sacramento, CA",1545,1545,1902,7,1814,1909,0,1781
2000-01-12,1405,"Chicago, IL",SMF,"Sacramento, CA",1144,1141,1430,8,1408,1438,0,1781
2000-01-12,303,"Chicago, IL",SNA,"Santa Ana, CA",1525,1521,1744,5,1737,1749,0,1726
2000-01-12,365,"Chicago, IL",SNA,"Santa Ana, CA",1144,1143,1417,4,1357,1421,0,1726
2000-01-12,473,"Chicago, IL",SNA,"Santa Ana, CA",1945,1946,2227,4,2200,2231,0,1726
2000-01-12,1075,"Chicago, IL",SNA,"Santa Ana, CA",1744,1744,2011,6,1959,2017,0,1726
2000-01-12,1543,"Chicago, IL",SNA,"Santa Ana, CA",914,924,1150,6,1127,1156,0,1726
2000-01-12,285,"Chicago, IL",STL,"St. Louis, MO",739,750,850,6,849,856,0,258
2000-01-12,609,"Chicago, IL",STL,"St. Louis, MO",1144,1159,1312,7,1253,1319,0,258
2000-01-12,779,"Chicago, IL",STL,"St. Louis, MO",1925,1925,2036,8,2036,2044,0,258
2000-01-13,568,"Chicago, IL",BTV,"Burlington, VT",1810,1844,2130,4,2059,2134,0,763
2000-01-13,1076,"Chicago, IL",BTV,"Burlington, VT",1325,"","","",1624,"",1,763
2000-01-13,380,"Chicago, IL",BUF,"Buffalo, NY",1644,1654,1907,4,1907,1911,0,473
2000-01-13,786,"Chicago, IL",BUF,"Buffalo, NY",738,739,954,4,957,958,0,473
2000-01-13,790,"Chicago, IL",BUF,"Buffalo, NY",2100,2058,2316,3,2323,2319,0,473
2000-01-13,1576,"Chicago, IL",BUF,"Buffalo, NY",1450,"","","",1715,"",1,473
2000-01-13,1881,"Chicago, IL",BUF,"Buffalo, NY",1105,1144,1403,4,1322,1407,0,473
2000-01-13,240,"Chicago, IL",CLE,"Cleveland, OH",1050,1047,1251,4,1259,1255,0,316
2000-01-13,348,"Chicago, IL",CLE,"Cleveland, OH",1714,1717,1917,3,1933,1920,0,316
2000-01-13,520,"Chicago, IL",CLE,"Cleveland, OH",625,626,"","",842,"",0,316
2000-01-13,1184,"Chicago, IL",CLE,"Cleveland, OH",1310,1306,1517,4,1527,1521,0,316
2000-01-13,1588,"Chicago, IL",CLE,"Cleveland, OH",2115,2118,2324,6,2328,2330,0,316
2000-01-13,1922,"Chicago, IL",CLE,"Cleveland, OH",744,803,1128,3,951,1131,0,316
2000-01-13,699,"Chicago, IL",DSM,"Des Moines, IA",815,811,916,5,924,921,0,299
2000-01-13,773,"Chicago, IL",DSM,"Des Moines, IA",1514,1532,1634,5,1623,1639,0,299
2000-01-13,785,"Chicago, IL",DSM,"Des Moines, IA",2230,2252,2359,5,2338,4,0,299
2000-01-13,1101,"Chicago, IL",DSM,"Des Moines, IA",1930,1931,2033,5,2042,2038,0,299
2000-01-13,1437,"Chicago, IL",DSM,"Des Moines, IA",1210,1209,1317,4,1318,1321,0,299
2000-01-13,1757,"Chicago, IL",DSM,"Des Moines, IA",920,1004,1113,4,1033,1117,0,299
2000-01-13,43,"Chicago, IL",HNL,"Honolulu, HI",1000,959,1517,3,1507,1520,0,4244
2000-01-13,780,"Chicago, IL",HPN,"White Plains, NY",1727,"","","",2029,"",1,738
2000-01-13,1200,"Chicago, IL",HPN,"White Plains, NY",1330,1329,1624,37,1635,1701,0,738
2000-01-13,1484,"Chicago, IL",HPN,"White Plains, NY",2045,2132,27,5,2340,32,0,738
2000-01-13,1486,"Chicago, IL",HPN,"White Plains, NY",705,708,1004,4,1000,1008,0,738
2000-01-13,1488,"Chicago, IL",HPN,"White Plains, NY",1135,1143,1436,3,1429,1439,0,738
2000-01-13,1686,"Chicago, IL",HPN,"White Plains, NY",1614,1613,1857,3,1910,1900,0,738
2000-01-13,474,"Chicago, IL",IAD,"Washington, DC",1320,1427,1758,10,1612,1808,0,589
2000-01-13,492,"Chicago, IL",IAD,"Washington, DC",1030,1031,1308,7,1312,1315,0,589
2000-01-13,538,"Chicago, IL",IAD,"Washington, DC",805,812,1044,5,1048,1049,0,589
2000-01-13,718,"Chicago, IL",IAD,"Washington, DC",1810,1820,2119,5,2100,2124,0,589
2000-01-13,766,"Chicago, IL",IAD,"Washington, DC",945,945,1222,6,1229,1228,0,589
2000-01-13,882,"Chicago, IL",IAD,"Washington, DC",1714,"","","",1958,"",1,589
2000-01-13,1242,"Chicago, IL",IAD,"Washington, DC",600,557,818,6,842,824,0,589
2000-01-13,1246,"Chicago, IL",IAD,"Washington, DC",1450,1454,1827,9,1746,1836,0,589
2000-01-13,1638,"Chicago, IL",IAD,"Washington, DC",2055,2054,2326,7,2340,2333,0,589
2000-01-13,501,"Chicago, IL",JAX,"Jacksonville, FL",820,819,1125,4,1132,1129,0,865
2000-01-13,631,"Chicago, IL",JAX,"Jacksonville, FL",2045,2050,2341,4,2359,2345,0,865
2000-01-13,684,"Chicago, IL",LGA,"New York, NY",1300,1259,1631,4,1554,1635,0,733
2000-01-13,686,"Chicago, IL",LGA,"New York, NY",1200,1200,1452,5,1452,1457,0,733
2000-01-13,690,"Chicago, IL",LGA,"New York, NY",1000,1021,1255,4,1250,1259,0,733
2000-01-13,692,"Chicago, IL",LGA,"New York, NY",900,914,1158,2,1155,1200,0,733
2000-01-13,694,"Chicago, IL",LGA,"New York, NY",800,815,1109,3,1100,1112,0,733
2000-01-13,696,"Chicago, IL",LGA,"New York, NY",700,658,943,5,954,948,0,733
2000-01-13,698,"Chicago, IL",LGA,"New York, NY",600,601,855,2,855,857,0,733
2000-01-13,896,"Chicago, IL",LGA,"New York, NY",0,1107,1343,3,0,1346,0,733
2000-01-13,1547,"Chicago, IL",LNK,"Lincoln, NE",1950,2018,2150,2,2115,2152,0,466
2000-01-13,1815,"Chicago, IL",LNK,"Lincoln, NE",912,958,1117,1,1037,1118,0,466
2000-01-13,521,"Chicago, IL",MBS,"Saginaw/Bay City/Midland, MI",1703,1701,1852,5,1900,1857,0,222
2000-01-13,1760,"Chicago, IL",MBS,"Saginaw/Bay City/Midland, MI",1310,"","","",1507,"",1,222
2000-01-13,1851,"Chicago, IL",MBS,"Saginaw/Bay City/Midland, MI",815,816,1002,7,1012,1009,0,222
2000-01-13,1902,"Chicago, IL",MBS,"Saginaw/Bay City/Midland, MI",2115,2111,2313,7,2313,2320,0,222
2000-01-13,562,"Chicago, IL",MHT,"Manchester, NH",2057,2055,6,4,2359,10,0,843
2000-01-13,1024,"Chicago, IL",MHT,"Manchester, NH",1309,1308,1607,8,1614,1615,0,843
2000-01-13,1048,"Chicago, IL",MHT,"Manchester, NH",1644,1643,1941,6,1949,1947,0,843
2000-01-13,330,"Chicago, IL",ORF,"Norfolk, VA",1314,1311,1550,4,1612,1554,0,717
2000-01-13,532,"Chicago, IL",ORF,"Norfolk, VA",1714,1709,1941,4,2009,1945,0,717
2000-01-13,1198,"Chicago, IL",ORF,"Norfolk, VA",825,845,1126,2,1121,1128,0,717
2000-01-13,142,"Chicago, IL",PBI,"West Palm Beach/Palm Beach, FL",1950,2023,2342,3,2329,2345,0,1144
2000-01-13,639,"Chicago, IL",PBI,"West Palm Beach/Palm Beach, FL",1030,1050,1420,2,1409,1422,0,1144
2000-01-13,282,"Chicago, IL",RIC,"Richmond, VA",625,623,855,3,912,858,0,642
2000-01-13,1606,"Chicago, IL",RIC,"Richmond, VA",1314,1314,1547,4,1603,1551,0,642
2000-01-13,1824,"Chicago, IL",RIC,"Richmond, VA",1720,1717,1944,3,2009,1947,0,642
2000-01-13,386,"Chicago, IL",ROC,"Rochester, NY",2125,2213,36,4,2359,40,0,528
2000-01-13,438,"Chicago, IL",ROC,"Rochester, NY",1705,1702,1926,4,1939,1930,0,528
2000-01-13,550,"Chicago, IL",ROC,"Rochester, NY",1040,1105,1343,5,1309,1348,0,528
2000-01-13,1194,"Chicago, IL",ROC,"Rochester, NY",700,659,921,4,930,925,0,528
2000-01-13,1456,"Chicago, IL",ROC,"Rochester, NY",1440,"","","",1711,"",1,528
2000-01-13,381,"Chicago, IL",SMF,"Sacramento, CA",915,929,1230,3,1147,1233,0,1781
2000-01-13,483,"Chicago, IL",SMF,"Sacramento, CA",1914,2103,2343,4,2145,2347,0,1781
2000-01-13,621,"Chicago, IL",SMF,"Sacramento, CA",1545,1551,1845,3,1814,1848,0,1781
2000-01-13,1405,"Chicago, IL",SMF,"Sacramento, CA",1144,1216,1513,4,1408,1517,0,1781
2000-01-13,303,"Chicago, IL",SNA,"Santa Ana, CA",1525,1524,1739,4,1737,1743,0,1726
2000-01-13,365,"Chicago, IL",SNA,"Santa Ana, CA",1144,1141,1346,6,1357,1352,0,1726
2000-01-13,473,"Chicago, IL",SNA,"Santa Ana, CA",1945,1943,2159,20,2200,2219,0,1726
2000-01-13,1075,"Chicago, IL",SNA,"Santa Ana, CA",1744,1751,2014,9,1959,2023,0,1726
2000-01-13,1543,"Chicago, IL",SNA,"Santa Ana, CA",914,912,1123,10,1127,1133,0,1726
2000-01-13,285,"Chicago, IL",STL,"St. Louis, MO",739,738,835,4,849,839,0,258
2000-01-13,609,"Chicago, IL",STL,"St. Louis, MO",1144,1205,1308,9,1253,1317,0,258
2000-01-13,779,"Chicago, IL",STL,"St. Louis, MO",1925,1926,2025,3,2036,2028,0,258
2000-01-13,1122,"Chicago, IL",ABE,"Allentown/Bethlehem/Easton, PA",1650,1648,1918,4,1934,1922,0,654
2000-01-13,1656,"Chicago, IL",ABE,"Allentown/Bethlehem/Easton, PA",1410,1400,1638,4,1656,1642,0,654
2000-01-13,373,"Chicago, IL",AUS,"Austin, TX",1914,1955,2220,5,2155,2225,0,978
2000-01-13,589,"Chicago, IL",AUS,"Austin, TX",922,935,1206,4,1202,1210,0,978
2000-01-13,394,"Chicago, IL",BDL,"Hartford, CT",1650,1656,1939,8,1950,1947,0,783
2000-01-13,398,"Chicago, IL",BDL,"Hartford, CT",910,931,1218,8,1204,1226,0,783
2000-01-13,1126,"Chicago, IL",BDL,"Hartford, CT",2050,2104,5,4,2351,9,0,783
2000-01-13,1228,"Chicago, IL",BDL,"Hartford, CT",1320,"","","",1621,"",1,783
2000-01-13,1404,"Chicago, IL",BDL,"Hartford, CT",1035,1146,1439,11,1332,1450,0,783
2000-01-13,1522,"Chicago, IL",BDL,"Hartford, CT",600,604,922,7,856,929,0,783
2000-01-13,502,"Chicago, IL",BOS,"Boston, MA",645,709,1048,12,956,1100,0,867
2000-01-13,504,"Chicago, IL",BOS,"Boston, MA",744,745,1117,20,1053,1137,0,867
2000-01-13,506,"Chicago, IL",BOS,"Boston, MA",845,"","","",1154,"",1,867
2000-01-13,508,"Chicago, IL",BOS,"Boston, MA",945,953,1253,9,1254,1302,0,867
2000-01-13,512,"Chicago, IL",BOS,"Boston, MA",1144,"","","",1457,"",1,867
2000-01-13,514,"Chicago, IL",BOS,"Boston, MA",1245,"","","",1554,"",1,867
2000-01-13,516,"Chicago, IL",BOS,"Boston, MA",1644,1829,2229,12,1959,2241,0,867
2000-01-13,518,"Chicago, IL",BOS,"Boston, MA",1344,1414,1800,5,1707,1805,0,867
2000-01-13,522,"Chicago, IL",BOS,"Boston, MA",1544,1627,2101,7,1858,2108,0,867
2000-01-13,524,"Chicago, IL",BOS,"Boston, MA",1744,1802,2121,4,2059,2125,0,867
2000-01-13,526,"Chicago, IL",BOS,"Boston, MA",1845,"","","",2156,"",1,867
2000-01-13,528,"Chicago, IL",BOS,"Boston, MA",1444,"","","",1759,"",1,867
2000-01-13,884,"Chicago, IL",BOS,"Boston, MA",1044,1106,1405,37,1355,1442,0,867
2000-01-13,1018,"Chicago, IL",BOS,"Boston, MA",2045,2148,48,10,2355,58,0,867
2000-01-13,138,"Chicago, IL",CMH,"Columbus, OH",1310,1421,1620,5,1516,1625,0,296
2000-01-13,601,"Chicago, IL",CMH,"Columbus, OH",805,817,1037,8,1010,1045,0,296
2000-01-13,1118,"Chicago, IL",CMH,"Columbus, OH",655,652,854,5,901,859,0,296
2000-01-13,1452,"Chicago, IL",CMH,"Columbus, OH",1105,1135,1332,5,1310,1337,0,296
2000-01-13,1518,"Chicago, IL",CMH,"Columbus, OH",1644,1650,1849,5,1854,1854,0,296
2000-01-13,1548,"Chicago, IL",CMH,"Columbus, OH",2115,2112,2317,6,2325,2323,0,296
2000-01-13,600,"Chicago, IL",DCA,"Washington, DC",630,633,858,5,907,903,0,612
2000-01-13,602,"Chicago, IL",DCA,"Washington, DC",730,750,1021,3,1010,1024,0,612
2000-01-13,604,"Chicago, IL",DCA,"Washington, DC",830,833,1106,4,1111,1110,0,612
2000-01-13,606,"Chicago, IL",DCA,"Washington, DC",930,952,1224,4,1209,1228,0,612
2000-01-13,608,"Chicago, IL",DCA,"Washington, DC",1030,1040,1308,6,1309,1314,0,612
2000-01-13,610,"Chicago, IL",DCA,"Washington, DC",1130,1157,"","",1403,"",0,612
2000-01-13,612,"Chicago, IL",DCA,"Washington, DC",1230,"","","",1506,"",1,612
2000-01-13,614,"Chicago, IL",DCA,"Washington, DC",1314,1457,1726,6,1558,1732,0,612
2000-01-13,616,"Chicago, IL",DCA,"Washington, DC",1330,1327,1703,2,1617,1705,0,612
2000-01-13,618,"Chicago, IL",DCA,"Washington, DC",1430,"","","",1711,"",1,612
2000-01-13,620,"Chicago, IL",DCA,"Washington, DC",1530,"","","",1810,"",1,612
2000-01-13,622,"Chicago, IL",DCA,"Washington, DC",1630,1638,1901,4,1908,1905,0,612
2000-01-13,624,"Chicago, IL",DCA,"Washington, DC",1700,"","","",1947,"",1,612
2000-01-13,626,"Chicago, IL",DCA,"Washington, DC",1730,1800,2034,2,2016,2036,0,612
2000-01-13,628,"Chicago, IL",DCA,"Washington, DC",1830,"","","",2108,"",1,612
2000-01-13,630,"Chicago, IL",DCA,"Washington, DC",1930,1936,2206,2,2208,2208,0,612
2000-01-13,632,"Chicago, IL",DCA,"Washington, DC",2045,2127,5,2,2323,7,0,612
2000-01-13,321,"Chicago, IL",DFW,"Dallas/Fort Worth, TX",945,1005,1217,3,1208,1220,0,802
2000-01-13,495,"Chicago, IL",DFW,"Dallas/Fort Worth, TX",655,653,905,5,916,910,0,802
2000-01-13,685,"Chicago, IL",DFW,"Dallas/Fort Worth, TX",1405,1520,1732,5,1629,1737,0,802
2000-01-13,789,"Chicago, IL",DFW,"Dallas/Fort Worth, TX",1514,1513,1725,14,1738,1739,0,802
2000-01-13,1115,"Chicago, IL",DFW,"Dallas/Fort Worth, TX",830,828,1049,5,1051,1054,0,802
2000-01-13,1281,"Chicago, IL",DFW,"Dallas/Fort Worth, TX",1800,1911,2116,5,2015,2121,0,802
2000-01-13,1621,"Chicago, IL",DFW,"Dallas/Fort Worth, TX",1925,2112,2335,4,2147,2339,0,802
2000-01-13,1707,"Chicago, IL",DFW,"Dallas/Fort Worth, TX",1155,1209,1428,7,1421,1435,0,802
2000-01-13,634,"Chicago, IL",EWR,"Newark, NJ",630,634,914,11,928,925,0,719
2000-01-13,636,"Chicago, IL",EWR,"Newark, NJ",730,729,1012,11,1027,1023,0,719
2000-01-13,638,"Chicago, IL",EWR,"Newark, NJ",830,827,1117,8,1128,1125,0,719
2000-01-13,640,"Chicago, IL",EWR,"Newark, NJ",930,1001,1239,5,1225,1244,0,719
2000-01-13,642,"Chicago, IL",EWR,"Newark, NJ",1030,1033,1315,7,1328,1322,0,719
2000-01-13,644,"Chicago, IL",EWR,"Newark, NJ",1130,"","","",1429,"",1,719
2000-01-13,646,"Chicago, IL",EWR,"Newark, NJ",1230,1231,1520,8,1533,1528,0,719
2000-01-13,648,"Chicago, IL",EWR,"Newark, NJ",1330,"","","",1644,"",1,719
2000-01-13,652,"Chicago, IL",EWR,"Newark, NJ",1430,1429,1755,6,1738,1801,0,719
2000-01-13,654,"Chicago, IL",EWR,"Newark, NJ",1530,"","","",1840,"",1,719
2000-01-13,656,"Chicago, IL",EWR,"Newark, NJ",1644,1704,1951,9,1947,2000,0,719
2000-01-13,658,"Chicago, IL",EWR,"Newark, NJ",1730,1811,2100,11,2033,2111,0,719
2000-01-13,660,"Chicago, IL",EWR,"Newark, NJ",1830,1830,2215,11,2126,2226,0,719
2000-01-13,664,"Chicago, IL",EWR,"Newark, NJ",2045,2043,2339,12,2343,2351,0,719
2000-01-13,561,"Chicago, IL",ICT,"Wichita, KS",1915,1954,2136,3,2104,2139,0,588
2000-01-13,649,"Chicago, IL",ICT,"Wichita, KS",1514,1730,1907,4,1700,1911,0,588
2000-01-13,795,"Chicago, IL",ICT,"Wichita, KS",915,950,1135,4,1104,1139,0,588
2000-01-13,292,"Chicago, IL",IND,"Indianapolis, IN",700,657,847,5,856,852,0,177
2000-01-13,314,"Chicago, IL",IND,"Indianapolis, IN",1655,1650,1852,5,1851,1857,0,177
2000-01-13,500,"Chicago, IL",IND,"Indianapolis, IN",1144,1158,1350,4,1341,1354,0,177
2000-01-13,1590,"Chicago, IL",IND,"Indianapolis, IN",1520,1619,1807,3,1716,1810,0,177
2000-01-13,1608,"Chicago, IL",IND,"Indianapolis, IN",1310,1308,1457,6,1505,1503,0,177
2000-01-13,1758,"Chicago, IL",IND,"Indianapolis, IN",2105,2104,2249,10,2303,2259,0,177
2000-01-13,1808,"Chicago, IL",IND,"Indianapolis, IN",2225,2224,3,6,20,9,0,177
2000-01-13,707,"Chicago, IL",LAS,"Las Vegas, NV",2230,2237,26,11,16,37,0,1515
2000-01-13,711,"Chicago, IL",LAS,"Las Vegas, NV",1935,1956,2136,6,2121,2142,0,1515
2000-01-13,715,"Chicago, IL",LAS,"Las Vegas, NV",1514,1514,1655,4,1656,1659,0,1515
2000-01-13,717,"Chicago, IL",LAS,"Las Vegas, NV",800,800,958,5,936,1003,0,1515
2000-01-13,721,"Chicago, IL",LAS,"Las Vegas, NV",1150,1213,1400,6,1330,1406,0,1515
2000-01-13,101,"Chicago, IL",LAX,"Los Angeles, CA",800,801,1016,8,1021,1024,0,1745
2000-01-13,105,"Chicago, IL",LAX,"Los Angeles, CA",1530,1533,1740,7,1742,1747,0,1745
2000-01-13,107,"Chicago, IL",LAX,"Los Angeles, CA",1630,"","","",1849,"",1,1745
2000-01-13,111,"Chicago, IL",LAX,"Los Angeles, CA",1245,1244,1507,7,1508,1514,0,1745
2000-01-13,115,"Chicago, IL",LAX,"Los Angeles, CA",930,931,1144,11,1148,1155,0,1745
2000-01-13,117,"Chicago, IL",LAX,"Los Angeles, CA",1155,1157,1408,3,1409,1411,0,1745
2000-01-13,119,"Chicago, IL",LAX,"Los Angeles, CA",1330,1402,1620,4,1550,1624,0,1745
2000-01-13,121,"Chicago, IL",LAX,"Los Angeles, CA",1430,"","","",1644,"",1,1745
2000-01-13,125,"Chicago, IL",LAX,"Los Angeles, CA",1210,"","","",1433,"",1,1745
2000-01-13,127,"Chicago, IL",LAX,"Los Angeles, CA",2220,2218,42,9,40,51,0,1745
2000-01-13,129,"Chicago, IL",LAX,"Los Angeles, CA",2030,2031,2246,7,2250,2253,0,1745
2000-01-13,607,"Chicago, IL",LAX,"Los Angeles, CA",1040,1046,1302,5,1303,1307,0,1745
2000-01-13,762,"Chicago, IL",LAX,"Los Angeles, CA",700,711,922,6,917,928,0,1745
2000-01-13,815,"Chicago, IL",LAX,"Los Angeles, CA",1755,1802,2012,8,2012,2020,0,1745
2000-01-13,841,"Chicago, IL",LAX,"Los Angeles, CA",1925,1933,2158,15,2145,2213,0,1745
2000-01-13,953,"Chicago, IL",LAX,"Los Angeles, CA",2000,2029,2244,9,2218,2253,0,1745
2000-01-13,393,"Chicago, IL",MCI,"Kansas City, MO",914,937,1056,3,1034,1059,0,403
2000-01-13,455,"Chicago, IL",MCI,"Kansas City, MO",1144,1149,1307,4,1305,1311,0,403
2000-01-13,1147,"Chicago, IL",MCI,"Kansas City, MO",804,804,929,3,926,932,0,403
2000-01-13,1597,"Chicago, IL",MCI,"Kansas City, MO",1530,1551,1713,4,1651,1717,0,403
2000-01-13,1747,"Chicago, IL",MCI,"Kansas City, MO",1945,1943,2109,4,2112,2113,0,403
2000-01-13,1895,"Chicago, IL",MCI,"Kansas City, MO",1814,1816,1935,6,1941,1941,0,403
2000-01-13,421,"Chicago, IL",MEM,"Memphis, TN",1510,1512,1634,5,1644,1639,0,491
2000-01-13,1151,"Chicago, IL",MEM,"Memphis, TN",920,920,1052,3,1054,1055,0,491
2000-01-13,1795,"Chicago, IL",MEM,"Memphis, TN",1914,1914,2034,3,2049,2037,0,491
2000-01-13,379,"Chicago, IL",OAK,"Oakland, CA",1535,1556,1831,6,1802,1837,0,1836
2000-01-13,469,"Chicago, IL",OAK,"Oakland, CA",1944,1946,2250,11,2223,2301,0,1836
2000-01-13,1455,"Chicago, IL",OAK,"Oakland, CA",928,1001,1251,5,1206,1256,0,1836
2000-01-13,556,"Chicago, IL",PIT,"Pittsburgh, PA",739,740,949,5,957,954,0,412
2000-01-13,576,"Chicago, IL",PIT,"Pittsburgh, PA",1040,1121,1323,6,1255,1329,0,412
2000-01-13,582,"Chicago, IL",PIT,"Pittsburgh, PA",1308,"","","",1528,"",1,412
2000-01-13,734,"Chicago, IL",PIT,"Pittsburgh, PA",1444,1457,1709,7,1704,1716,0,412
2000-01-13,760,"Chicago, IL",PIT,"Pittsburgh, PA",2055,2114,2330,6,2314,2336,0,412
2000-01-13,1204,"Chicago, IL",PIT,"Pittsburgh, PA",1644,1650,1901,8,1908,1909,0,412
2000-01-13,1174,"Chicago, IL",RSW,"Fort Myers, FL",1455,1458,1823,3,1836,1826,0,1120
2000-01-13,1206,"Chicago, IL",RSW,"Fort Myers, FL",739,737,1104,3,1120,1107,0,1120
2000-01-13,315,"Chicago, IL",SAN,"San Diego, CA",815,814,1027,3,1024,1030,0,1723
2000-01-13,477,"Chicago, IL",SAN,"San Diego, CA",1144,1151,1403,3,1354,1406,0,1723
2000-01-13,741,"Chicago, IL",SAN,"San Diego, CA",937,935,1155,2,1148,1157,0,1723
2000-01-13,929,"Chicago, IL",SAN,"San Diego, CA",1514,1518,1730,2,1727,1732,0,1723
2000-01-13,1121,"Chicago, IL",SAN,"San Diego, CA",1755,1915,2130,3,2009,2133,0,1723
2000-01-13,1277,"Chicago, IL",SAN,"San Diego, CA",1940,1944,2158,3,2155,2201,0,1723
2000-01-13,333,"Chicago, IL",SEA,"Seattle, WA",925,1039,1333,5,1146,1338,0,1721
2000-01-13,337,"Chicago, IL",SEA,"Seattle, WA",1914,"","","",2142,"",1,1721
2000-01-13,383,"Chicago, IL",SEA,"Seattle, WA",1750,1755,2118,5,2019,2123,0,1721
2000-01-13,537,"Chicago, IL",SEA,"Seattle, WA",2225,26,325,5,44,330,0,1721
2000-01-13,755,"Chicago, IL",SEA,"Seattle, WA",810,810,1116,5,1031,1121,0,1721
2000-01-13,939,"Chicago, IL",SEA,"Seattle, WA",1144,1154,1455,4,1405,1459,0,1721
2000-01-13,943,"Chicago, IL",SEA,"Seattle, WA",1530,1537,1820,4,1746,1824,0,1721
2000-01-13,1748,"Chicago, IL",SJU,"San Juan, PR",739,750,1406,4,1405,1410,0,2072
2000-01-13,1671,"Chicago, IL",STL,"St. Louis, MO",1520,"","","",1629,"",1,258
2000-01-13,356,"Chicago, IL",SYR,"Syracuse, NY",1320,"","","",1604,"",1,607
2000-01-13,1498,"Chicago, IL",SYR,"Syracuse, NY",1730,1730,2003,6,2010,2009,0,607
2000-01-13,1620,"Chicago, IL",SYR,"Syracuse, NY",630,626,852,8,904,900,0,607
2000-01-13,560,"Chicago, IL",BNA,"Nashville, TN",740,740,849,2,902,851,0,409
2000-01-13,1050,"Chicago, IL",BNA,"Nashville, TN",1914,1949,2053,6,2034,2059,0,409
2000-01-13,1550,"Chicago, IL",BNA,"Nashville, TN",1444,"","","",1601,"",1,409
2000-01-13,1069,"Chicago, IL",BOI,"Boise, ID",1914,1920,2245,3,2157,2248,0,1437
2000-01-13,418,"Chicago, IL",BWI,"Baltimore, MD",1115,1114,1353,3,1354,1356,0,621
2000-01-13,756,"Chicago, IL",BWI,"Baltimore, MD",2100,2057,2335,2,2343,2337,0,621
2000-01-13,770,"Chicago, IL",BWI,"Baltimore, MD",1705,1740,2016,3,1948,2019,0,621
2000-01-13,1298,"Chicago, IL",BWI,"Baltimore, MD",1325,1325,1558,2,1613,1600,0,621
2000-01-13,1428,"Chicago, IL",BWI,"Baltimore, MD",605,608,843,2,845,845,0,621
2000-01-13,432,"Chicago, IL",CLT,"Charlotte, NC",1314,1315,1538,3,1554,1541,0,599
2000-01-13,462,"Chicago, IL",CLT,"Charlotte, NC",615,610,903,3,855,906,0,599
2000-01-13,536,"Chicago, IL",CLT,"Charlotte, NC",1644,1801,2021,4,1920,2025,0,599
2000-01-13,1616,"Chicago, IL",CLT,"Charlotte, NC",2045,2047,2309,3,2325,2312,0,599
2000-01-13,515,"Chicago, IL",DAY,"Dayton, OH",1410,1430,1622,4,1610,1626,0,240
2000-01-13,657,"Chicago, IL",DAY,"Dayton, OH",2115,"","","",2318,"",1,240
2000-01-13,1128,"Chicago, IL",DAY,"Dayton, OH",1120,1122,1315,4,1319,1319,0,240
2000-01-13,1552,"Chicago, IL",DAY,"Dayton, OH",800,801,957,7,1000,1004,0,240
2000-01-13,1754,"Chicago, IL",DAY,"Dayton, OH",1705,1709,1904,9,1907,1913,0,240
2000-01-13,302,"Chicago, IL",DTW,"Detroit, MI",1040,1051,1252,15,1249,1307,0,235
2000-01-13,350,"Chicago, IL",DTW,"Detroit, MI",1710,1710,1914,8,1923,1922,0,235
2000-01-13,396,"Chicago, IL",DTW,"Detroit, MI",1309,"","","",1524,"",1,235
2000-01-13,440,"Chicago, IL",DTW,"Detroit, MI",750,802,1050,5,1001,1055,0,235
2000-01-13,454,"Chicago, IL",DTW,"Detroit, MI",630,634,843,4,834,847,0,235
2000-01-13,671,"Chicago, IL",DTW,"Detroit, MI",2115,2120,2323,6,2320,2329,0,235
2000-01-13,1425,"Chicago, IL",GEG,"Spokane, WA",1920,2019,2243,5,2118,2248,0,1498
2000-01-13,422,"Chicago, IL",GRR,"Grand Rapids, MI",1925,1936,2115,3,2112,2118,0,137
2000-01-13,494,"Chicago, IL",GRR,"Grand Rapids, MI",851,851,1035,3,1036,1038,0,137
2000-01-13,633,"Chicago, IL",GRR,"Grand Rapids, MI",2115,2114,2302,6,2303,2308,0,137
2000-01-13,1260,"Chicago, IL",GRR,"Grand Rapids, MI",1444,1459,1641,3,1630,1644,0,137
2000-01-13,1446,"Chicago, IL",GRR,"Grand Rapids, MI",1144,1146,1322,3,1329,1325,0,137
2000-01-13,540,"Chicago, IL",GSO,"Greensboro/High Point, NC",900,858,1126,2,1138,1128,0,590
2000-01-13,750,"Chicago, IL",GSO,"Greensboro/High Point, NC",1744,1805,2037,7,2019,2044,0,590
2000-01-13,1538,"Chicago, IL",GSO,"Greensboro/High Point, NC",1420,"","","",1658,"",1,590
2000-01-13,392,"Chicago, IL",MDT,"Harrisburg, PA",1714,1723,1957,3,1949,2000,0,594
2000-01-13,482,"Chicago, IL",MDT,"Harrisburg, PA",900,944,1211,5,1140,1216,0,594
2000-01-13,542,"Chicago, IL",MDT,"Harrisburg, PA",1314,1311,1539,4,1554,1543,0,594
2000-01-13,728,"Chicago, IL",MDT,"Harrisburg, PA",2100,2057,2327,3,2340,2330,0,594
2000-01-13,869,"Chicago, IL",MIA,"Miami, FL",1450,1455,1830,5,1839,1835,0,1197
2000-01-13,1088,"Chicago, IL",MIA,"Miami, FL",739,741,1127,3,1130,1130,0,1197
2000-01-13,1636,"Chicago, IL",MIA,"Miami, FL",1030,1124,1453,5,1415,1458,0,1197
2000-01-13,1984,"Chicago, IL",MIA,"Miami, FL",1805,1847,2219,4,2150,2223,0,1197
2000-01-13,647,"Chicago, IL",MKE,"Milwaukee, WI",1414,"","","",1451,"",1,67
2000-01-13,1564,"Chicago, IL",MKE,"Milwaukee, WI",2230,2255,2329,3,2307,2332,0,67
2000-01-13,675,"Chicago, IL",MSN,"Madison, WI",2055,2218,2253,3,2141,2256,0,109
2000-01-13,1249,"Chicago, IL",MSN,"Madison, WI",2230,"","","",2315,"",1,109
2000-01-13,1581,"Chicago, IL",MSN,"Madison, WI",1410,"","","",1451,"",1,109
2000-01-13,367,"Chicago, IL",MSY,"New Orleans, LA",1200,1158,1404,7,1409,1411,0,837
2000-01-13,1789,"Chicago, IL",MSY,"New Orleans, LA",1930,2115,2310,6,2140,2316,0,837
2000-01-13,1867,"Chicago, IL",MSY,"New Orleans, LA",1000,1030,1230,10,1211,1240,0,837
2000-01-13,503,"Chicago, IL",PDX,"Portland, OR",1744,1757,"","",2006,"",0,1739
2000-01-13,569,"Chicago, IL",PDX,"Portland, OR",1544,1653,1948,4,1800,1952,0,1739
2000-01-13,577,"Chicago, IL",PDX,"Portland, OR",1914,1941,2302,5,2140,2307,0,1739
2000-01-13,1401,"Chicago, IL",PDX,"Portland, OR",1200,1227,"","",1431,"",0,1739
2000-01-13,1891,"Chicago, IL",PDX,"Portland, OR",945,1133,1455,3,1212,1458,0,1739
2000-01-13,749,"Chicago, IL",SAT,"San Antonio, TX",925,953,1221,5,1208,1226,0,1041
2000-01-13,1415,"Chicago, IL",SAT,"San Antonio, TX",1940,2109,2333,4,2224,2337,0,1041
2000-01-13,137,"Chicago, IL",SFO,"San Francisco, CA",1030,1035,1320,4,1306,1324,0,1846
2000-01-13,139,"Chicago, IL",SFO,"San Francisco, CA",2220,2221,102,6,51,108,0,1846
2000-01-13,141,"Chicago, IL",SFO,"San Francisco, CA",1210,"","","",1448,"",1,1846
2000-01-13,143,"Chicago, IL",SFO,"San Francisco, CA",1144,1206,1438,2,1407,1440,0,1846
2000-01-13,145,"Chicago, IL",SFO,"San Francisco, CA",930,932,1158,4,1200,1202,0,1846
2000-01-13,147,"Chicago, IL",SFO,"San Francisco, CA",1530,1532,1809,3,1753,1812,0,1846
2000-01-13,149,"Chicago, IL",SFO,"San Francisco, CA",1805,1806,2046,9,2038,2055,0,1846
2000-01-13,151,"Chicago, IL",SFO,"San Francisco, CA",1920,1934,2206,8,2157,2214,0,1846
2000-01-13,155,"Chicago, IL",SFO,"San Francisco, CA",2030,2032,2320,7,2304,2327,0,1846
2000-01-13,157,"Chicago, IL",SFO,"San Francisco, CA",800,800,1039,10,1028,1049,0,1846
2000-01-13,525,"Chicago, IL",SFO,"San Francisco, CA",1925,1944,2229,5,2205,2234,0,1846
2000-01-13,399,"Chicago, IL",SLC,"Salt Lake City, UT",1205,1340,1604,3,1419,1607,0,1249
2000-01-13,533,"Chicago, IL",SLC,"Salt Lake City, UT",1914,1937,2158,3,2123,2201,0,1249
2000-01-13,1439,"Chicago, IL",SLC,"Salt Lake City, UT",914,920,1153,7,1124,1200,0,1249
2000-01-13,1110,"Chicago, IL",TYS,"Knoxville, TN",1314,"","","",1538,"",1,475
2000-01-13,1818,"Chicago, IL",TYS,"Knoxville, TN",2120,2128,2343,3,2347,2346,0,475
2000-01-13,352,"Chicago, IL",ALB,"Albany, NY",1320,1316,1604,3,1614,1607,0,723
2000-01-13,1104,"Chicago, IL",ALB,"Albany, NY",620,618,853,5,910,858,0,723
2000-01-13,1454,"Chicago, IL",ALB,"Albany, NY",1720,1717,1953,5,2014,1958,0,723
2000-01-13,364,"Chicago, IL",ATL,"Atlanta, GA",1914,1912,2139,5,2204,2144,0,606
2000-01-13,446,"Chicago, IL",ATL,"Atlanta, GA",925,926,1155,3,1209,1158,0,606
2000-01-13,527,"Chicago, IL",ATL,"Atlanta, GA",2100,2150,14,6,2345,20,0,606
2000-01-13,796,"Chicago, IL",ATL,"Atlanta, GA",1330,1332,1606,6,1633,1612,0,606
2000-01-13,1268,"Chicago, IL",ATL,"Atlanta, GA",650,656,943,6,941,949,0,606
2000-01-13,1628,"Chicago, IL",ATL,"Atlanta, GA",1035,1055,1325,4,1324,1329,0,606
2000-01-13,1690,"Chicago, IL",ATL,"Atlanta, GA",1655,1755,2030,4,1948,2034,0,606
2000-01-13,1162,"Chicago, IL",BHM,"Birmingham, AL",2125,2127,2301,3,2306,2304,0,584
2000-01-13,1166,"Chicago, IL",BHM,"Birmingham, AL",900,914,1048,3,1040,1051,0,584
2000-01-13,669,"Chicago, IL",CID,"Cedar Rapids/Iowa City, IA",2230,2300,2400,4,2324,4,0,196
2000-01-13,681,"Chicago, IL",CID,"Cedar Rapids/Iowa City, IA",1600,"","","",1655,"",1,196
2000-01-13,743,"Chicago, IL",CID,"Cedar Rapids/Iowa City, IA",1920,1918,2015,5,2018,2020,0,196
2000-01-13,1823,"Chicago, IL",CID,"Cedar Rapids/Iowa City, IA",1145,1211,1302,6,1241,1308,0,196
2000-01-13,1827,"Chicago, IL",CID,"Cedar Rapids/Iowa City, IA",926,942,1031,5,1022,1036,0,196
2000-01-13,1019,"Chicago, IL",COS,"Colorado Springs, CO",1920,2018,2133,6,2045,2139,0,911
2000-01-13,1785,"Chicago, IL",COS,"Colorado Springs, CO",950,1019,1153,5,1121,1158,0,911
2000-01-13,490,"Chicago, IL",CVG,"Cincinnati, OH",739,828,1025,5,948,1030,0,264
2000-01-13,529,"Chicago, IL",CVG,"Cincinnati, OH",2115,"","","",2324,"",1,264
2000-01-13,772,"Chicago, IL",CVG,"Cincinnati, OH",1415,1428,1637,4,1618,1641,0,264
2000-01-13,1140,"Chicago, IL",CVG,"Cincinnati, OH",600,554,751,3,809,754,0,264
2000-01-13,1810,"Chicago, IL",CVG,"Cincinnati, OH",1110,"","","",1311,"",1,264
2000-01-13,1892,"Chicago, IL",CVG,"Cincinnati, OH",1655,1735,1939,3,1901,1942,0,264
2000-01-13,241,"Chicago, IL",DEN,"Denver, CO",600,556,717,4,724,721,0,888
2000-01-13,243,"Chicago, IL",DEN,"Denver, CO",700,706,847,7,829,854,0,888
2000-01-13,245,"Chicago, IL",DEN,"Denver, CO",755,809,947,10,923,957,0,888
2000-01-13,247,"Chicago, IL",DEN,"Denver, CO",910,911,1044,5,1038,1049,0,888
2000-01-13,251,"Chicago, IL",DEN,"Denver, CO",945,1032,1154,6,1117,1200,0,888
2000-01-13,253,"Chicago, IL",DEN,"Denver, CO",1245,1245,1422,6,1418,1428,0,888
2000-01-13,255,"Chicago, IL",DEN,"Denver, CO",1530,1533,1703,11,1701,1714,0,888
2000-01-13,259,"Chicago, IL",DEN,"Denver, CO",1525,1524,1655,7,1656,1702,0,888
2000-01-13,531,"Chicago, IL",DEN,"Denver, CO",2220,2237,1,6,2347,7,0,888
2000-01-13,941,"Chicago, IL",DEN,"Denver, CO",1920,1924,2108,6,2052,2114,0,888
2000-01-13,945,"Chicago, IL",DEN,"Denver, CO",1150,1156,1350,6,1325,1356,0,888
2000-01-13,959,"Chicago, IL",DEN,"Denver, CO",1745,1745,1915,10,1910,1925,0,888
2000-01-13,368,"Chicago, IL",FLL,"Fort Lauderdale, FL",741,744,1124,6,1129,1130,0,1182
2000-01-13,426,"Chicago, IL",FLL,"Fort Lauderdale, FL",2110,2109,38,6,56,44,0,1182
2000-01-13,1948,"Chicago, IL",FLL,"Fort Lauderdale, FL",1415,1414,1749,3,1804,1752,0,1182
2000-01-13,573,"Chicago, IL",IAH,"Houston, TX",914,947,1158,4,1147,1202,0,925
2000-01-13,703,"Chicago, IL",IAH,"Houston, TX",1200,1211,1442,4,1434,1446,0,925
2000-01-13,705,"Chicago, IL",IAH,"Houston, TX",700,657,920,3,932,923,0,925
2000-01-13,1169,"Chicago, IL",IAH,"Houston, TX",1514,1523,1751,5,1746,1756,0,925
2000-01-13,1897,"Chicago, IL",IAH,"Houston, TX",1925,1924,2154,7,2156,2201,0,925
2000-01-13,1957,"Chicago, IL",IAH,"Houston, TX",1750,1750,2008,6,2021,2014,0,925
2000-01-13,670,"Chicago, IL",LGA,"New York, NY",2100,2105,2354,4,2349,2358,0,733
2000-01-13,672,"Chicago, IL",LGA,"New York, NY",1900,1859,2140,9,2157,2149,0,733
2000-01-13,674,"Chicago, IL",LGA,"New York, NY",1800,1808,2053,3,2058,2056,0,733
2000-01-13,676,"Chicago, IL",LGA,"New York, NY",1700,1730,2047,4,2000,2051,0,733
2000-01-13,678,"Chicago, IL",LGA,"New York, NY",1600,"","","",1900,"",1,733
2000-01-13,680,"Chicago, IL",LGA,"New York, NY",1500,1502,1758,12,1758,1810,0,733
2000-01-13,682,"Chicago, IL",LGA,"New York, NY",1400,1412,1704,6,1700,1710,0,733
2000-01-13,342,"Chicago, IL",MCO,"Orlando, FL",2115,2114,26,6,43,32,0,1005
2000-01-13,1044,"Chicago, IL",MCO,"Orlando, FL",1655,1708,2015,4,2014,2019,0,1005
2000-01-13,1500,"Chicago, IL",MCO,"Orlando, FL",1344,1348,1652,4,1709,1656,0,1005
2000-01-13,1614,"Chicago, IL",MCO,"Orlando, FL",1035,1037,1352,6,1358,1358,0,1005
2000-01-13,1832,"Chicago, IL",MCO,"Orlando, FL",800,814,1128,5,1131,1133,0,1005
2000-01-13,299,"Chicago, IL",MSP,"Minneapolis, MN",1145,"","","",1303,"",1,334
2000-01-13,353,"Chicago, IL",MSP,"Minneapolis, MN",744,803,922,6,903,928,0,334
2000-01-13,359,"Chicago, IL",MSP,"Minneapolis, MN",1344,1340,1454,3,1503,1457,0,334
2000-01-13,457,"Chicago, IL",MSP,"Minneapolis, MN",1044,1049,1203,3,1202,1206,0,334
2000-01-13,583,"Chicago, IL",MSP,"Minneapolis, MN",1545,1546,1709,2,1708,1711,0,334
2000-01-13,599,"Chicago, IL",MSP,"Minneapolis, MN",945,954,1105,6,1104,1111,0,334
2000-01-13,719,"Chicago, IL",MSP,"Minneapolis, MN",1444,1509,1623,3,1604,1626,0,334
2000-01-13,765,"Chicago, IL",MSP,"Minneapolis, MN",1644,1642,1811,3,1805,1814,0,334
2000-01-13,799,"Chicago, IL",MSP,"Minneapolis, MN",645,643,755,7,808,802,0,334
2000-01-13,1067,"Chicago, IL",MSP,"Minneapolis, MN",1744,1742,1855,9,1912,1904,0,334
2000-01-13,1107,"Chicago, IL",MSP,"Minneapolis, MN",1945,2013,2132,4,2103,2136,0,334
2000-01-13,1139,"Chicago, IL",MSP,"Minneapolis, MN",1845,"","","",2007,"",1,334
2000-01-13,1583,"Chicago, IL",MSP,"Minneapolis, MN",1245,1242,1403,3,1404,1406,0,334
2000-01-13,1889,"Chicago, IL",MSP,"Minneapolis, MN",2225,2224,2334,6,2341,2340,0,334
2000-01-13,1917,"Chicago, IL",MSP,"Minneapolis, MN",845,916,1030,3,1008,1033,0,334
2000-01-13,535,"Chicago, IL",OMA,"Omaha, NE",1210,1223,1345,2,1334,1347,0,416
2000-01-13,635,"Chicago, IL",OMA,"Omaha, NE",816,815,950,2,940,952,0,416
2000-01-13,775,"Chicago, IL",OMA,"Omaha, NE",1950,2022,2146,4,2117,2150,0,416
2000-01-13,1129,"Chicago, IL",OMA,"Omaha, NE",912,950,1110,2,1031,1112,0,416
2000-01-13,1499,"Chicago, IL",OMA,"Omaha, NE",1540,1539,1707,2,1700,1709,0,416
2000-01-13,1149,"Chicago, IL",ONT,"Ontario, CA",1914,1956,2209,4,2131,2213,0,1700
2000-01-13,1733,"Chicago, IL",ONT,"Ontario, CA",1155,1152,1431,3,1413,1434,0,1700
2000-01-13,1850,"Chicago, IL",PHL,"Philadelphia, PA",600,555,828,7,854,835,0,678
2000-01-13,1852,"Chicago, IL",PHL,"Philadelphia, PA",700,701,932,7,949,939,0,678
2000-01-13,1854,"Chicago, IL",PHL,"Philadelphia, PA",815,812,1103,5,1102,1108,0,678
2000-01-13,1856,"Chicago, IL",PHL,"Philadelphia, PA",900,923,1153,8,1149,1201,0,678
2000-01-13,1858,"Chicago, IL",PHL,"Philadelphia, PA",1000,1000,1243,5,1249,1248,0,678
2000-01-13,1860,"Chicago, IL",PHL,"Philadelphia, PA",1100,"","","",1349,"",1,678
2000-01-13,1862,"Chicago, IL",PHL,"Philadelphia, PA",1200,1159,1509,4,1449,1513,0,678
2000-01-13,1864,"Chicago, IL",PHL,"Philadelphia, PA",1310,1306,1554,6,1607,1600,0,678
2000-01-13,1866,"Chicago, IL",PHL,"Philadelphia, PA",1410,1410,1658,8,1706,1706,0,678
2000-01-13,1868,"Chicago, IL",PHL,"Philadelphia, PA",1600,"","","",1854,"",1,678
2000-01-13,1872,"Chicago, IL",PHL,"Philadelphia, PA",1700,1701,1942,5,1958,1947,0,678
2000-01-13,1874,"Chicago, IL",PHL,"Philadelphia, PA",1800,1759,2048,4,2050,2052,0,678
2000-01-13,1876,"Chicago, IL",PHL,"Philadelphia, PA",1900,2009,2238,3,2150,2241,0,678
2000-01-13,1878,"Chicago, IL",PHL,"Philadelphia, PA",2050,2258,135,5,2334,140,0,678
2000-01-13,345,"Chicago, IL",PHX,"Phoenix, AZ",1144,1143,1421,4,1423,1425,0,1440
2000-01-13,423,"Chicago, IL",PHX,"Phoenix, AZ",1514,1550,1832,3,1757,1835,0,1440
2000-01-13,667,"Chicago, IL",PHX,"Phoenix, AZ",1935,1937,2210,4,2213,2214,0,1440
2000-01-13,1273,"Chicago, IL",PHX,"Phoenix, AZ",1805,1846,2112,5,2037,2117,0,1440
2000-01-13,1419,"Chicago, IL",PHX,"Phoenix, AZ",920,928,1233,5,1159,1238,0,1440
2000-01-13,1969,"Chicago, IL",PHX,"Phoenix, AZ",750,754,1045,5,1029,1050,0,1440
2000-01-13,546,"Chicago, IL",PVD,"Providence, RI",1714,1756,2147,6,2021,2153,0,849
2000-01-13,1276,"Chicago, IL",PVD,"Providence, RI",850,848,1146,7,1152,1153,0,849
2000-01-13,1734,"Chicago, IL",PVD,"Providence, RI",1308,1306,1556,5,1613,1601,0,849
2000-01-13,798,"Chicago, IL",PWM,"Portland, ME",2045,2038,2338,5,2357,2343,0,900
2000-01-13,1130,"Chicago, IL",PWM,"Portland, ME",1310,"","","",1619,"",1,900
2000-01-13,1230,"Chicago, IL",PWM,"Portland, ME",740,746,1036,3,1043,1039,0,900
2000-01-13,586,"Chicago, IL",RDU,"Raleigh/Durham, NC",1330,1331,1557,4,1618,1601,0,647
2000-01-13,588,"Chicago, IL",RDU,"Raleigh/Durham, NC",2100,2055,2324,3,2347,2327,0,647
2000-01-13,1108,"Chicago, IL",RDU,"Raleigh/Durham, NC",1644,1647,1914,4,1931,1918,0,647
2000-01-13,1114,"Chicago, IL",RDU,"Raleigh/Durham, NC",625,623,854,4,912,858,0,647
2000-01-13,590,"Chicago, IL",SDF,"Louisville, KY",2115,2115,2325,3,2324,2328,0,286
2000-01-13,1650,"Chicago, IL",SDF,"Louisville, KY",1355,"","","",1602,"",1,286
2000-01-13,271,"Chicago, IL",SJC,"San Jose, CA",920,929,1219,4,1152,1223,0,1830
2000-01-13,559,"Chicago, IL",SJC,"San Jose, CA",1535,1546,1822,5,1803,1827,0,1830
2000-01-13,661,"Chicago, IL",SJC,"San Jose, CA",1935,2021,2305,5,2209,2310,0,1830
2000-01-13,691,"Chicago, IL",SJC,"San Jose, CA",1205,1208,1507,5,1437,1512,0,1830
2000-01-13,324,"Chicago, IL",TPA,"Tampa, FL",1030,1128,1432,3,1352,1435,0,1012
2000-01-13,1070,"Chicago, IL",TPA,"Tampa, FL",1725,1801,2109,3,2050,2112,0,1012
2000-01-13,1090,"Chicago, IL",TPA,"Tampa, FL",1316,1316,1629,5,1641,1634,0,1012
2000-01-13,1676,"Chicago, IL",TPA,"Tampa, FL",739,737,1057,3,1110,1100,0,1012
2000-01-13,1930,"Chicago, IL",TPA,"Tampa, FL",2115,2121,43,2,45,45,0,1012
2000-01-14,560,"Chicago, IL",BNA,"Nashville, TN",740,740,846,4,902,850,0,409
2000-01-14,1050,"Chicago, IL",BNA,"Nashville, TN",1914,1914,2018,8,2034,2026,0,409
2000-01-14,1550,"Chicago, IL",BNA,"Nashville, TN",1444,1443,1549,3,1601,1552,0,409
2000-01-14,1069,"Chicago, IL",BOI,"Boise, ID",1914,1916,2216,2,2157,2218,0,1437
2000-01-14,418,"Chicago, IL",BWI,"Baltimore, MD",1115,1117,1350,2,1354,1352,0,621
2000-01-14,756,"Chicago, IL",BWI,"Baltimore, MD",2100,2057,2333,2,2343,2335,0,621
2000-01-14,770,"Chicago, IL",BWI,"Baltimore, MD",1705,1703,1948,5,1948,1953,0,621
2000-01-14,1298,"Chicago, IL",BWI,"Baltimore, MD",1325,1325,1614,3,1613,1617,0,621
2000-01-14,1428,"Chicago, IL",BWI,"Baltimore, MD",605,601,842,3,845,845,0,621
2000-01-14,432,"Chicago, IL",CLT,"Charlotte, NC",1314,1312,1550,3,1554,1553,0,599
2000-01-14,462,"Chicago, IL",CLT,"Charlotte, NC",615,613,842,2,855,844,0,599
2000-01-14,536,"Chicago, IL",CLT,"Charlotte, NC",1645,1719,1937,3,1921,1940,0,599
2000-01-14,1616,"Chicago, IL",CLT,"Charlotte, NC",2045,2053,2323,4,2325,2327,0,599
2000-01-14,515,"Chicago, IL",DAY,"Dayton, OH",1410,1407,1605,3,1610,1608,0,240
2000-01-14,657,"Chicago, IL",DAY,"Dayton, OH",2115,2115,2315,3,2318,2318,0,240
2000-01-14,1128,"Chicago, IL",DAY,"Dayton, OH",1120,1116,1305,2,1319,1307,0,240
2000-01-14,1552,"Chicago, IL",DAY,"Dayton, OH",800,757,953,5,1000,958,0,240
2000-01-14,1754,"Chicago, IL",DAY,"Dayton, OH",1705,1703,1859,6,1907,1905,0,240
2000-01-14,302,"Chicago, IL",DTW,"Detroit, MI",1040,1052,1251,5,1249,1256,0,235
2000-01-14,350,"Chicago, IL",DTW,"Detroit, MI",1710,1708,1913,5,1923,1918,0,235
2000-01-14,396,"Chicago, IL",DTW,"Detroit, MI",1309,1309,1534,4,1524,1538,0,235
2000-01-14,440,"Chicago, IL",DTW,"Detroit, MI",750,748,952,4,1001,956,0,235
2000-01-14,454,"Chicago, IL",DTW,"Detroit, MI",630,632,833,5,834,838,0,235
2000-01-14,671,"Chicago, IL",DTW,"Detroit, MI",2115,2204,2357,6,2320,3,0,235
2000-01-14,1425,"Chicago, IL",GEG,"Spokane, WA",1920,2000,2224,4,2118,2228,0,1498
2000-01-14,422,"Chicago, IL",GRR,"Grand Rapids, MI",1925,1927,2113,2,2112,2115,0,137
2000-01-14,494,"Chicago, IL",GRR,"Grand Rapids, MI",851,849,1029,3,1036,1032,0,137
2000-01-14,633,"Chicago, IL",GRR,"Grand Rapids, MI",2115,2109,2258,5,2303,2303,0,137
2000-01-14,1260,"Chicago, IL",GRR,"Grand Rapids, MI",1444,1444,1631,3,1630,1634,0,137
2000-01-14,1446,"Chicago, IL",GRR,"Grand Rapids, MI",1144,1146,1329,4,1329,1333,0,137
2000-01-14,540,"Chicago, IL",GSO,"Greensboro/High Point, NC",900,858,1117,3,1138,1120,0,590
2000-01-14,750,"Chicago, IL",GSO,"Greensboro/High Point, NC",1744,1952,2223,4,2019,2227,0,590
2000-01-14,1538,"Chicago, IL",GSO,"Greensboro/High Point, NC",1420,1418,1641,2,1658,1643,0,590
2000-01-14,392,"Chicago, IL",MDT,"Harrisburg, PA",1714,1726,2002,3,1949,2005,0,594
2000-01-14,482,"Chicago, IL",MDT,"Harrisburg, PA",900,924,1148,2,1140,1150,0,594
2000-01-14,542,"Chicago, IL",MDT,"Harrisburg, PA",1314,1317,1553,3,1554,1556,0,594
2000-01-14,728,"Chicago, IL",MDT,"Harrisburg, PA",2100,2100,2346,6,2340,2352,0,594
2000-01-14,869,"Chicago, IL",MIA,"Miami, FL",1450,1505,1904,6,1839,1910,0,1197
2000-01-14,1088,"Chicago, IL",MIA,"Miami, FL",739,739,1111,6,1130,1117,0,1197
2000-01-14,1636,"Chicago, IL",MIA,"Miami, FL",1030,1032,1402,7,1415,1409,0,1197
2000-01-14,1984,"Chicago, IL",MIA,"Miami, FL",1805,1806,2138,6,2150,2144,0,1197
2000-01-14,647,"Chicago, IL",MKE,"Milwaukee, WI",1414,1413,1454,4,1451,1458,0,67
2000-01-14,1564,"Chicago, IL",MKE,"Milwaukee, WI",2230,2227,2303,4,2307,2307,0,67
2000-01-14,675,"Chicago, IL",MSN,"Madison, WI",2055,2051,2150,5,2141,2155,0,109
2000-01-14,1249,"Chicago, IL",MSN,"Madison, WI",2230,2228,2309,2,2315,2311,0,109
2000-01-14,1581,"Chicago, IL",MSN,"Madison, WI",1410,1409,1453,2,1451,1455,0,109
2000-01-14,367,"Chicago, IL",MSY,"New Orleans, LA",1200,1159,1402,5,1409,1407,0,837
2000-01-14,1789,"Chicago, IL",MSY,"New Orleans, LA",1930,1934,2140,4,2140,2144,0,837
2000-01-14,1867,"Chicago, IL",MSY,"New Orleans, LA",1000,1002,1150,3,1211,1153,0,837
2000-01-14,503,"Chicago, IL",PDX,"Portland, OR",1745,1748,2051,4,2007,2055,0,1739
2000-01-14,569,"Chicago, IL",PDX,"Portland, OR",1544,1549,1820,3,1800,1823,0,1739
2000-01-14,577,"Chicago, IL",PDX,"Portland, OR",1914,1917,2232,4,2140,2236,0,1739
2000-01-14,1401,"Chicago, IL",PDX,"Portland, OR",1200,1204,1506,2,1431,1508,0,1739
2000-01-14,1891,"Chicago, IL",PDX,"Portland, OR",945,1035,1325,4,1212,1329,0,1739
2000-01-14,749,"Chicago, IL",SAT,"San Antonio, TX",925,925,1152,3,1208,1155,0,1041
2000-01-14,1415,"Chicago, IL",SAT,"San Antonio, TX",1940,2054,2331,4,2224,2335,0,1041
2000-01-14,137,"Chicago, IL",SFO,"San Francisco, CA",1030,1027,1301,5,1306,1306,0,1846
2000-01-14,139,"Chicago, IL",SFO,"San Francisco, CA",2220,2217,53,6,51,59,0,1846
2000-01-14,141,"Chicago, IL",SFO,"San Francisco, CA",1210,1217,1501,4,1448,1505,0,1846
2000-01-14,143,"Chicago, IL",SFO,"San Francisco, CA",1144,1145,1408,8,1407,1416,0,1846
2000-01-14,145,"Chicago, IL",SFO,"San Francisco, CA",930,931,1151,4,1200,1155,0,1846
2000-01-14,147,"Chicago, IL",SFO,"San Francisco, CA",1530,1530,1749,7,1753,1756,0,1846
2000-01-14,149,"Chicago, IL",SFO,"San Francisco, CA",1805,1826,2048,7,2038,2055,0,1846
2000-01-14,151,"Chicago, IL",SFO,"San Francisco, CA",1920,1931,2200,4,2157,2204,0,1846
2000-01-14,155,"Chicago, IL",SFO,"San Francisco, CA",2030,2043,2310,7,2304,2317,0,1846
2000-01-14,157,"Chicago, IL",SFO,"San Francisco, CA",800,759,1028,4,1028,1032,0,1846
2000-01-14,525,"Chicago, IL",SFO,"San Francisco, CA",1925,1934,2209,5,2205,2214,0,1846
2000-01-14,399,"Chicago, IL",SLC,"Salt Lake City, UT",1205,1203,1431,3,1419,1434,0,1249
2000-01-14,533,"Chicago, IL",SLC,"Salt Lake City, UT",1914,1925,2205,3,2123,2208,0,1249
2000-01-14,1439,"Chicago, IL",SLC,"Salt Lake City, UT",914,1008,1217,1,1124,1218,0,1249
2000-01-14,1110,"Chicago, IL",TYS,"Knoxville, TN",1314,1309,1518,2,1538,1520,0,475
2000-01-14,1818,"Chicago, IL",TYS,"Knoxville, TN",2120,2123,2336,5,2347,2341,0,475
2000-01-14,352,"Chicago, IL",ALB,"Albany, NY",1320,1319,1612,3,1614,1615,0,723
2000-01-14,1104,"Chicago, IL",ALB,"Albany, NY",620,618,909,4,910,913,0,723
2000-01-14,1454,"Chicago, IL",ALB,"Albany, NY",1720,1717,2010,4,2014,2014,0,723
2000-01-14,364,"Chicago, IL",ATL,"Atlanta, GA",1914,1915,2149,9,2204,2158,0,606
2000-01-14,446,"Chicago, IL",ATL,"Atlanta, GA",925,928,1158,6,1209,1204,0,606
2000-01-14,527,"Chicago, IL",ATL,"Atlanta, GA",2100,2058,2327,11,2345,2338,0,606
2000-01-14,796,"Chicago, IL",ATL,"Atlanta, GA",1330,1328,1607,10,1633,1617,0,606
2000-01-14,1268,"Chicago, IL",ATL,"Atlanta, GA",650,650,923,6,941,929,0,606
2000-01-14,1628,"Chicago, IL",ATL,"Atlanta, GA",1035,1042,1306,4,1324,1310,0,606
2000-01-14,1690,"Chicago, IL",ATL,"Atlanta, GA",1655,1659,1930,6,1948,1936,0,606
2000-01-14,1162,"Chicago, IL",BHM,"Birmingham, AL",2125,2139,2305,4,2306,2309,0,584
2000-01-14,1166,"Chicago, IL",BHM,"Birmingham, AL",900,922,1054,3,1040,1057,0,584
2000-01-14,669,"Chicago, IL",CID,"Cedar Rapids/Iowa City, IA",2230,2308,2354,6,2324,2400,0,196
2000-01-14,681,"Chicago, IL",CID,"Cedar Rapids/Iowa City, IA",1600,1610,1708,3,1655,1711,0,196
2000-01-14,743,"Chicago, IL",CID,"Cedar Rapids/Iowa City, IA",1920,1920,2020,3,2018,2023,0,196
2000-01-14,1823,"Chicago, IL",CID,"Cedar Rapids/Iowa City, IA",1145,1142,1233,4,1241,1237,0,196
2000-01-14,1827,"Chicago, IL",CID,"Cedar Rapids/Iowa City, IA",926,924,1018,3,1022,1021,0,196
2000-01-14,1019,"Chicago, IL",COS,"Colorado Springs, CO",1920,1931,2050,7,2045,2057,0,911
2000-01-14,1785,"Chicago, IL",COS,"Colorado Springs, CO",950,948,1113,4,1121,1117,0,911
2000-01-14,490,"Chicago, IL",CVG,"Cincinnati, OH",739,736,934,5,948,939,0,264
2000-01-14,529,"Chicago, IL",CVG,"Cincinnati, OH",2115,2119,2315,9,2324,2324,0,264
2000-01-14,772,"Chicago, IL",CVG,"Cincinnati, OH",1415,1413,1604,5,1618,1609,0,264
2000-01-14,1140,"Chicago, IL",CVG,"Cincinnati, OH",600,611,823,4,809,827,0,264
2000-01-14,1810,"Chicago, IL",CVG,"Cincinnati, OH",1110,1110,1305,7,1311,1312,0,264
2000-01-14,1892,"Chicago, IL",CVG,"Cincinnati, OH",1655,1707,1907,2,1901,1909,0,264
2000-01-14,241,"Chicago, IL",DEN,"Denver, CO",600,601,725,7,724,732,0,888
2000-01-14,243,"Chicago, IL",DEN,"Denver, CO",700,704,840,6,829,846,0,888
2000-01-14,245,"Chicago, IL",DEN,"Denver, CO",755,754,915,7,923,922,0,888
2000-01-14,247,"Chicago, IL",DEN,"Denver, CO",910,911,1043,4,1038,1047,0,888
2000-01-14,251,"Chicago, IL",DEN,"Denver, CO",945,942,1114,7,1117,1121,0,888
2000-01-14,253,"Chicago, IL",DEN,"Denver, CO",1245,1243,1412,6,1418,1418,0,888
2000-01-14,255,"Chicago, IL",DEN,"Denver, CO",1530,1532,1658,7,1701,1705,0,888
2000-01-14,259,"Chicago, IL",DEN,"Denver, CO",1525,1528,1651,7,1656,1658,0,888
2000-01-14,531,"Chicago, IL",DEN,"Denver, CO",2220,2235,2353,5,2347,2358,0,888
2000-01-14,941,"Chicago, IL",DEN,"Denver, CO",1920,1922,2050,7,2052,2057,0,888
2000-01-14,945,"Chicago, IL",DEN,"Denver, CO",1150,1213,1349,7,1325,1356,0,888
2000-01-14,959,"Chicago, IL",DEN,"Denver, CO",1745,1744,1909,5,1910,1914,0,888
2000-01-14,368,"Chicago, IL",FLL,"Fort Lauderdale, FL",741,745,1116,4,1129,1120,0,1182
2000-01-14,426,"Chicago, IL",FLL,"Fort Lauderdale, FL",2110,2108,37,5,56,42,0,1182
2000-01-14,1948,"Chicago, IL",FLL,"Fort Lauderdale, FL",1415,1416,1746,7,1804,1753,0,1182
2000-01-14,573,"Chicago, IL",IAH,"Houston, TX",914,912,1126,5,1147,1131,0,925
2000-01-14,703,"Chicago, IL",IAH,"Houston, TX",1200,1156,1413,6,1434,1419,0,925
2000-01-14,705,"Chicago, IL",IAH,"Houston, TX",700,656,918,6,932,924,0,925
2000-01-14,1169,"Chicago, IL",IAH,"Houston, TX",1514,1517,1736,5,1746,1741,0,925
2000-01-14,1897,"Chicago, IL",IAH,"Houston, TX",1925,1934,2149,4,2156,2153,0,925
2000-01-14,1957,"Chicago, IL",IAH,"Houston, TX",1750,1756,2010,5,2021,2015,0,925
2000-01-14,1780,"Chicago, IL",JFK,"New York, NY",2235,2231,112,4,140,116,0,740
2000-01-14,670,"Chicago, IL",LGA,"New York, NY",2100,2154,33,3,2349,36,0,733
2000-01-14,672,"Chicago, IL",LGA,"New York, NY",1900,1951,2241,2,2157,2243,0,733
2000-01-14,674,"Chicago, IL",LGA,"New York, NY",1800,1802,2058,5,2058,2103,0,733
2000-01-14,676,"Chicago, IL",LGA,"New York, NY",1700,1951,2246,4,2000,2250,0,733
2000-01-14,678,"Chicago, IL",LGA,"New York, NY",1600,1628,1925,3,1900,1928,0,733
2000-01-14,680,"Chicago, IL",LGA,"New York, NY",1500,1514,1914,3,1758,1917,0,733
2000-01-14,682,"Chicago, IL",LGA,"New York, NY",1400,1444,1749,4,1700,1753,0,733
2000-01-14,342,"Chicago, IL",MCO,"Orlando, FL",2115,2115,27,6,43,33,0,1005
2000-01-14,1044,"Chicago, IL",MCO,"Orlando, FL",1655,1653,1958,6,2014,2004,0,1005
2000-01-14,1500,"Chicago, IL",MCO,"Orlando, FL",1344,1341,1656,6,1709,1702,0,1005
2000-01-14,1614,"Chicago, IL",MCO,"Orlando, FL",1035,1035,1347,6,1358,1353,0,1005
2000-01-14,1832,"Chicago, IL",MCO,"Orlando, FL",800,758,1114,6,1131,1120,0,1005
2000-01-14,299,"Chicago, IL",MSP,"Minneapolis, MN",1145,1209,1330,4,1303,1334,0,334
2000-01-14,353,"Chicago, IL",MSP,"Minneapolis, MN",744,746,917,3,903,920,0,334
2000-01-14,359,"Chicago, IL",MSP,"Minneapolis, MN",1344,1344,1513,3,1503,1516,0,334
2000-01-14,457,"Chicago, IL",MSP,"Minneapolis, MN",1044,1042,1210,4,1202,1214,0,334
2000-01-14,583,"Chicago, IL",MSP,"Minneapolis, MN",1544,1610,1743,6,1707,1749,0,334
2000-01-14,599,"Chicago, IL",MSP,"Minneapolis, MN",945,943,1105,3,1104,1108,0,334
2000-01-14,719,"Chicago, IL",MSP,"Minneapolis, MN",1444,1528,1652,3,1604,1655,0,334
2000-01-14,765,"Chicago, IL",MSP,"Minneapolis, MN",1644,1653,1827,7,1805,1834,0,334
2000-01-14,799,"Chicago, IL",MSP,"Minneapolis, MN",645,643,815,7,808,822,0,334
2000-01-14,1067,"Chicago, IL",MSP,"Minneapolis, MN",1744,1751,1930,4,1912,1934,0,334
2000-01-14,1107,"Chicago, IL",MSP,"Minneapolis, MN",1945,1945,2118,12,2103,2130,0,334
2000-01-14,1139,"Chicago, IL",MSP,"Minneapolis, MN",1845,1846,2000,9,2007,2009,0,334
2000-01-14,1583,"Chicago, IL",MSP,"Minneapolis, MN",1245,1241,1410,4,1404,1414,0,334
2000-01-14,1889,"Chicago, IL",MSP,"Minneapolis, MN",2225,2223,2330,4,2341,2334,0,334
2000-01-14,1917,"Chicago, IL",MSP,"Minneapolis, MN",845,853,1026,2,1008,1028,0,334
2000-01-14,535,"Chicago, IL",OMA,"Omaha, NE",1210,1324,1442,3,1334,1445,0,416
2000-01-14,635,"Chicago, IL",OMA,"Omaha, NE",816,817,943,2,940,945,0,416
2000-01-14,775,"Chicago, IL",OMA,"Omaha, NE",1950,1951,2132,3,2117,2135,0,416
2000-01-14,1129,"Chicago, IL",OMA,"Omaha, NE",912,912,1031,3,1031,1034,0,416
2000-01-14,1499,"Chicago, IL",OMA,"Omaha, NE",1540,1538,1701,4,1700,1705,0,416
2000-01-14,1149,"Chicago, IL",ONT,"Ontario, CA",1914,1919,2129,3,2131,2132,0,1700
2000-01-14,1733,"Chicago, IL",ONT,"Ontario, CA",1155,1201,1436,2,1413,1438,0,1700
2000-01-14,1850,"Chicago, IL",PHL,"Philadelphia, PA",600,555,854,4,854,858,0,678
2000-01-14,1852,"Chicago, IL",PHL,"Philadelphia, PA",700,658,936,3,949,939,0,678
2000-01-14,1854,"Chicago, IL",PHL,"Philadelphia, PA",815,814,1059,7,1102,1106,0,678
2000-01-14,1856,"Chicago, IL",PHL,"Philadelphia, PA",900,858,1138,4,1149,1142,0,678
2000-01-14,1858,"Chicago, IL",PHL,"Philadelphia, PA",1000,957,1248,6,1249,1254,0,678
2000-01-14,1860,"Chicago, IL",PHL,"Philadelphia, PA",1100,1056,1328,6,1349,1334,0,678
2000-01-14,1862,"Chicago, IL",PHL,"Philadelphia, PA",1200,1158,1450,4,1449,1454,0,678
2000-01-14,1864,"Chicago, IL",PHL,"Philadelphia, PA",1310,1308,1554,4,1607,1558,0,678
2000-01-14,1866,"Chicago, IL",PHL,"Philadelphia, PA",1410,1407,1648,4,1706,1652,0,678
2000-01-14,1868,"Chicago, IL",PHL,"Philadelphia, PA",1600,1557,1847,5,1854,1852,0,678
2000-01-14,1872,"Chicago, IL",PHL,"Philadelphia, PA",1700,1658,1942,4,1958,1946,0,678
2000-01-14,1874,"Chicago, IL",PHL,"Philadelphia, PA",1800,1757,2047,4,2050,2051,0,678
2000-01-14,1876,"Chicago, IL",PHL,"Philadelphia, PA",1900,1914,2154,4,2150,2158,0,678
2000-01-14,1878,"Chicago, IL",PHL,"Philadelphia, PA",2050,2048,2328,3,2334,2331,0,678
2000-01-14,345,"Chicago, IL",PHX,"Phoenix, AZ",1144,1146,1430,3,1423,1433,0,1440
2000-01-14,423,"Chicago, IL",PHX,"Phoenix, AZ",1514,1526,1805,4,1757,1809,0,1440
2000-01-14,667,"Chicago, IL",PHX,"Phoenix, AZ",1935,1933,2208,5,2213,2213,0,1440
2000-01-14,1273,"Chicago, IL",PHX,"Phoenix, AZ",1805,1822,2047,5,2037,2052,0,1440
2000-01-14,1419,"Chicago, IL",PHX,"Phoenix, AZ",920,1105,1336,5,1159,1341,0,1440
2000-01-14,1969,"Chicago, IL",PHX,"Phoenix, AZ",750,752,1028,6,1029,1034,0,1440
2000-01-14,546,"Chicago, IL",PVD,"Providence, RI",1715,1711,2014,4,2022,2018,0,849
2000-01-14,1276,"Chicago, IL",PVD,"Providence, RI",850,848,1141,5,1152,1146,0,849
2000-01-14,1734,"Chicago, IL",PVD,"Providence, RI",1308,1311,1617,4,1613,1621,0,849
2000-01-14,798,"Chicago, IL",PWM,"Portland, ME",2045,2111,18,3,2357,21,0,900
2000-01-14,1130,"Chicago, IL",PWM,"Portland, ME",1310,1307,1612,2,1619,1614,0,900
2000-01-14,1230,"Chicago, IL",PWM,"Portland, ME",740,738,1032,3,1043,1035,0,900
2000-01-14,586,"Chicago, IL",RDU,"Raleigh/Durham, NC",1330,1330,1608,5,1618,1613,0,647
2000-01-14,588,"Chicago, IL",RDU,"Raleigh/Durham, NC",2100,2059,2336,10,2347,2346,0,647
2000-01-14,1108,"Chicago, IL",RDU,"Raleigh/Durham, NC",1644,1646,1918,6,1931,1924,0,647
2000-01-14,1114,"Chicago, IL",RDU,"Raleigh/Durham, NC",625,622,903,3,912,906,0,647
2000-01-14,590,"Chicago, IL",SDF,"Louisville, KY",2115,2115,2315,3,2324,2318,0,286
2000-01-14,1650,"Chicago, IL",SDF,"Louisville, KY",1355,1355,1553,6,1602,1559,0,286
2000-01-14,271,"Chicago, IL",SJC,"San Jose, CA",920,1005,1235,3,1152,1238,0,1830
2000-01-14,559,"Chicago, IL",SJC,"San Jose, CA",1535,1538,1758,6,1803,1804,0,1830
2000-01-14,661,"Chicago, IL",SJC,"San Jose, CA",1935,1941,2222,6,2209,2228,0,1830
2000-01-14,691,"Chicago, IL",SJC,"San Jose, CA",1205,1218,1505,5,1437,1510,0,1830
2000-01-14,324,"Chicago, IL",TPA,"Tampa, FL",1030,1147,1448,2,1352,1450,0,1012
2000-01-14,1070,"Chicago, IL",TPA,"Tampa, FL",1725,1729,2037,2,2050,2039,0,1012
2000-01-14,1090,"Chicago, IL",TPA,"Tampa, FL",1316,1315,1631,2,1641,1633,0,1012
2000-01-14,1676,"Chicago, IL",TPA,"Tampa, FL",739,741,1054,2,1110,1056,0,1012
2000-01-14,1930,"Chicago, IL",TPA,"Tampa, FL",2115,2116,32,3,45,35,0,1012
2000-01-14,1122,"Chicago, IL",ABE,"Allentown/Bethlehem/Easton, PA",1650,1648,1925,2,1934,1927,0,654
2000-01-14,1656,"Chicago, IL",ABE,"Allentown/Bethlehem/Easton, PA",1410,1407,1637,2,1656,1639,0,654
2000-01-14,373,"Chicago, IL",AUS,"Austin, TX",1914,1929,2201,4,2155,2205,0,978
2000-01-14,589,"Chicago, IL",AUS,"Austin, TX",922,919,1141,3,1202,1144,0,978
2000-01-14,394,"Chicago, IL",BDL,"Hartford, CT",1650,1651,1944,5,1950,1949,0,783
2000-01-14,398,"Chicago, IL",BDL,"Hartford, CT",910,930,1225,6,1204,1231,0,783
2000-01-14,1126,"Chicago, IL",BDL,"Hartford, CT",2050,2058,2356,7,2351,3,0,783
2000-01-14,1228,"Chicago, IL",BDL,"Hartford, CT",1320,1319,1620,7,1621,1627,0,783
2000-01-14,1404,"Chicago, IL",BDL,"Hartford, CT",1035,1036,1328,6,1332,1334,0,783
2000-01-14,1522,"Chicago, IL",BDL,"Hartford, CT",600,602,857,5,856,902,0,783
2000-01-14,502,"Chicago, IL",BOS,"Boston, MA",645,643,952,4,956,956,0,867
2000-01-14,504,"Chicago, IL",BOS,"Boston, MA",744,744,1054,19,1053,1113,0,867
2000-01-14,506,"Chicago, IL",BOS,"Boston, MA",845,853,1210,5,1154,1215,0,867
2000-01-14,508,"Chicago, IL",BOS,"Boston, MA",945,"","","",1254,"",1,867
2000-01-14,512,"Chicago, IL",BOS,"Boston, MA",1144,"","","",1457,"",1,867
2000-01-14,514,"Chicago, IL",BOS,"Boston, MA",1245,1331,1701,4,1554,1705,0,867
2000-01-14,516,"Chicago, IL",BOS,"Boston, MA",1644,1710,2048,3,1959,2051,0,867
2000-01-14,518,"Chicago, IL",BOS,"Boston, MA",1344,"","","",1707,"",1,867
2000-01-14,522,"Chicago, IL",BOS,"Boston, MA",1544,"","","",1858,"",1,867
2000-01-14,524,"Chicago, IL",BOS,"Boston, MA",1744,1815,2136,14,2059,2150,0,867
2000-01-14,526,"Chicago, IL",BOS,"Boston, MA",1845,1857,2220,5,2156,2225,0,867
2000-01-14,528,"Chicago, IL",BOS,"Boston, MA",1444,1440,1821,5,1759,1826,0,867
2000-01-14,884,"Chicago, IL",BOS,"Boston, MA",1044,1106,1412,4,1355,1416,0,867
2000-01-14,1018,"Chicago, IL",BOS,"Boston, MA",2045,2048,1,7,2355,8,0,867
2000-01-14,138,"Chicago, IL",CMH,"Columbus, OH",1310,1309,1519,5,1516,1524,0,296
2000-01-14,601,"Chicago, IL",CMH,"Columbus, OH",805,802,1009,4,1010,1013,0,296
2000-01-14,1118,"Chicago, IL",CMH,"Columbus, OH",655,700,859,5,901,904,0,296
2000-01-14,1452,"Chicago, IL",CMH,"Columbus, OH",1105,1102,1301,5,1310,1306,0,296
2000-01-14,1518,"Chicago, IL",CMH,"Columbus, OH",1644,1733,1940,5,1854,1945,0,296
2000-01-14,1548,"Chicago, IL",CMH,"Columbus, OH",2115,2122,2327,6,2325,2333,0,296
2000-01-14,600,"Chicago, IL",DCA,"Washington, DC",630,627,907,2,907,909,0,612
2000-01-14,602,"Chicago, IL",DCA,"Washington, DC",730,727,1008,2,1010,1010,0,612
2000-01-14,604,"Chicago, IL",DCA,"Washington, DC",830,835,1100,1,1111,1101,0,612
2000-01-14,606,"Chicago, IL",DCA,"Washington, DC",930,928,1206,2,1209,1208,0,612
2000-01-14,608,"Chicago, IL",DCA,"Washington, DC",1030,1027,1259,1,1309,1300,0,612
2000-01-14,610,"Chicago, IL",DCA,"Washington, DC",1130,1137,1404,2,1403,1406,0,612
2000-01-14,612,"Chicago, IL",DCA,"Washington, DC",1230,1227,1455,2,1506,1457,0,612
2000-01-14,614,"Chicago, IL",DCA,"Washington, DC",1314,1334,1624,2,1558,1626,0,612
2000-01-14,616,"Chicago, IL",DCA,"Washington, DC",1330,1328,1620,2,1617,1622,0,612
2000-01-14,618,"Chicago, IL",DCA,"Washington, DC",1430,1458,1730,2,1711,1732,0,612
2000-01-14,620,"Chicago, IL",DCA,"Washington, DC",1530,1543,1807,16,1810,1823,0,612
2000-01-14,622,"Chicago, IL",DCA,"Washington, DC",1630,1628,1852,15,1908,1907,0,612
2000-01-14,624,"Chicago, IL",DCA,"Washington, DC",1700,1701,1939,2,1947,1941,0,612
2000-01-14,626,"Chicago, IL",DCA,"Washington, DC",1730,1725,2004,11,2016,2015,0,612
2000-01-14,628,"Chicago, IL",DCA,"Washington, DC",1830,1829,2103,3,2108,2106,0,612
2000-01-14,630,"Chicago, IL",DCA,"Washington, DC",1930,1930,2200,2,2208,2202,0,612
2000-01-14,632,"Chicago, IL",DCA,"Washington, DC",2045,2045,2315,3,2323,2318,0,612
2000-01-14,321,"Chicago, IL",DFW,"Dallas/Fort Worth, TX",945,942,1145,13,1208,1158,0,802
2000-01-14,495,"Chicago, IL",DFW,"Dallas/Fort Worth, TX",655,652,856,4,916,900,0,802
2000-01-14,685,"Chicago, IL",DFW,"Dallas/Fort Worth, TX",1405,1405,1611,10,1629,1621,0,802
2000-01-14,789,"Chicago, IL",DFW,"Dallas/Fort Worth, TX",1514,1514,1723,13,1738,1736,0,802
2000-01-14,1115,"Chicago, IL",DFW,"Dallas/Fort Worth, TX",830,828,1032,7,1051,1039,0,802
2000-01-14,1281,"Chicago, IL",DFW,"Dallas/Fort Worth, TX",1800,1814,2015,4,2015,2019,0,802
2000-01-14,1621,"Chicago, IL",DFW,"Dallas/Fort Worth, TX",1925,1931,2142,8,2147,2150,0,802
2000-01-14,1707,"Chicago, IL",DFW,"Dallas/Fort Worth, TX",1155,1159,1418,11,1421,1429,0,802
2000-01-14,634,"Chicago, IL",EWR,"Newark, NJ",630,626,919,9,928,928,0,719
2000-01-14,636,"Chicago, IL",EWR,"Newark, NJ",730,727,1011,10,1027,1021,0,719
2000-01-14,638,"Chicago, IL",EWR,"Newark, NJ",830,827,1106,9,1128,1115,0,719
2000-01-14,640,"Chicago, IL",EWR,"Newark, NJ",930,927,1211,11,1225,1222,0,719
2000-01-14,642,"Chicago, IL",EWR,"Newark, NJ",1030,1025,1312,12,1328,1324,0,719
2000-01-14,644,"Chicago, IL",EWR,"Newark, NJ",1130,1128,1445,10,1429,1455,0,719
2000-01-14,646,"Chicago, IL",EWR,"Newark, NJ",1230,1237,1519,7,1533,1526,0,719
2000-01-14,648,"Chicago, IL",EWR,"Newark, NJ",1330,1329,1657,8,1644,1705,0,719
2000-01-14,652,"Chicago, IL",EWR,"Newark, NJ",1430,1456,1845,10,1738,1855,0,719
2000-01-14,654,"Chicago, IL",EWR,"Newark, NJ",1530,1531,1857,8,1840,1905,0,719
2000-01-14,656,"Chicago, IL",EWR,"Newark, NJ",1644,1644,2006,11,1947,2017,0,719
2000-01-14,658,"Chicago, IL",EWR,"Newark, NJ",1730,1736,2018,8,2033,2026,0,719
2000-01-14,660,"Chicago, IL",EWR,"Newark, NJ",1830,1830,2124,7,2126,2131,0,719
2000-01-14,664,"Chicago, IL",EWR,"Newark, NJ",2045,2043,2334,9,2343,2343,0,719
2000-01-14,561,"Chicago, IL",ICT,"Wichita, KS",1915,1918,2109,4,2104,2113,0,588
2000-01-14,649,"Chicago, IL",ICT,"Wichita, KS",1514,1646,1827,2,1700,1829,0,588
2000-01-14,795,"Chicago, IL",ICT,"Wichita, KS",915,915,1100,3,1104,1103,0,588
2000-01-14,292,"Chicago, IL",IND,"Indianapolis, IN",700,656,840,11,856,851,0,177
2000-01-14,314,"Chicago, IL",IND,"Indianapolis, IN",1655,1654,1835,6,1851,1841,0,177
2000-01-14,500,"Chicago, IL",IND,"Indianapolis, IN",1144,1148,1333,7,1341,1340,0,177
2000-01-14,1590,"Chicago, IL",IND,"Indianapolis, IN",1520,1515,1700,6,1716,1706,0,177
2000-01-14,1608,"Chicago, IL",IND,"Indianapolis, IN",1310,1309,1504,6,1505,1510,0,177
2000-01-14,1758,"Chicago, IL",IND,"Indianapolis, IN",2105,2100,2252,8,2303,2300,0,177
2000-01-14,1808,"Chicago, IL",IND,"Indianapolis, IN",2225,2358,142,5,20,147,0,177
2000-01-14,707,"Chicago, IL",LAS,"Las Vegas, NV",2230,2227,3,6,16,9,0,1515
2000-01-14,711,"Chicago, IL",LAS,"Las Vegas, NV",1935,1940,2124,5,2121,2129,0,1515
2000-01-14,715,"Chicago, IL",LAS,"Las Vegas, NV",1514,1515,1650,6,1656,1656,0,1515
2000-01-14,717,"Chicago, IL",LAS,"Las Vegas, NV",800,802,937,6,936,943,0,1515
2000-01-14,721,"Chicago, IL",LAS,"Las Vegas, NV",1150,1159,1346,6,1330,1352,0,1515
2000-01-14,101,"Chicago, IL",LAX,"Los Angeles, CA",800,758,1009,12,1021,1021,0,1745
2000-01-14,105,"Chicago, IL",LAX,"Los Angeles, CA",1530,1543,1744,16,1742,1800,0,1745
2000-01-14,107,"Chicago, IL",LAX,"Los Angeles, CA",1630,1638,1840,4,1849,1844,0,1745
2000-01-14,111,"Chicago, IL",LAX,"Los Angeles, CA",1245,1246,1504,15,1508,1519,0,1745
2000-01-14,115,"Chicago, IL",LAX,"Los Angeles, CA",930,929,1127,16,1148,1143,0,1745
2000-01-14,117,"Chicago, IL",LAX,"Los Angeles, CA",1155,1152,1411,10,1409,1421,0,1745
2000-01-14,119,"Chicago, IL",LAX,"Los Angeles, CA",1330,1329,1536,3,1550,1539,0,1745
2000-01-14,121,"Chicago, IL",LAX,"Los Angeles, CA",1430,1429,1633,6,1644,1639,0,1745
2000-01-14,125,"Chicago, IL",LAX,"Los Angeles, CA",1210,1209,1439,6,1433,1445,0,1745
2000-01-14,127,"Chicago, IL",LAX,"Los Angeles, CA",2220,2220,33,7,40,40,0,1745
2000-01-14,129,"Chicago, IL",LAX,"Los Angeles, CA",2030,2129,2329,5,2250,2334,0,1745
2000-01-14,607,"Chicago, IL",LAX,"Los Angeles, CA",1040,1038,1253,20,1303,1313,0,1745
2000-01-14,762,"Chicago, IL",LAX,"Los Angeles, CA",700,704,908,8,917,916,0,1745
2000-01-14,815,"Chicago, IL",LAX,"Los Angeles, CA",1755,1801,2006,11,2012,2017,0,1745
2000-01-14,841,"Chicago, IL",LAX,"Los Angeles, CA",1925,1938,2201,5,2145,2206,0,1745
2000-01-14,953,"Chicago, IL",LAX,"Los Angeles, CA",2000,1959,2207,20,2218,2227,0,1745
2000-01-14,393,"Chicago, IL",MCI,"Kansas City, MO",914,911,1025,1,1034,1026,0,403
2000-01-14,455,"Chicago, IL",MCI,"Kansas City, MO",1144,1144,1302,2,1305,1304,0,403
2000-01-14,1147,"Chicago, IL",MCI,"Kansas City, MO",804,801,922,2,926,924,0,403
2000-01-14,1597,"Chicago, IL",MCI,"Kansas City, MO",1530,1624,1737,3,1651,1740,0,403
2000-01-14,1747,"Chicago, IL",MCI,"Kansas City, MO",1944,1945,2113,3,2111,2116,0,403
2000-01-14,1895,"Chicago, IL",MCI,"Kansas City, MO",1814,1817,1931,6,1941,1937,0,403
2000-01-14,421,"Chicago, IL",MEM,"Memphis, TN",1510,1508,1628,3,1644,1631,0,491
2000-01-14,1151,"Chicago, IL",MEM,"Memphis, TN",920,923,1046,4,1054,1050,0,491
2000-01-14,1795,"Chicago, IL",MEM,"Memphis, TN",1914,1919,2046,4,2049,2050,0,491
2000-01-14,379,"Chicago, IL",OAK,"Oakland, CA",1535,1542,1800,5,1802,1805,0,1836
2000-01-14,469,"Chicago, IL",OAK,"Oakland, CA",1944,1951,2232,5,2223,2237,0,1836
2000-01-14,1455,"Chicago, IL",OAK,"Oakland, CA",928,927,1208,4,1206,1212,0,1836
2000-01-14,556,"Chicago, IL",PIT,"Pittsburgh, PA",739,736,945,6,957,951,0,412
2000-01-14,576,"Chicago, IL",PIT,"Pittsburgh, PA",1040,1040,1249,5,1255,1254,0,412
2000-01-14,582,"Chicago, IL",PIT,"Pittsburgh, PA",1310,1310,1522,7,1530,1529,0,412
2000-01-14,734,"Chicago, IL",PIT,"Pittsburgh, PA",1444,1445,1700,5,1704,1705,0,412
2000-01-14,760,"Chicago, IL",PIT,"Pittsburgh, PA",2055,2102,2322,5,2314,2327,0,412
2000-01-14,1204,"Chicago, IL",PIT,"Pittsburgh, PA",1644,1649,1903,6,1908,1909,0,412
2000-01-14,1174,"Chicago, IL",RSW,"Fort Myers, FL",1455,1513,1828,6,1836,1834,0,1120
2000-01-14,1206,"Chicago, IL",RSW,"Fort Myers, FL",739,735,1104,2,1120,1106,0,1120
2000-01-14,315,"Chicago, IL",SAN,"San Diego, CA",815,813,1015,2,1024,1017,0,1723
2000-01-14,477,"Chicago, IL",SAN,"San Diego, CA",1144,1148,1345,2,1354,1347,0,1723
2000-01-14,741,"Chicago, IL",SAN,"San Diego, CA",937,936,1140,5,1148,1145,0,1723
2000-01-14,929,"Chicago, IL",SAN,"San Diego, CA",1514,1519,1727,2,1727,1729,0,1723
2000-01-14,1121,"Chicago, IL",SAN,"San Diego, CA",1755,1755,2000,2,2009,2002,0,1723
2000-01-14,1277,"Chicago, IL",SAN,"San Diego, CA",1940,1937,2147,2,2155,2149,0,1723
2000-01-14,333,"Chicago, IL",SEA,"Seattle, WA",925,933,1215,6,1146,1221,0,1721
2000-01-14,337,"Chicago, IL",SEA,"Seattle, WA",1914,1921,2232,4,2142,2236,0,1721
2000-01-14,383,"Chicago, IL",SEA,"Seattle, WA",1750,1750,2101,4,2019,2105,0,1721
2000-01-14,537,"Chicago, IL",SEA,"Seattle, WA",2225,2222,101,4,44,105,0,1721
2000-01-14,755,"Chicago, IL",SEA,"Seattle, WA",810,808,1040,4,1031,1044,0,1721
2000-01-14,939,"Chicago, IL",SEA,"Seattle, WA",1144,1147,1454,6,1405,1500,0,1721
2000-01-14,943,"Chicago, IL",SEA,"Seattle, WA",1530,1535,1816,5,1746,1821,0,1721
2000-01-14,1748,"Chicago, IL",SJU,"San Juan, PR",739,741,1351,4,1405,1355,0,2072
2000-01-14,1671,"Chicago, IL",STL,"St. Louis, MO",1520,1537,1640,6,1629,1646,0,258
2000-01-14,356,"Chicago, IL",SYR,"Syracuse, NY",1320,1319,1604,4,1604,1608,0,607
2000-01-14,1498,"Chicago, IL",SYR,"Syracuse, NY",1730,1742,2021,5,2010,2026,0,607
2000-01-14,1620,"Chicago, IL",SYR,"Syracuse, NY",630,627,913,4,904,917,0,607
2000-01-14,568,"Chicago, IL",BTV,"Burlington, VT",1810,1811,2104,4,2059,2108,0,763
2000-01-14,1076,"Chicago, IL",BTV,"Burlington, VT",1325,1322,1630,8,1624,1638,0,763
2000-01-14,380,"Chicago, IL",BUF,"Buffalo, NY",1644,1643,1904,6,1907,1910,0,473
2000-01-14,786,"Chicago, IL",BUF,"Buffalo, NY",738,743,1006,2,957,1008,0,473
2000-01-14,790,"Chicago, IL",BUF,"Buffalo, NY",2100,2057,2324,3,2323,2327,0,473
2000-01-14,1576,"Chicago, IL",BUF,"Buffalo, NY",1450,1515,1733,3,1715,1736,0,473
2000-01-14,1881,"Chicago, IL",BUF,"Buffalo, NY",1105,1138,1350,2,1322,1352,0,473
2000-01-14,240,"Chicago, IL",CLE,"Cleveland, OH",1050,1048,1246,3,1259,1249,0,316
2000-01-14,348,"Chicago, IL",CLE,"Cleveland, OH",1714,1723,1937,6,1933,1943,0,316
2000-01-14,520,"Chicago, IL",CLE,"Cleveland, OH",625,627,847,8,842,855,0,316
2000-01-14,1184,"Chicago, IL",CLE,"Cleveland, OH",1310,1308,1524,5,1527,1529,0,316
2000-01-14,1588,"Chicago, IL",CLE,"Cleveland, OH",2115,2114,2322,5,2328,2327,0,316
2000-01-14,1922,"Chicago, IL",CLE,"Cleveland, OH",744,747,946,3,951,949,0,316
2000-01-14,699,"Chicago, IL",DSM,"Des Moines, IA",815,812,916,2,924,918,0,299
2000-01-14,773,"Chicago, IL",DSM,"Des Moines, IA",1514,1528,1632,5,1623,1637,0,299
2000-01-14,785,"Chicago, IL",DSM,"Des Moines, IA",2230,2315,15,3,2338,18,0,299
2000-01-14,1101,"Chicago, IL",DSM,"Des Moines, IA",1930,1943,2054,2,2042,2056,0,299
2000-01-14,1437,"Chicago, IL",DSM,"Des Moines, IA",1210,1207,1330,4,1318,1334,0,299
2000-01-14,1757,"Chicago, IL",DSM,"Des Moines, IA",920,918,1026,2,1033,1028,0,299
2000-01-14,43,"Chicago, IL",HNL,"Honolulu, HI",1000,959,1503,4,1507,1507,0,4244
2000-01-14,780,"Chicago, IL",HPN,"White Plains, NY",1727,1726,2030,3,2029,2033,0,738
2000-01-14,1200,"Chicago, IL",HPN,"White Plains, NY",1330,1328,1642,5,1635,1647,0,738
2000-01-14,1484,"Chicago, IL",HPN,"White Plains, NY",2045,2044,2351,3,2340,2354,0,738
2000-01-14,1486,"Chicago, IL",HPN,"White Plains, NY",705,704,955,4,1000,959,0,738
2000-01-14,1488,"Chicago, IL",HPN,"White Plains, NY",1135,1138,1438,3,1429,1441,0,738
2000-01-14,1686,"Chicago, IL",HPN,"White Plains, NY",1614,1610,1901,14,1910,1915,0,738
2000-01-14,474,"Chicago, IL",IAD,"Washington, DC",1320,1317,1603,7,1612,1610,0,589
2000-01-14,492,"Chicago, IL",IAD,"Washington, DC",1030,1031,1302,5,1312,1307,0,589
2000-01-14,538,"Chicago, IL",IAD,"Washington, DC",805,802,1035,5,1048,1040,0,589
2000-01-14,718,"Chicago, IL",IAD,"Washington, DC",1810,1806,2052,4,2100,2056,0,589
2000-01-14,766,"Chicago, IL",IAD,"Washington, DC",945,"","","",1229,"",1,589
2000-01-14,882,"Chicago, IL",IAD,"Washington, DC",1714,1728,2009,7,1958,2016,0,589
2000-01-14,1238,"Chicago, IL",IAD,"Washington, DC",2145,2143,8,6,28,14,0,589
2000-01-14,1242,"Chicago, IL",IAD,"Washington, DC",600,600,838,10,842,848,0,589
2000-01-14,1246,"Chicago, IL",IAD,"Washington, DC",1450,1522,1749,16,1746,1805,0,589
2000-01-14,501,"Chicago, IL",JAX,"Jacksonville, FL",820,939,1227,6,1132,1233,0,865
2000-01-14,631,"Chicago, IL",JAX,"Jacksonville, FL",2045,2042,2335,5,2359,2340,0,865
2000-01-14,684,"Chicago, IL",LGA,"New York, NY",1300,1307,1618,3,1554,1621,0,733
2000-01-14,686,"Chicago, IL",LGA,"New York, NY",1200,"","","",1452,"",1,733
2000-01-14,690,"Chicago, IL",LGA,"New York, NY",1000,1010,1311,3,1250,1314,0,733
2000-01-14,692,"Chicago, IL",LGA,"New York, NY",900,858,1153,3,1155,1156,0,733
2000-01-14,694,"Chicago, IL",LGA,"New York, NY",800,"","","",1100,"",1,733
2000-01-14,696,"Chicago, IL",LGA,"New York, NY",700,658,1024,3,954,1027,0,733
2000-01-14,698,"Chicago, IL",LGA,"New York, NY",600,559,851,4,855,855,0,733
2000-01-14,896,"Chicago, IL",LGA,"New York, NY",0,1059,1343,2,0,1345,0,733
2000-01-14,1547,"Chicago, IL",LNK,"Lincoln, NE",1950,1950,2120,5,2115,2125,0,466
2000-01-14,1815,"Chicago, IL",LNK,"Lincoln, NE",912,911,1030,3,1037,1033,0,466
2000-01-14,521,"Chicago, IL",MBS,"Saginaw/Bay City/Midland, MI",1703,1733,1933,3,1900,1936,0,222
2000-01-14,1760,"Chicago, IL",MBS,"Saginaw/Bay City/Midland, MI",1310,1308,1458,2,1507,1500,0,222
2000-01-14,1851,"Chicago, IL",MBS,"Saginaw/Bay City/Midland, MI",815,809,1005,3,1012,1008,0,222
2000-01-14,1902,"Chicago, IL",MBS,"Saginaw/Bay City/Midland, MI",2115,2206,2353,3,2313,2356,0,222
2000-01-14,562,"Chicago, IL",MHT,"Manchester, NH",2057,2108,14,3,2359,17,0,843
2000-01-14,1024,"Chicago, IL",MHT,"Manchester, NH",1309,1309,1609,5,1614,1614,0,843
2000-01-14,1048,"Chicago, IL",MHT,"Manchester, NH",1644,1648,1951,5,1949,1956,0,843
2000-01-14,330,"Chicago, IL",ORF,"Norfolk, VA",1314,1313,1607,4,1612,1611,0,717
2000-01-14,532,"Chicago, IL",ORF,"Norfolk, VA",1725,1721,2017,5,2020,2022,0,717
2000-01-14,1198,"Chicago, IL",ORF,"Norfolk, VA",825,1013,1255,3,1121,1258,0,717
2000-01-14,142,"Chicago, IL",PBI,"West Palm Beach/Palm Beach, FL",1950,1952,2323,5,2329,2328,0,1144
2000-01-14,639,"Chicago, IL",PBI,"West Palm Beach/Palm Beach, FL",1030,1028,1346,3,1409,1349,0,1144
2000-01-14,282,"Chicago, IL",RIC,"Richmond, VA",625,620,859,3,912,902,0,642
2000-01-14,1606,"Chicago, IL",RIC,"Richmond, VA",1314,1325,1606,2,1603,1608,0,642
2000-01-14,1824,"Chicago, IL",RIC,"Richmond, VA",1720,1716,2008,3,2009,2011,0,642
2000-01-14,386,"Chicago, IL",ROC,"Rochester, NY",2125,2124,2351,8,2359,2359,0,528
2000-01-14,438,"Chicago, IL",ROC,"Rochester, NY",1705,1707,1938,7,1939,1945,0,528
2000-01-14,550,"Chicago, IL",ROC,"Rochester, NY",1040,1036,1259,4,1309,1303,0,528
2000-01-14,1194,"Chicago, IL",ROC,"Rochester, NY",700,656,929,4,930,933,0,528
2000-01-14,1456,"Chicago, IL",ROC,"Rochester, NY",1440,1620,1843,9,1711,1852,0,528
2000-01-14,381,"Chicago, IL",SMF,"Sacramento, CA",915,923,1206,2,1147,1208,0,1781
2000-01-14,483,"Chicago, IL",SMF,"Sacramento, CA",1914,1923,2218,3,2145,2221,0,1781
2000-01-14,621,"Chicago, IL",SMF,"Sacramento, CA",1545,1557,1842,4,1814,1846,0,1781
2000-01-14,1405,"Chicago, IL",SMF,"Sacramento, CA",1144,1146,1423,6,1408,1429,0,1781
2000-01-14,303,"Chicago, IL",SNA,"Santa Ana, CA",1525,1527,1734,7,1737,1741,0,1726
2000-01-14,365,"Chicago, IL",SNA,"Santa Ana, CA",1144,1143,1404,7,1357,1411,0,1726
2000-01-14,473,"Chicago, IL",SNA,"Santa Ana, CA",1944,1943,2151,14,2159,2205,0,1726
2000-01-14,1075,"Chicago, IL",SNA,"Santa Ana, CA",1745,1745,1948,9,2000,1957,0,1726
2000-01-14,1543,"Chicago, IL",SNA,"Santa Ana, CA",914,912,1119,13,1127,1132,0,1726
2000-01-14,285,"Chicago, IL",STL,"St. Louis, MO",739,740,838,5,849,843,0,258
2000-01-14,609,"Chicago, IL",STL,"St. Louis, MO",1144,1149,1249,4,1253,1253,0,258
2000-01-14,779,"Chicago, IL",STL,"St. Louis, MO",1925,1922,2037,11,2036,2048,0,258
2000-01-15,568,"Chicago, IL",BTV,"Burlington, VT",1810,1806,2054,2,2103,2056,0,763
2000-01-15,1076,"Chicago, IL",BTV,"Burlington, VT",1325,1323,1616,2,1624,1618,0,763
2000-01-15,380,"Chicago, IL",BUF,"Buffalo, NY",1644,"","","",1907,"",1,473
2000-01-15,786,"Chicago, IL",BUF,"Buffalo, NY",738,734,944,3,957,947,0,473
2000-01-15,1576,"Chicago, IL",BUF,"Buffalo, NY",1450,1449,1703,3,1715,1706,0,473
2000-01-15,1881,"Chicago, IL",BUF,"Buffalo, NY",1105,1117,1327,3,1322,1330,0,473
2000-01-15,240,"Chicago, IL",CLE,"Cleveland, OH",1050,1049,1259,5,1259,1304,0,316
2000-01-15,348,"Chicago, IL",CLE,"Cleveland, OH",1730,1745,1945,5,1949,1950,0,316
2000-01-15,520,"Chicago, IL",CLE,"Cleveland, OH",625,623,824,4,842,828,0,316
2000-01-15,1184,"Chicago, IL",CLE,"Cleveland, OH",1310,1306,1505,3,1527,1508,0,316
2000-01-15,1922,"Chicago, IL",CLE,"Cleveland, OH",744,743,940,4,951,944,0,316
2000-01-15,773,"Chicago, IL",DSM,"Des Moines, IA",1514,1512,1622,4,1623,1626,0,299
2000-01-15,1101,"Chicago, IL",DSM,"Des Moines, IA",1930,1927,2030,6,2042,2036,0,299
2000-01-15,1437,"Chicago, IL",DSM,"Des Moines, IA",1210,1207,1323,4,1318,1327,0,299
2000-01-15,1757,"Chicago, IL",DSM,"Des Moines, IA",920,919,1025,3,1033,1028,0,299
2000-01-15,43,"Chicago, IL",HNL,"Honolulu, HI",1000,958,1523,3,1507,1526,0,4244
2000-01-15,780,"Chicago, IL",HPN,"White Plains, NY",1727,1727,2013,3,2029,2016,0,738
2000-01-15,1200,"Chicago, IL",HPN,"White Plains, NY",1330,1328,1624,4,1635,1628,0,738
2000-01-15,1484,"Chicago, IL",HPN,"White Plains, NY",2045,2042,2327,4,2340,2331,0,738
2000-01-15,1486,"Chicago, IL",HPN,"White Plains, NY",705,705,948,2,1000,950,0,738
2000-01-15,474,"Chicago, IL",IAD,"Washington, DC",1320,1317,1555,5,1612,1600,0,589
2000-01-15,492,"Chicago, IL",IAD,"Washington, DC",1030,1026,1255,9,1312,1304,0,589
2000-01-15,538,"Chicago, IL",IAD,"Washington, DC",805,801,1024,6,1046,1030,0,589
2000-01-15,718,"Chicago, IL",IAD,"Washington, DC",1810,1909,2132,6,2100,2138,0,589
2000-01-15,766,"Chicago, IL",IAD,"Washington, DC",945,943,1203,6,1229,1209,0,589
2000-01-15,882,"Chicago, IL",IAD,"Washington, DC",1714,1713,1942,6,2003,1948,0,589
2000-01-15,1242,"Chicago, IL",IAD,"Washington, DC",600,600,825,8,842,833,0,589
2000-01-15,1638,"Chicago, IL",IAD,"Washington, DC",2055,2054,2326,5,2338,2331,0,589
2000-01-15,472,"Chicago, IL",JAX,"Jacksonville, FL",1330,1325,1627,3,1650,1630,0,865
2000-01-15,501,"Chicago, IL",JAX,"Jacksonville, FL",820,825,1118,6,1132,1124,0,865
2000-01-15,684,"Chicago, IL",LGA,"New York, NY",1300,1300,1541,4,1554,1545,0,733
2000-01-15,692,"Chicago, IL",LGA,"New York, NY",900,905,1145,3,1155,1148,0,733
2000-01-15,694,"Chicago, IL",LGA,"New York, NY",800,846,1121,4,1100,1125,0,733
2000-01-15,696,"Chicago, IL",LGA,"New York, NY",700,658,942,3,954,945,0,733
2000-01-15,698,"Chicago, IL",LGA,"New York, NY",600,559,846,3,853,849,0,733
2000-01-15,896,"Chicago, IL",LGA,"New York, NY",0,"","","",0,"",1,733
2000-01-15,1547,"Chicago, IL",LNK,"Lincoln, NE",1950,1950,2116,3,2115,2119,0,466
2000-01-15,1815,"Chicago, IL",LNK,"Lincoln, NE",912,909,1029,5,1037,1034,0,466
2000-01-15,521,"Chicago, IL",MBS,"Saginaw/Bay City/Midland, MI",1703,1701,1858,3,1900,1901,0,222
2000-01-15,1760,"Chicago, IL",MBS,"Saginaw/Bay City/Midland, MI",1310,1308,1502,3,1507,1505,0,222
2000-01-15,1851,"Chicago, IL",MBS,"Saginaw/Bay City/Midland, MI",815,809,1004,2,1012,1006,0,222
2000-01-15,562,"Chicago, IL",MHT,"Manchester, NH",2057,2051,2353,4,2359,2357,0,843
2000-01-15,1024,"Chicago, IL",MHT,"Manchester, NH",1309,1318,1614,6,1614,1620,0,843
2000-01-15,1048,"Chicago, IL",MHT,"Manchester, NH",1644,1641,1932,6,1949,1938,0,843
2000-01-15,330,"Chicago, IL",ORF,"Norfolk, VA",1314,1313,1557,3,1612,1600,0,717
2000-01-15,532,"Chicago, IL",ORF,"Norfolk, VA",1725,1723,2003,2,2020,2005,0,717
2000-01-15,1198,"Chicago, IL",ORF,"Norfolk, VA",825,824,1101,3,1121,1104,0,717
2000-01-15,444,"Chicago, IL",PBI,"West Palm Beach/Palm Beach, FL",1730,1739,2108,2,2117,2110,0,1144
2000-01-15,639,"Chicago, IL",PBI,"West Palm Beach/Palm Beach, FL",1030,1029,1358,2,1409,1400,0,1144
2000-01-15,282,"Chicago, IL",RIC,"Richmond, VA",625,617,852,4,912,856,0,642
2000-01-15,1606,"Chicago, IL",RIC,"Richmond, VA",1314,1312,1557,3,1603,1600,0,642
2000-01-15,1824,"Chicago, IL",RIC,"Richmond, VA",1720,1719,1951,6,2009,1957,0,642
2000-01-15,438,"Chicago, IL",ROC,"Rochester, NY",1705,1702,"","",1939,"",0,528
2000-01-15,550,"Chicago, IL",ROC,"Rochester, NY",1040,1043,1302,9,1309,1311,0,528
2000-01-15,1194,"Chicago, IL",ROC,"Rochester, NY",700,728,947,7,930,954,0,528
2000-01-15,1456,"Chicago, IL",ROC,"Rochester, NY",1440,1438,1656,8,1711,1704,0,528
2000-01-15,381,"Chicago, IL",SMF,"Sacramento, CA",915,913,1149,3,1147,1152,0,1781
2000-01-15,483,"Chicago, IL",SMF,"Sacramento, CA",1914,1910,2131,5,2137,2136,0,1781
2000-01-15,621,"Chicago, IL",SMF,"Sacramento, CA",1545,1544,1816,4,1814,1820,0,1781
2000-01-15,1405,"Chicago, IL",SMF,"Sacramento, CA",1144,1153,1430,4,1416,1434,0,1781
2000-01-15,303,"Chicago, IL",SNA,"Santa Ana, CA",1525,1521,1726,5,1737,1731,0,1726
2000-01-15,365,"Chicago, IL",SNA,"Santa Ana, CA",1144,1142,1404,5,1357,1409,0,1726
2000-01-15,473,"Chicago, IL",SNA,"Santa Ana, CA",1945,1942,2141,5,2200,2146,0,1726
2000-01-15,1543,"Chicago, IL",SNA,"Santa Ana, CA",914,914,1116,18,1127,1134,0,1726
2000-01-15,285,"Chicago, IL",STL,"St. Louis, MO",739,857,1003,2,849,1005,0,258
2000-01-15,609,"Chicago, IL",STL,"St. Louis, MO",1144,1150,1253,3,1253,1256,0,258
2000-01-15,779,"Chicago, IL",STL,"St. Louis, MO",1925,1923,2027,4,2037,2031,0,258
2000-01-15,1122,"Chicago, IL",ABE,"Allentown/Bethlehem/Easton, PA",1650,1651,1926,3,1934,1929,0,654
2000-01-15,1656,"Chicago, IL",ABE,"Allentown/Bethlehem/Easton, PA",1410,1422,1656,4,1656,1700,0,654
2000-01-15,373,"Chicago, IL",AUS,"Austin, TX",1914,1913,2142,6,2155,2148,0,978
2000-01-15,589,"Chicago, IL",AUS,"Austin, TX",922,923,1153,4,1202,1157,0,978
2000-01-15,394,"Chicago, IL",BDL,"Hartford, CT",1650,1646,1935,8,1950,1943,0,783
2000-01-15,398,"Chicago, IL",BDL,"Hartford, CT",910,908,1151,7,1204,1158,0,783
2000-01-15,1126,"Chicago, IL",BDL,"Hartford, CT",2050,2040,2327,8,2351,2335,0,783
2000-01-15,1228,"Chicago, IL",BDL,"Hartford, CT",1320,1318,1609,7,1621,1616,0,783
2000-01-15,1404,"Chicago, IL",BDL,"Hartford, CT",1035,1030,1311,7,1332,1318,0,783
2000-01-15,1522,"Chicago, IL",BDL,"Hartford, CT",600,558,845,7,856,852,0,783
2000-01-15,502,"Chicago, IL",BOS,"Boston, MA",645,643,944,9,956,953,0,867
2000-01-15,506,"Chicago, IL",BOS,"Boston, MA",845,"","","",1150,"",1,867
2000-01-15,514,"Chicago, IL",BOS,"Boston, MA",1245,1244,1554,4,1554,1558,0,867
2000-01-15,516,"Chicago, IL",BOS,"Boston, MA",1644,1642,1939,4,1959,1943,0,867
2000-01-15,518,"Chicago, IL",BOS,"Boston, MA",1344,1345,1648,8,1707,1656,0,867
2000-01-15,524,"Chicago, IL",BOS,"Boston, MA",1744,1744,2034,5,2059,2039,0,867
2000-01-15,884,"Chicago, IL",BOS,"Boston, MA",1044,1048,1348,3,1357,1351,0,867
2000-01-15,1018,"Chicago, IL",BOS,"Boston, MA",2045,2045,2352,6,2355,2358,0,867
2000-01-15,138,"Chicago, IL",CMH,"Columbus, OH",1310,1310,1513,5,1516,1518,0,296
2000-01-15,601,"Chicago, IL",CMH,"Columbus, OH",805,803,1001,4,1010,1005,0,296
2000-01-15,1452,"Chicago, IL",CMH,"Columbus, OH",1105,1105,1303,3,1310,1306,0,296
2000-01-15,1518,"Chicago, IL",CMH,"Columbus, OH",1644,1642,1843,5,1854,1848,0,296
2000-01-15,1548,"Chicago, IL",CMH,"Columbus, OH",2115,2110,2312,5,2325,2317,0,296
2000-01-15,600,"Chicago, IL",DCA,"Washington, DC",630,629,907,4,910,911,0,612
2000-01-15,602,"Chicago, IL",DCA,"Washington, DC",730,729,959,11,1010,1010,0,612
2000-01-15,606,"Chicago, IL",DCA,"Washington, DC",930,929,1156,4,1209,1200,0,612
2000-01-15,610,"Chicago, IL",DCA,"Washington, DC",1130,1126,1346,4,1403,1350,0,612
2000-01-15,612,"Chicago, IL",DCA,"Washington, DC",1230,1229,1453,2,1506,1455,0,612
2000-01-15,616,"Chicago, IL",DCA,"Washington, DC",1330,1328,1620,3,1617,1623,0,612
2000-01-15,618,"Chicago, IL",DCA,"Washington, DC",1430,1428,1652,4,1711,1656,0,612
2000-01-15,622,"Chicago, IL",DCA,"Washington, DC",1630,1628,1854,4,1908,1858,0,612
2000-01-15,626,"Chicago, IL",DCA,"Washington, DC",1730,1728,1957,5,2016,2002,0,612
2000-01-15,632,"Chicago, IL",DCA,"Washington, DC",2045,2045,2313,3,2323,2316,0,612
2000-01-15,321,"Chicago, IL",DFW,"Dallas/Fort Worth, TX",945,945,1157,6,1208,1203,0,802
2000-01-15,789,"Chicago, IL",DFW,"Dallas/Fort Worth, TX",1514,1509,1717,5,1735,1722,0,802
2000-01-15,1115,"Chicago, IL",DFW,"Dallas/Fort Worth, TX",830,829,1034,19,1051,1053,0,802
2000-01-15,1281,"Chicago, IL",DFW,"Dallas/Fort Worth, TX",1800,1759,2003,4,2019,2007,0,802
2000-01-15,1621,"Chicago, IL",DFW,"Dallas/Fort Worth, TX",1925,1921,2130,5,2147,2135,0,802
2000-01-15,1707,"Chicago, IL",DFW,"Dallas/Fort Worth, TX",1155,1154,1402,5,1421,1407,0,802
2000-01-15,634,"Chicago, IL",EWR,"Newark, NJ",630,628,921,9,928,930,0,719
2000-01-15,638,"Chicago, IL",EWR,"Newark, NJ",830,827,1106,7,1128,1113,0,719
2000-01-15,642,"Chicago, IL",EWR,"Newark, NJ",1030,1031,1310,4,1328,1314,0,719
2000-01-15,644,"Chicago, IL",EWR,"Newark, NJ",1130,1129,1413,5,1429,1418,0,719
2000-01-15,648,"Chicago, IL",EWR,"Newark, NJ",1330,1327,1627,6,1644,1633,0,719
2000-01-15,652,"Chicago, IL",EWR,"Newark, NJ",1430,1429,1713,5,1738,1718,0,719
2000-01-15,656,"Chicago, IL",EWR,"Newark, NJ",1644,1648,1931,4,1947,1935,0,719
2000-01-15,664,"Chicago, IL",EWR,"Newark, NJ",2045,2044,2329,6,2343,2335,0,719
2000-01-15,561,"Chicago, IL",ICT,"Wichita, KS",1915,1913,2054,3,2104,2057,0,588
2000-01-15,795,"Chicago, IL",ICT,"Wichita, KS",915,912,1052,3,1104,1055,0,588
2000-01-15,292,"Chicago, IL",IND,"Indianapolis, IN",700,657,837,6,856,843,0,177
2000-01-15,314,"Chicago, IL",IND,"Indianapolis, IN",1655,1652,1839,6,1851,1845,0,177
2000-01-15,500,"Chicago, IL",IND,"Indianapolis, IN",1144,1154,1349,7,1341,1356,0,177
2000-01-15,1608,"Chicago, IL",IND,"Indianapolis, IN",1310,1307,1450,8,1505,1458,0,177
2000-01-15,1758,"Chicago, IL",IND,"Indianapolis, IN",2105,2103,2247,10,2303,2257,0,177
2000-01-15,701,"Chicago, IL",LAS,"Las Vegas, NV",1745,1747,1918,4,1924,1922,0,1515
2000-01-15,711,"Chicago, IL",LAS,"Las Vegas, NV",1935,1939,2123,8,2121,2131,0,1515
2000-01-15,715,"Chicago, IL",LAS,"Las Vegas, NV",1514,1518,1659,6,1656,1705,0,1515
2000-01-15,717,"Chicago, IL",LAS,"Las Vegas, NV",800,802,939,3,936,942,0,1515
2000-01-15,721,"Chicago, IL",LAS,"Las Vegas, NV",1150,1150,1322,5,1330,1327,0,1515
2000-01-15,101,"Chicago, IL",LAX,"Los Angeles, CA",800,759,1003,5,1021,1008,0,1745
2000-01-15,105,"Chicago, IL",LAX,"Los Angeles, CA",1530,1528,1730,12,1742,1742,0,1745
2000-01-15,107,"Chicago, IL",LAX,"Los Angeles, CA",1630,1628,1835,4,1849,1839,0,1745
2000-01-15,111,"Chicago, IL",LAX,"Los Angeles, CA",1245,1245,1456,5,1508,1501,0,1745
2000-01-15,115,"Chicago, IL",LAX,"Los Angeles, CA",930,1009,1210,13,1148,1223,0,1745
2000-01-15,117,"Chicago, IL",LAX,"Los Angeles, CA",1155,1200,1407,7,1409,1414,0,1745
2000-01-15,119,"Chicago, IL",LAX,"Los Angeles, CA",1330,1329,1537,7,1550,1544,0,1745
2000-01-15,125,"Chicago, IL",LAX,"Los Angeles, CA",1210,1209,1435,6,1433,1441,0,1745
2000-01-15,607,"Chicago, IL",LAX,"Los Angeles, CA",1040,1039,1249,7,1303,1256,0,1745
2000-01-15,762,"Chicago, IL",LAX,"Los Angeles, CA",700,658,901,10,917,911,0,1745
2000-01-15,815,"Chicago, IL",LAX,"Los Angeles, CA",1755,1756,2004,5,2012,2009,0,1745
2000-01-15,841,"Chicago, IL",LAX,"Los Angeles, CA",1935,1939,2149,6,2155,2155,0,1745
2000-01-15,953,"Chicago, IL",LAX,"Los Angeles, CA",2000,1959,2204,5,2220,2209,0,1745
2000-01-15,393,"Chicago, IL",MCI,"Kansas City, MO",914,912,1027,3,1034,1030,0,403
2000-01-15,455,"Chicago, IL",MCI,"Kansas City, MO",1144,1215,1341,3,1305,1344,0,403
2000-01-15,1147,"Chicago, IL",MCI,"Kansas City, MO",804,803,920,3,926,923,0,403
2000-01-15,1597,"Chicago, IL",MCI,"Kansas City, MO",1530,1527,1642,2,1651,1644,0,403
2000-01-15,1747,"Chicago, IL",MCI,"Kansas City, MO",1945,1944,2104,7,2112,2111,0,403
2000-01-15,1895,"Chicago, IL",MCI,"Kansas City, MO",1814,1832,1944,4,1938,1948,0,403
2000-01-15,421,"Chicago, IL",MEM,"Memphis, TN",1510,1511,1635,4,1644,1639,0,491
2000-01-15,1151,"Chicago, IL",MEM,"Memphis, TN",920,919,1041,4,1054,1045,0,491
2000-01-15,1795,"Chicago, IL",MEM,"Memphis, TN",1914,1952,2110,4,2049,2114,0,491
2000-01-15,379,"Chicago, IL",OAK,"Oakland, CA",1535,1535,1802,5,1802,1807,0,1836
2000-01-15,469,"Chicago, IL",OAK,"Oakland, CA",1944,1950,2223,4,2223,2227,0,1836
2000-01-15,1455,"Chicago, IL",OAK,"Oakland, CA",928,929,1203,5,1206,1208,0,1836
2000-01-15,556,"Chicago, IL",PIT,"Pittsburgh, PA",730,728,931,4,948,935,0,412
2000-01-15,576,"Chicago, IL",PIT,"Pittsburgh, PA",1040,1033,1253,7,1255,1300,0,412
2000-01-15,582,"Chicago, IL",PIT,"Pittsburgh, PA",1310,1309,1518,4,1530,1522,0,412
2000-01-15,734,"Chicago, IL",PIT,"Pittsburgh, PA",1444,1443,1647,4,1704,1651,0,412
2000-01-15,760,"Chicago, IL",PIT,"Pittsburgh, PA",2055,2051,2312,5,2316,2317,0,412
2000-01-15,1204,"Chicago, IL",PIT,"Pittsburgh, PA",1644,1641,1847,5,1908,1852,0,412
2000-01-15,1927,"Chicago, IL",PSP,"Palm Springs, CA",940,937,1149,4,1149,1153,0,1652
2000-01-15,1174,"Chicago, IL",RSW,"Fort Myers, FL",1455,1453,1820,2,1836,1822,0,1120
2000-01-15,1206,"Chicago, IL",RSW,"Fort Myers, FL",739,737,1103,3,1120,1106,0,1120
2000-01-15,315,"Chicago, IL",SAN,"San Diego, CA",845,845,1046,2,1056,1048,0,1723
2000-01-15,477,"Chicago, IL",SAN,"San Diego, CA",1144,1142,1336,3,1354,1339,0,1723
2000-01-15,741,"Chicago, IL",SAN,"San Diego, CA",937,945,1148,3,1148,1151,0,1723
2000-01-15,929,"Chicago, IL",SAN,"San Diego, CA",1514,1517,1727,3,1727,1730,0,1723
2000-01-15,1277,"Chicago, IL",SAN,"San Diego, CA",1940,1942,2148,2,2155,2150,0,1723
2000-01-15,333,"Chicago, IL",SEA,"Seattle, WA",925,924,1154,4,1146,1158,0,1721
2000-01-15,337,"Chicago, IL",SEA,"Seattle, WA",1914,1919,2204,4,2142,2208,0,1721
2000-01-15,383,"Chicago, IL",SEA,"Seattle, WA",1750,1748,2028,3,2019,2031,0,1721
2000-01-15,755,"Chicago, IL",SEA,"Seattle, WA",810,812,1056,4,1039,1100,0,1721
2000-01-15,939,"Chicago, IL",SEA,"Seattle, WA",1144,1145,1428,6,1405,1434,0,1721
2000-01-15,943,"Chicago, IL",SEA,"Seattle, WA",1530,1531,1759,3,1746,1802,0,1721
2000-01-15,1748,"Chicago, IL",SJU,"San Juan, PR",739,738,1345,5,1405,1350,0,2072
2000-01-15,1999,"Chicago, IL",SJU,"San Juan, PR",814,810,1421,13,1442,1434,0,2072
2000-01-15,1671,"Chicago, IL",STL,"St. Louis, MO",1520,1540,1646,3,1629,1649,0,258
2000-01-15,877,"Chicago, IL",STT,"Charlotte Amalie, VI",744,743,1404,6,1429,1410,0,2116
2000-01-15,356,"Chicago, IL",SYR,"Syracuse, NY",1320,1315,1554,5,1604,1559,0,607
2000-01-15,1498,"Chicago, IL",SYR,"Syracuse, NY",1730,1729,2005,6,2010,2011,0,607
2000-01-15,1620,"Chicago, IL",SYR,"Syracuse, NY",630,632,911,3,904,914,0,607
2000-01-15,352,"Chicago, IL",ALB,"Albany, NY",1320,1326,1614,5,1614,1619,0,723
2000-01-15,1104,"Chicago, IL",ALB,"Albany, NY",620,618,905,4,910,909,0,723
2000-01-15,1454,"Chicago, IL",ALB,"Albany, NY",1720,1717,2001,4,2014,2005,0,723
2000-01-15,446,"Chicago, IL",ATL,"Atlanta, GA",925,923,1152,6,1209,1158,0,606
2000-01-15,796,"Chicago, IL",ATL,"Atlanta, GA",1330,1331,1611,8,1628,1619,0,606
2000-01-15,1268,"Chicago, IL",ATL,"Atlanta, GA",650,649,924,6,941,930,0,606
2000-01-15,1628,"Chicago, IL",ATL,"Atlanta, GA",1035,1033,1300,6,1324,1306,0,606
2000-01-15,1690,"Chicago, IL",ATL,"Atlanta, GA",1655,1657,1936,7,1948,1943,0,606
2000-01-15,1162,"Chicago, IL",BHM,"Birmingham, AL",2125,2123,2252,4,2306,2256,0,584
2000-01-15,1166,"Chicago, IL",BHM,"Birmingham, AL",900,856,1033,4,1040,1037,0,584
2000-01-15,681,"Chicago, IL",CID,"Cedar Rapids/Iowa City, IA",1600,1559,1645,3,1655,1648,0,196
2000-01-15,743,"Chicago, IL",CID,"Cedar Rapids/Iowa City, IA",1920,1923,2016,6,2018,2022,0,196
2000-01-15,1823,"Chicago, IL",CID,"Cedar Rapids/Iowa City, IA",1145,1141,1228,3,1241,1231,0,196
2000-01-15,1827,"Chicago, IL",CID,"Cedar Rapids/Iowa City, IA",926,928,1019,2,1022,1021,0,196
2000-01-15,1019,"Chicago, IL",COS,"Colorado Springs, CO",1920,1944,2111,4,2045,2115,0,911
2000-01-15,1785,"Chicago, IL",COS,"Colorado Springs, CO",950,946,1108,6,1121,1114,0,911
2000-01-15,490,"Chicago, IL",CVG,"Cincinnati, OH",739,737,931,6,948,937,0,264
2000-01-15,529,"Chicago, IL",CVG,"Cincinnati, OH",2115,2121,2317,7,2324,2324,0,264
2000-01-15,772,"Chicago, IL",CVG,"Cincinnati, OH",1415,1412,1604,3,1618,1607,0,264
2000-01-15,1810,"Chicago, IL",CVG,"Cincinnati, OH",1110,1106,1309,5,1311,1314,0,264
2000-01-15,1892,"Chicago, IL",CVG,"Cincinnati, OH",1655,1653,1850,5,1901,1855,0,264
2000-01-15,241,"Chicago, IL",DEN,"Denver, CO",600,602,717,6,724,723,0,888
2000-01-15,243,"Chicago, IL",DEN,"Denver, CO",700,658,821,6,829,827,0,888
2000-01-15,245,"Chicago, IL",DEN,"Denver, CO",755,804,923,5,923,928,0,888
2000-01-15,247,"Chicago, IL",DEN,"Denver, CO",910,908,1023,6,1038,1029,0,888
2000-01-15,251,"Chicago, IL",DEN,"Denver, CO",945,943,1108,9,1117,1117,0,888
2000-01-15,253,"Chicago, IL",DEN,"Denver, CO",1245,1256,1417,4,1418,1421,0,888
2000-01-15,255,"Chicago, IL",DEN,"Denver, CO",1530,1527,1652,6,1701,1658,0,888
2000-01-15,259,"Chicago, IL",DEN,"Denver, CO",1525,1522,1641,13,1656,1654,0,888
2000-01-15,941,"Chicago, IL",DEN,"Denver, CO",1920,1921,2042,5,2052,2047,0,888
2000-01-15,945,"Chicago, IL",DEN,"Denver, CO",1150,1156,1337,6,1325,1343,0,888
2000-01-15,959,"Chicago, IL",DEN,"Denver, CO",1745,1749,1904,7,1910,1911,0,888
2000-01-15,368,"Chicago, IL",FLL,"Fort Lauderdale, FL",741,806,1204,4,1129,1208,0,1182
2000-01-15,434,"Chicago, IL",FLL,"Fort Lauderdale, FL",1700,1658,2050,6,2049,2056,0,1182
2000-01-15,1948,"Chicago, IL",FLL,"Fort Lauderdale, FL",1415,1445,1822,6,1804,1828,0,1182
2000-01-15,573,"Chicago, IL",IAH,"Houston, TX",914,912,1128,4,1147,1132,0,925
2000-01-15,703,"Chicago, IL",IAH,"Houston, TX",1200,1204,1438,5,1434,1443,0,925
2000-01-15,1169,"Chicago, IL",IAH,"Houston, TX",1514,1523,1800,4,1746,1804,0,925
2000-01-15,1897,"Chicago, IL",IAH,"Houston, TX",1925,1939,2155,5,2156,2200,0,925
2000-01-15,670,"Chicago, IL",LGA,"New York, NY",2100,2057,2349,5,2352,2354,0,733
2000-01-15,676,"Chicago, IL",LGA,"New York, NY",1700,1700,1938,3,2000,1941,0,733
2000-01-15,680,"Chicago, IL",LGA,"New York, NY",1500,1550,1833,3,1758,1836,0,733
2000-01-15,682,"Chicago, IL",LGA,"New York, NY",1400,1359,1648,7,1701,1655,0,733
2000-01-15,510,"Chicago, IL",MCO,"Orlando, FL",1935,2000,2318,4,2303,2322,0,1005
2000-01-15,1044,"Chicago, IL",MCO,"Orlando, FL",1655,1654,2015,6,2014,2021,0,1005
2000-01-15,1500,"Chicago, IL",MCO,"Orlando, FL",1344,1344,1657,5,1709,1702,0,1005
2000-01-15,1614,"Chicago, IL",MCO,"Orlando, FL",1035,1031,1355,5,1358,1400,0,1005
2000-01-15,1832,"Chicago, IL",MCO,"Orlando, FL",800,805,1120,6,1131,1126,0,1005
2000-01-15,299,"Chicago, IL",MSP,"Minneapolis, MN",1145,1143,1259,3,1303,1302,0,334
2000-01-15,353,"Chicago, IL",MSP,"Minneapolis, MN",744,741,907,6,903,913,0,334
2000-01-15,359,"Chicago, IL",MSP,"Minneapolis, MN",1344,1342,1503,3,1503,1506,0,334
2000-01-15,583,"Chicago, IL",MSP,"Minneapolis, MN",1544,"","","",1707,"",1,334
2000-01-15,599,"Chicago, IL",MSP,"Minneapolis, MN",945,942,1053,8,1104,1101,0,334
2000-01-15,1067,"Chicago, IL",MSP,"Minneapolis, MN",1744,1835,1950,3,1912,1953,0,334
2000-01-15,1107,"Chicago, IL",MSP,"Minneapolis, MN",1945,1946,2110,3,2103,2113,0,334
2000-01-15,535,"Chicago, IL",OMA,"Omaha, NE",1210,1208,1345,3,1334,1348,0,416
2000-01-15,775,"Chicago, IL",OMA,"Omaha, NE",1950,1946,2102,3,2114,2105,0,416
2000-01-15,1129,"Chicago, IL",OMA,"Omaha, NE",912,911,1030,3,1031,1033,0,416
2000-01-15,1499,"Chicago, IL",OMA,"Omaha, NE",1540,1534,1703,2,1700,1705,0,416
2000-01-15,1149,"Chicago, IL",ONT,"Ontario, CA",1914,1910,2116,2,2131,2118,0,1700
2000-01-15,1733,"Chicago, IL",ONT,"Ontario, CA",1155,1152,1409,2,1413,1411,0,1700
2000-01-15,1850,"Chicago, IL",PHL,"Philadelphia, PA",600,557,838,5,854,843,0,678
2000-01-15,1854,"Chicago, IL",PHL,"Philadelphia, PA",815,810,1051,4,1102,1055,0,678
2000-01-15,1858,"Chicago, IL",PHL,"Philadelphia, PA",1000,"","","",1249,"",1,678
2000-01-15,1860,"Chicago, IL",PHL,"Philadelphia, PA",1100,1057,1340,3,1349,1343,0,678
2000-01-15,1866,"Chicago, IL",PHL,"Philadelphia, PA",1410,1410,1652,4,1706,1656,0,678
2000-01-15,1872,"Chicago, IL",PHL,"Philadelphia, PA",1700,1737,2017,4,1958,2021,0,678
2000-01-15,1878,"Chicago, IL",PHL,"Philadelphia, PA",2050,2049,2334,4,2334,2338,0,678
2000-01-15,345,"Chicago, IL",PHX,"Phoenix, AZ",1144,1143,1411,4,1425,1415,0,1440
2000-01-15,423,"Chicago, IL",PHX,"Phoenix, AZ",1514,1532,1759,3,1744,1802,0,1440
2000-01-15,667,"Chicago, IL",PHX,"Phoenix, AZ",1935,1933,2212,4,2213,2216,0,1440
2000-01-15,1273,"Chicago, IL",PHX,"Phoenix, AZ",1805,1820,2042,5,2037,2047,0,1440
2000-01-15,1419,"Chicago, IL",PHX,"Phoenix, AZ",920,924,1151,4,1159,1155,0,1440
2000-01-15,1969,"Chicago, IL",PHX,"Phoenix, AZ",805,804,1032,5,1038,1037,0,1440
2000-01-15,546,"Chicago, IL",PVD,"Providence, RI",1714,1713,2003,5,2019,2008,0,849
2000-01-15,1276,"Chicago, IL",PVD,"Providence, RI",850,845,1139,4,1152,1143,0,849
2000-01-15,1734,"Chicago, IL",PVD,"Providence, RI",1308,1305,1612,5,1613,1617,0,849
2000-01-15,1042,"Chicago, IL",PWM,"Portland, ME",1700,1657,1957,6,2012,2003,0,900
2000-01-15,1130,"Chicago, IL",PWM,"Portland, ME",1310,1308,1610,3,1619,1613,0,900
2000-01-15,1230,"Chicago, IL",PWM,"Portland, ME",740,739,1050,2,1043,1052,0,900
2000-01-15,586,"Chicago, IL",RDU,"Raleigh/Durham, NC",1330,1329,1607,5,1618,1612,0,647
2000-01-15,1108,"Chicago, IL",RDU,"Raleigh/Durham, NC",1644,1643,1918,2,1931,1920,0,647
2000-01-15,1114,"Chicago, IL",RDU,"Raleigh/Durham, NC",625,623,908,3,912,911,0,647
2000-01-15,590,"Chicago, IL",SDF,"Louisville, KY",2115,2114,2307,8,2324,2315,0,286
2000-01-15,1650,"Chicago, IL",SDF,"Louisville, KY",1355,1352,1544,6,1602,1550,0,286
2000-01-15,271,"Chicago, IL",SJC,"San Jose, CA",920,943,1213,4,1152,1217,0,1830
2000-01-15,559,"Chicago, IL",SJC,"San Jose, CA",1535,1534,1807,6,1803,1813,0,1830
2000-01-15,661,"Chicago, IL",SJC,"San Jose, CA",1935,1935,2202,4,2209,2206,0,1830
2000-01-15,691,"Chicago, IL",SJC,"San Jose, CA",1205,1208,1458,6,1437,1504,0,1830
2000-01-15,324,"Chicago, IL",TPA,"Tampa, FL",1030,1035,1346,2,1352,1348,0,1012
2000-01-15,1070,"Chicago, IL",TPA,"Tampa, FL",1725,1725,2036,3,2050,2039,0,1012
2000-01-15,1090,"Chicago, IL",TPA,"Tampa, FL",1316,1314,1633,3,1641,1636,0,1012
2000-01-15,1676,"Chicago, IL",TPA,"Tampa, FL",739,739,1053,2,1107,1055,0,1012
2000-01-15,1930,"Chicago, IL",TPA,"Tampa, FL",2045,2047,7,2,14,9,0,1012
2000-01-15,560,"Chicago, IL",BNA,"Nashville, TN",740,739,851,5,902,856,0,409
2000-01-15,1050,"Chicago, IL",BNA,"Nashville, TN",1914,1920,2030,5,2034,2035,0,409
2000-01-15,1550,"Chicago, IL",BNA,"Nashville, TN",1444,1445,1550,4,1601,1554,0,409
2000-01-15,1069,"Chicago, IL",BOI,"Boise, ID",1914,1914,2210,3,2157,2213,0,1437
2000-01-15,418,"Chicago, IL",BWI,"Baltimore, MD",1115,1111,1338,2,1354,1340,0,621
2000-01-15,770,"Chicago, IL",BWI,"Baltimore, MD",1705,1702,1933,5,1951,1938,0,621
2000-01-15,1298,"Chicago, IL",BWI,"Baltimore, MD",1325,1318,1559,3,1613,1602,0,621
2000-01-15,1428,"Chicago, IL",BWI,"Baltimore, MD",605,604,835,2,845,837,0,621
2000-01-15,432,"Chicago, IL",CLT,"Charlotte, NC",1314,1309,1546,4,1554,1550,0,599
2000-01-15,462,"Chicago, IL",CLT,"Charlotte, NC",615,623,848,5,855,853,0,599
2000-01-15,536,"Chicago, IL",CLT,"Charlotte, NC",1644,1641,1904,4,1920,1908,0,599
2000-01-15,1616,"Chicago, IL",CLT,"Charlotte, NC",2045,2042,2309,3,2325,2312,0,599
2000-01-15,515,"Chicago, IL",DAY,"Dayton, OH",1410,1407,1554,3,1610,1557,0,240
2000-01-15,1128,"Chicago, IL",DAY,"Dayton, OH",1050,1049,1245,4,1249,1249,0,240
2000-01-15,1552,"Chicago, IL",DAY,"Dayton, OH",800,758,946,5,1000,951,0,240
2000-01-15,1754,"Chicago, IL",DAY,"Dayton, OH",1705,1701,1858,4,1907,1902,0,240
2000-01-15,302,"Chicago, IL",DTW,"Detroit, MI",1040,1039,1234,4,1249,1238,0,235
2000-01-15,350,"Chicago, IL",DTW,"Detroit, MI",1710,1708,1918,6,1925,1924,0,235
2000-01-15,396,"Chicago, IL",DTW,"Detroit, MI",1309,1306,1501,5,1524,1506,0,235
2000-01-15,440,"Chicago, IL",DTW,"Detroit, MI",750,748,952,5,1001,957,0,235
2000-01-15,454,"Chicago, IL",DTW,"Detroit, MI",630,629,837,6,834,843,0,235
2000-01-15,671,"Chicago, IL",DTW,"Detroit, MI",2115,2110,2304,5,2320,2309,0,235
2000-01-15,1809,"Chicago, IL",EGE,"Eagle, CO",930,931,1113,7,1117,1120,0,1007
2000-01-15,1425,"Chicago, IL",GEG,"Spokane, WA",1920,1916,2127,4,2118,2131,0,1498
2000-01-15,422,"Chicago, IL",GRR,"Grand Rapids, MI",1925,1928,2117,3,2112,2120,0,137
2000-01-15,494,"Chicago, IL",GRR,"Grand Rapids, MI",851,849,1032,2,1036,1034,0,137
2000-01-15,1260,"Chicago, IL",GRR,"Grand Rapids, MI",1444,1511,1648,4,1630,1652,0,137
2000-01-15,1446,"Chicago, IL",GRR,"Grand Rapids, MI",1144,1143,1319,3,1329,1322,0,137
2000-01-15,1582,"Chicago, IL",GRR,"Grand Rapids, MI",1645,1645,1832,3,1845,1835,0,137
2000-01-15,540,"Chicago, IL",GSO,"Greensboro/High Point, NC",900,856,1131,2,1138,1133,0,590
2000-01-15,750,"Chicago, IL",GSO,"Greensboro/High Point, NC",1750,1829,2052,2,2025,2054,0,590
2000-01-15,1538,"Chicago, IL",GSO,"Greensboro/High Point, NC",1420,1458,1727,2,1658,1729,0,590
2000-01-15,392,"Chicago, IL",MDT,"Harrisburg, PA",1714,1713,1945,6,1952,1951,0,594
2000-01-15,482,"Chicago, IL",MDT,"Harrisburg, PA",900,858,1121,4,1140,1125,0,594
2000-01-15,542,"Chicago, IL",MDT,"Harrisburg, PA",1314,1330,1605,5,1554,1610,0,594
2000-01-15,728,"Chicago, IL",MDT,"Harrisburg, PA",2100,2100,2333,7,2340,2340,0,594
2000-01-15,869,"Chicago, IL",MIA,"Miami, FL",1450,1443,1829,5,1839,1834,0,1197
2000-01-15,1088,"Chicago, IL",MIA,"Miami, FL",739,739,1118,3,1130,1121,0,1197
2000-01-15,1636,"Chicago, IL",MIA,"Miami, FL",1030,1029,1406,5,1415,1411,0,1197
2000-01-15,1984,"Chicago, IL",MIA,"Miami, FL",1805,1801,2135,3,2150,2138,0,1197
2000-01-15,1995,"Chicago, IL",MIA,"Miami, FL",830,829,1206,5,1221,1211,0,1197
2000-01-15,647,"Chicago, IL",MKE,"Milwaukee, WI",1414,1413,1445,3,1451,1448,0,67
2000-01-15,1566,"Chicago, IL",MKE,"Milwaukee, WI",1800,1754,1831,3,1837,1834,0,67
2000-01-15,675,"Chicago, IL",MSN,"Madison, WI",2055,2050,2146,3,2141,2149,0,109
2000-01-15,1581,"Chicago, IL",MSN,"Madison, WI",1410,1410,1445,3,1451,1448,0,109
2000-01-15,367,"Chicago, IL",MSY,"New Orleans, LA",1200,1157,1402,4,1409,1406,0,837
2000-01-15,1789,"Chicago, IL",MSY,"New Orleans, LA",1930,1928,2132,4,2141,2136,0,837
2000-01-15,1867,"Chicago, IL",MSY,"New Orleans, LA",1000,1157,1356,5,1211,1401,0,837
2000-01-15,569,"Chicago, IL",PDX,"Portland, OR",1544,1542,1809,5,1800,1814,0,1739
2000-01-15,577,"Chicago, IL",PDX,"Portland, OR",1914,1913,2147,5,2140,2152,0,1739
2000-01-15,1401,"Chicago, IL",PDX,"Portland, OR",1200,1215,1504,5,1431,1509,0,1739
2000-01-15,1891,"Chicago, IL",PDX,"Portland, OR",945,942,1221,3,1212,1224,0,1739
2000-01-15,749,"Chicago, IL",SAT,"San Antonio, TX",925,924,1154,3,1208,1157,0,1041
2000-01-15,1415,"Chicago, IL",SAT,"San Antonio, TX",1940,1938,2206,3,2224,2209,0,1041
2000-01-15,137,"Chicago, IL",SFO,"San Francisco, CA",1030,1029,1258,4,1306,1302,0,1846
2000-01-15,143,"Chicago, IL",SFO,"San Francisco, CA",1144,1143,1403,6,1407,1409,0,1846
2000-01-15,145,"Chicago, IL",SFO,"San Francisco, CA",930,926,1147,5,1200,1152,0,1846
2000-01-15,147,"Chicago, IL",SFO,"San Francisco, CA",1530,1528,1752,8,1753,1800,0,1846
2000-01-15,149,"Chicago, IL",SFO,"San Francisco, CA",1805,1803,2040,4,2038,2044,0,1846
2000-01-15,151,"Chicago, IL",SFO,"San Francisco, CA",1920,1920,2150,13,2157,2203,0,1846
2000-01-15,157,"Chicago, IL",SFO,"San Francisco, CA",800,756,1016,3,1028,1019,0,1846
2000-01-15,525,"Chicago, IL",SFO,"San Francisco, CA",1925,1920,2154,10,2205,2204,0,1846
2000-01-15,1293,"Chicago, IL",SLC,"Salt Lake City, UT",1530,1534,1748,3,1744,1751,0,1249
2000-01-15,1439,"Chicago, IL",SLC,"Salt Lake City, UT",914,918,1132,2,1124,1134,0,1249
2000-01-15,1715,"Chicago, IL",TUS,"Tucson, AZ",1144,1144,1416,4,1438,1420,0,1437
2000-01-15,1110,"Chicago, IL",TYS,"Knoxville, TN",1314,1311,1524,3,1538,1527,0,475
2000-01-15,1286,"Chicago, IL",TYS,"Knoxville, TN",1725,1723,1942,4,1952,1946,0,475
2000-01-16,1050,"Chicago, IL",BNA,"Nashville, TN",1914,1915,2027,9,2034,2036,0,409
2000-01-16,1550,"Chicago, IL",BNA,"Nashville, TN",1444,1442,1548,6,1601,1554,0,409
2000-01-16,1069,"Chicago, IL",BOI,"Boise, ID",1920,1922,2240,3,2203,2243,0,1437
2000-01-16,418,"Chicago, IL",BWI,"Baltimore, MD",1115,1113,1337,4,1354,1341,0,621
2000-01-16,756,"Chicago, IL",BWI,"Baltimore, MD",2100,2100,2345,4,2343,2349,0,621
2000-01-16,770,"Chicago, IL",BWI,"Baltimore, MD",1705,1704,1937,2,1948,1939,0,621
2000-01-16,1298,"Chicago, IL",BWI,"Baltimore, MD",1325,1323,1600,4,1613,1604,0,621
2000-01-16,1428,"Chicago, IL",BWI,"Baltimore, MD",605,606,839,4,845,843,0,621
2000-01-16,432,"Chicago, IL",CLT,"Charlotte, NC",1314,1311,1604,3,1554,1607,0,599
2000-01-16,536,"Chicago, IL",CLT,"Charlotte, NC",1644,1700,1931,5,1920,1936,0,599
2000-01-16,1616,"Chicago, IL",CLT,"Charlotte, NC",2045,2049,2317,2,2325,2319,0,599
2000-01-16,515,"Chicago, IL",DAY,"Dayton, OH",1410,1407,1600,5,1610,1605,0,240
2000-01-16,657,"Chicago, IL",DAY,"Dayton, OH",2115,2116,2313,5,2318,2318,0,240
2000-01-16,1128,"Chicago, IL",DAY,"Dayton, OH",1120,1116,1307,4,1319,1311,0,240
2000-01-16,1754,"Chicago, IL",DAY,"Dayton, OH",1705,1702,1858,5,1907,1903,0,240
2000-01-16,302,"Chicago, IL",DTW,"Detroit, MI",1040,1040,1236,15,1249,1251,0,235
2000-01-16,350,"Chicago, IL",DTW,"Detroit, MI",1710,1752,2030,4,1923,2034,0,235
2000-01-16,396,"Chicago, IL",DTW,"Detroit, MI",1309,1325,1555,13,1524,1608,0,235
2000-01-16,440,"Chicago, IL",DTW,"Detroit, MI",750,752,948,4,1001,952,0,235
2000-01-16,671,"Chicago, IL",DTW,"Detroit, MI",2115,2224,6,4,2320,10,0,235
2000-01-16,1809,"Chicago, IL",EGE,"Eagle, CO",930,929,1106,5,1117,1111,0,1007
2000-01-16,1425,"Chicago, IL",GEG,"Spokane, WA",1920,1918,2146,5,2118,2151,0,1498
2000-01-16,422,"Chicago, IL",GRR,"Grand Rapids, MI",1925,1929,2117,2,2112,2119,0,137
2000-01-16,633,"Chicago, IL",GRR,"Grand Rapids, MI",2115,2112,2256,5,2303,2301,0,137
2000-01-16,1260,"Chicago, IL",GRR,"Grand Rapids, MI",1444,1453,1629,2,1630,1631,0,137
2000-01-16,1446,"Chicago, IL",GRR,"Grand Rapids, MI",1144,1140,1315,3,1329,1318,0,137
2000-01-16,540,"Chicago, IL",GSO,"Greensboro/High Point, NC",900,856,1123,2,1138,1125,0,590
2000-01-16,750,"Chicago, IL",GSO,"Greensboro/High Point, NC",1744,1744,2009,2,2019,2011,0,590
2000-01-16,1538,"Chicago, IL",GSO,"Greensboro/High Point, NC",1420,1501,1725,2,1658,1727,0,590
2000-01-16,392,"Chicago, IL",MDT,"Harrisburg, PA",1714,1735,2002,4,1949,2006,0,594
2000-01-16,482,"Chicago, IL",MDT,"Harrisburg, PA",900,856,1113,2,1140,1115,0,594
2000-01-16,542,"Chicago, IL",MDT,"Harrisburg, PA",1314,1315,1544,3,1554,1547,0,594
2000-01-16,728,"Chicago, IL",MDT,"Harrisburg, PA",2100,2105,2329,3,2340,2332,0,594
2000-01-16,869,"Chicago, IL",MIA,"Miami, FL",1450,1444,1826,3,1839,1829,0,1197
2000-01-16,1088,"Chicago, IL",MIA,"Miami, FL",739,739,1112,4,1130,1116,0,1197
2000-01-16,1636,"Chicago, IL",MIA,"Miami, FL",1030,1028,1354,4,1415,1358,0,1197
2000-01-16,1984,"Chicago, IL",MIA,"Miami, FL",1805,1802,2137,5,2150,2142,0,1197
2000-01-16,1993,"Chicago, IL",MIA,"Miami, FL",930,924,1259,3,1320,1302,0,1197
2000-01-16,1995,"Chicago, IL",MIA,"Miami, FL",830,827,1207,3,1225,1210,0,1197
2000-01-16,1564,"Chicago, IL",MKE,"Milwaukee, WI",2230,2229,2255,3,2307,2258,0,67
2000-01-16,675,"Chicago, IL",MSN,"Madison, WI",2055,2050,2132,5,2141,2137,0,109
2000-01-16,1249,"Chicago, IL",MSN,"Madison, WI",2230,2227,2304,3,2315,2307,0,109
2000-01-16,1581,"Chicago, IL",MSN,"Madison, WI",1410,1406,1438,2,1451,1440,0,109
2000-01-16,367,"Chicago, IL",MSY,"New Orleans, LA",1200,1200,1411,5,1409,1416,0,837
2000-01-16,1789,"Chicago, IL",MSY,"New Orleans, LA",1930,1939,2133,4,2140,2137,0,837
2000-01-16,1867,"Chicago, IL",MSY,"New Orleans, LA",1000,1003,1148,5,1211,1153,0,837
2000-01-16,503,"Chicago, IL",PDX,"Portland, OR",1745,1741,2026,4,2007,2030,0,1739
2000-01-16,569,"Chicago, IL",PDX,"Portland, OR",1544,1633,1850,5,1800,1855,0,1739
2000-01-16,577,"Chicago, IL",PDX,"Portland, OR",1914,1914,2157,5,2140,2202,0,1739
2000-01-16,1401,"Chicago, IL",PDX,"Portland, OR",1200,1214,1509,7,1431,1516,0,1739
2000-01-16,1891,"Chicago, IL",PDX,"Portland, OR",945,944,1213,7,1212,1220,0,1739
2000-01-16,749,"Chicago, IL",SAT,"San Antonio, TX",925,940,1202,3,1208,1205,0,1041
2000-01-16,1415,"Chicago, IL",SAT,"San Antonio, TX",1940,1940,2210,3,2224,2213,0,1041
2000-01-16,137,"Chicago, IL",SFO,"San Francisco, CA",1030,1026,1314,5,1306,1319,0,1846
2000-01-16,139,"Chicago, IL",SFO,"San Francisco, CA",2220,2218,51,6,51,57,0,1846
2000-01-16,141,"Chicago, IL",SFO,"San Francisco, CA",1210,1208,1509,8,1448,1517,0,1846
2000-01-16,143,"Chicago, IL",SFO,"San Francisco, CA",1144,1149,1429,4,1407,1433,0,1846
2000-01-16,145,"Chicago, IL",SFO,"San Francisco, CA",930,927,1155,5,1200,1200,0,1846
2000-01-16,147,"Chicago, IL",SFO,"San Francisco, CA",1530,1532,1804,4,1753,1808,0,1846
2000-01-16,149,"Chicago, IL",SFO,"San Francisco, CA",1805,1800,2030,7,2038,2037,0,1846
2000-01-16,151,"Chicago, IL",SFO,"San Francisco, CA",1920,1922,2158,5,2157,2203,0,1846
2000-01-16,157,"Chicago, IL",SFO,"San Francisco, CA",800,802,1028,4,1028,1032,0,1846
2000-01-16,525,"Chicago, IL",SFO,"San Francisco, CA",1925,"","","",2205,"",1,1846
2000-01-16,399,"Chicago, IL",SLC,"Salt Lake City, UT",1205,1204,1439,2,1419,1441,0,1249
2000-01-16,533,"Chicago, IL",SLC,"Salt Lake City, UT",1914,1918,2136,3,2123,2139,0,1249
2000-01-16,1439,"Chicago, IL",SLC,"Salt Lake City, UT",914,914,1124,3,1124,1127,0,1249
2000-01-16,1110,"Chicago, IL",TYS,"Knoxville, TN",1314,1310,1520,4,1538,1524,0,475
2000-01-16,1818,"Chicago, IL",TYS,"Knoxville, TN",2120,2117,2335,3,2347,2338,0,475
2000-01-16,352,"Chicago, IL",ALB,"Albany, NY",1320,1328,1643,4,1614,1647,0,723
2000-01-16,1454,"Chicago, IL",ALB,"Albany, NY",1720,1731,2010,4,2014,2014,0,723
2000-01-16,364,"Chicago, IL",ATL,"Atlanta, GA",1914,1920,2244,8,2204,2252,0,606
2000-01-16,446,"Chicago, IL",ATL,"Atlanta, GA",925,924,1149,5,1209,1154,0,606
2000-01-16,527,"Chicago, IL",ATL,"Atlanta, GA",2100,2059,2340,4,2345,2344,0,606
2000-01-16,796,"Chicago, IL",ATL,"Atlanta, GA",1330,1329,1637,4,1628,1641,0,606
2000-01-16,1268,"Chicago, IL",ATL,"Atlanta, GA",650,647,936,5,941,941,0,606
2000-01-16,1628,"Chicago, IL",ATL,"Atlanta, GA",1035,1037,1316,3,1324,1319,0,606
2000-01-16,1690,"Chicago, IL",ATL,"Atlanta, GA",1655,1655,2003,8,1948,2011,0,606
2000-01-16,1162,"Chicago, IL",BHM,"Birmingham, AL",2125,2123,2259,5,2306,2304,0,584
2000-01-16,1166,"Chicago, IL",BHM,"Birmingham, AL",900,901,1029,3,1040,1032,0,584
2000-01-16,669,"Chicago, IL",CID,"Cedar Rapids/Iowa City, IA",2230,2228,2315,2,2324,2317,0,196
2000-01-16,681,"Chicago, IL",CID,"Cedar Rapids/Iowa City, IA",1600,1602,1648,3,1655,1651,0,196
2000-01-16,743,"Chicago, IL",CID,"Cedar Rapids/Iowa City, IA",1920,2043,2136,4,2018,2140,0,196
2000-01-16,1823,"Chicago, IL",CID,"Cedar Rapids/Iowa City, IA",1145,1156,1311,3,1241,1314,0,196
2000-01-16,1827,"Chicago, IL",CID,"Cedar Rapids/Iowa City, IA",926,925,1013,7,1022,1020,0,196
2000-01-16,1019,"Chicago, IL",COS,"Colorado Springs, CO",1920,1918,2036,4,2045,2040,0,911
2000-01-16,1785,"Chicago, IL",COS,"Colorado Springs, CO",950,946,1113,5,1121,1118,0,911
2000-01-16,490,"Chicago, IL",CVG,"Cincinnati, OH",739,734,923,7,948,930,0,264
2000-01-16,529,"Chicago, IL",CVG,"Cincinnati, OH",2115,2116,2315,5,2324,2320,0,264
2000-01-16,772,"Chicago, IL",CVG,"Cincinnati, OH",1415,1412,1606,4,1618,1610,0,264
2000-01-16,1810,"Chicago, IL",CVG,"Cincinnati, OH",1110,1135,1333,4,1311,1337,0,264
2000-01-16,1892,"Chicago, IL",CVG,"Cincinnati, OH",1655,1653,1845,5,1902,1850,0,264
2000-01-16,243,"Chicago, IL",DEN,"Denver, CO",700,657,824,4,832,828,0,888
2000-01-16,247,"Chicago, IL",DEN,"Denver, CO",910,907,1026,5,1038,1031,0,888
2000-01-16,251,"Chicago, IL",DEN,"Denver, CO",945,944,1108,3,1117,1111,0,888
2000-01-16,253,"Chicago, IL",DEN,"Denver, CO",1245,1240,1415,7,1418,1422,0,888
2000-01-16,255,"Chicago, IL",DEN,"Denver, CO",1530,1528,1656,9,1701,1705,0,888
2000-01-16,259,"Chicago, IL",DEN,"Denver, CO",1525,1529,1657,12,1656,1709,0,888
2000-01-16,531,"Chicago, IL",DEN,"Denver, CO",2220,2225,2346,7,2347,2353,0,888
2000-01-16,941,"Chicago, IL",DEN,"Denver, CO",1920,1921,2056,6,2052,2102,0,888
2000-01-16,945,"Chicago, IL",DEN,"Denver, CO",1150,1156,1340,8,1325,1348,0,888
2000-01-16,959,"Chicago, IL",DEN,"Denver, CO",1745,1748,1907,11,1910,1918,0,888
2000-01-16,368,"Chicago, IL",FLL,"Fort Lauderdale, FL",741,739,1113,4,1129,1117,0,1182
2000-01-16,426,"Chicago, IL",FLL,"Fort Lauderdale, FL",2110,2103,28,5,56,33,0,1182
2000-01-16,1948,"Chicago, IL",FLL,"Fort Lauderdale, FL",1415,1416,1753,4,1804,1757,0,1182
2000-01-16,573,"Chicago, IL",IAH,"Houston, TX",914,914,1131,8,1147,1139,0,925
2000-01-16,703,"Chicago, IL",IAH,"Houston, TX",1200,1211,1442,6,1434,1448,0,925
2000-01-16,1169,"Chicago, IL",IAH,"Houston, TX",1514,1513,1727,5,1746,1732,0,925
2000-01-16,1897,"Chicago, IL",IAH,"Houston, TX",1925,1925,2144,6,2156,2150,0,925
2000-01-16,1957,"Chicago, IL",IAH,"Houston, TX",1750,1747,1959,4,2021,2003,0,925
2000-01-16,670,"Chicago, IL",LGA,"New York, NY",2100,2056,2348,2,2352,2350,0,733
2000-01-16,672,"Chicago, IL",LGA,"New York, NY",1900,1950,2232,3,2157,2235,0,733
2000-01-16,674,"Chicago, IL",LGA,"New York, NY",1800,1909,2151,3,2055,2154,0,733
2000-01-16,676,"Chicago, IL",LGA,"New York, NY",1700,1724,2011,4,2000,2015,0,733
2000-01-16,678,"Chicago, IL",LGA,"New York, NY",1600,1607,1856,5,1900,1901,0,733
2000-01-16,680,"Chicago, IL",LGA,"New York, NY",1500,1626,1937,3,1758,1940,0,733
2000-01-16,682,"Chicago, IL",LGA,"New York, NY",1400,"","","",1700,"",1,733
2000-01-16,342,"Chicago, IL",MCO,"Orlando, FL",2115,2111,34,3,43,37,0,1005
2000-01-16,1044,"Chicago, IL",MCO,"Orlando, FL",1655,1652,2005,3,2014,2008,0,1005
2000-01-16,1500,"Chicago, IL",MCO,"Orlando, FL",1344,1344,1655,4,1709,1659,0,1005
2000-01-16,1614,"Chicago, IL",MCO,"Orlando, FL",1035,1033,1346,4,1358,1350,0,1005
2000-01-16,1832,"Chicago, IL",MCO,"Orlando, FL",800,802,1120,5,1131,1125,0,1005
2000-01-16,299,"Chicago, IL",MSP,"Minneapolis, MN",1145,1142,1302,4,1303,1306,0,334
2000-01-16,359,"Chicago, IL",MSP,"Minneapolis, MN",1344,1343,1501,4,1503,1505,0,334
2000-01-16,457,"Chicago, IL",MSP,"Minneapolis, MN",1044,1042,1157,4,1202,1201,0,334
2000-01-16,583,"Chicago, IL",MSP,"Minneapolis, MN",1544,1544,1705,4,1707,1709,0,334
2000-01-16,599,"Chicago, IL",MSP,"Minneapolis, MN",945,941,1053,2,1104,1055,0,334
2000-01-16,719,"Chicago, IL",MSP,"Minneapolis, MN",1444,"","","",1604,"",1,334
2000-01-16,765,"Chicago, IL",MSP,"Minneapolis, MN",1644,1643,1803,5,1805,1808,0,334
2000-01-16,1067,"Chicago, IL",MSP,"Minneapolis, MN",1744,1743,1908,3,1912,1911,0,334
2000-01-16,1107,"Chicago, IL",MSP,"Minneapolis, MN",1944,1949,2115,3,2102,2118,0,334
2000-01-16,1139,"Chicago, IL",MSP,"Minneapolis, MN",1845,1845,2001,14,2007,2015,0,334
2000-01-16,1889,"Chicago, IL",MSP,"Minneapolis, MN",2225,2224,2331,4,2341,2335,0,334
2000-01-16,1917,"Chicago, IL",MSP,"Minneapolis, MN",845,843,1004,3,1008,1007,0,334
2000-01-16,535,"Chicago, IL",OMA,"Omaha, NE",1210,1255,1408,4,1334,1412,0,416
2000-01-16,775,"Chicago, IL",OMA,"Omaha, NE",1950,1949,2112,3,2117,2115,0,416
2000-01-16,1129,"Chicago, IL",OMA,"Omaha, NE",912,912,1030,2,1034,1032,0,416
2000-01-16,1499,"Chicago, IL",OMA,"Omaha, NE",1540,1549,1707,3,1700,1710,0,416
2000-01-16,1149,"Chicago, IL",ONT,"Ontario, CA",1914,1919,2137,4,2131,2141,0,1700
2000-01-16,1733,"Chicago, IL",ONT,"Ontario, CA",1155,1153,1440,4,1413,1444,0,1700
2000-01-16,1852,"Chicago, IL",PHL,"Philadelphia, PA",700,659,930,3,949,933,0,678
2000-01-16,1854,"Chicago, IL",PHL,"Philadelphia, PA",815,814,1046,4,1102,1050,0,678
2000-01-16,1858,"Chicago, IL",PHL,"Philadelphia, PA",1000,957,1239,4,1249,1243,0,678
2000-01-16,1860,"Chicago, IL",PHL,"Philadelphia, PA",1100,1057,1326,5,1349,1331,0,678
2000-01-16,1864,"Chicago, IL",PHL,"Philadelphia, PA",1310,1308,1545,5,1607,1550,0,678
2000-01-16,1866,"Chicago, IL",PHL,"Philadelphia, PA",1410,1407,1659,6,1706,1705,0,678
2000-01-16,1868,"Chicago, IL",PHL,"Philadelphia, PA",1600,1558,1850,6,1854,1856,0,678
2000-01-16,1872,"Chicago, IL",PHL,"Philadelphia, PA",1700,1658,1929,5,1958,1934,0,678
2000-01-16,1874,"Chicago, IL",PHL,"Philadelphia, PA",1800,1758,2038,6,2050,2044,0,678
2000-01-16,1876,"Chicago, IL",PHL,"Philadelphia, PA",1900,"","","",2150,"",1,678
2000-01-16,1878,"Chicago, IL",PHL,"Philadelphia, PA",2050,2048,2322,4,2334,2326,0,678
2000-01-16,345,"Chicago, IL",PHX,"Phoenix, AZ",1144,1149,1435,5,1423,1440,0,1440
2000-01-16,423,"Chicago, IL",PHX,"Phoenix, AZ",1514,1530,1820,2,1757,1822,0,1440
2000-01-16,667,"Chicago, IL",PHX,"Phoenix, AZ",1935,1945,2217,3,2213,2220,0,1440
2000-01-16,1273,"Chicago, IL",PHX,"Phoenix, AZ",1805,1804,2028,8,2037,2036,0,1440
2000-01-16,1419,"Chicago, IL",PHX,"Phoenix, AZ",920,920,1139,11,1153,1150,0,1440
2000-01-16,1969,"Chicago, IL",PHX,"Phoenix, AZ",750,753,1027,4,1029,1031,0,1440
2000-01-16,546,"Chicago, IL",PVD,"Providence, RI",1714,1718,2011,4,2021,2015,0,849
2000-01-16,1276,"Chicago, IL",PVD,"Providence, RI",850,848,1138,6,1152,1144,0,849
2000-01-16,1734,"Chicago, IL",PVD,"Providence, RI",1308,1310,1604,4,1613,1608,0,849
2000-01-16,798,"Chicago, IL",PWM,"Portland, ME",2045,2042,2347,7,2357,2354,0,900
2000-01-16,1130,"Chicago, IL",PWM,"Portland, ME",1310,1334,1637,5,1619,1642,0,900
2000-01-16,1230,"Chicago, IL",PWM,"Portland, ME",740,742,1027,5,1043,1032,0,900
2000-01-16,586,"Chicago, IL",RDU,"Raleigh/Durham, NC",1330,1351,1620,3,1618,1623,0,647
2000-01-16,588,"Chicago, IL",RDU,"Raleigh/Durham, NC",2100,2109,2343,4,2347,2347,0,647
2000-01-16,1108,"Chicago, IL",RDU,"Raleigh/Durham, NC",1644,1642,1915,4,1931,1919,0,647
2000-01-16,1114,"Chicago, IL",RDU,"Raleigh/Durham, NC",625,622,855,2,912,857,0,647
2000-01-16,590,"Chicago, IL",SDF,"Louisville, KY",2115,2113,2311,4,2324,2315,0,286
2000-01-16,1650,"Chicago, IL",SDF,"Louisville, KY",1355,1352,1547,4,1602,1551,0,286
2000-01-16,271,"Chicago, IL",SJC,"San Jose, CA",920,919,1157,5,1152,1202,0,1830
2000-01-16,559,"Chicago, IL",SJC,"San Jose, CA",1535,1536,1814,6,1803,1820,0,1830
2000-01-16,661,"Chicago, IL",SJC,"San Jose, CA",1935,1944,2234,6,2209,2240,0,1830
2000-01-16,691,"Chicago, IL",SJC,"San Jose, CA",1205,1203,1506,7,1437,1513,0,1830
2000-01-16,324,"Chicago, IL",TPA,"Tampa, FL",1030,1030,1343,2,1352,1345,0,1012
2000-01-16,1070,"Chicago, IL",TPA,"Tampa, FL",1725,1731,2045,2,2050,2047,0,1012
2000-01-16,1090,"Chicago, IL",TPA,"Tampa, FL",1316,1312,1632,3,1641,1635,0,1012
2000-01-16,1282,"Chicago, IL",TPA,"Tampa, FL",715,711,1024,2,1043,1026,0,1012
2000-01-16,1930,"Chicago, IL",TPA,"Tampa, FL",2115,2114,26,3,42,29,0,1012
2000-01-16,1122,"Chicago, IL",ABE,"Allentown/Bethlehem/Easton, PA",1650,1646,1917,4,1934,1921,0,654
2000-01-16,1656,"Chicago, IL",ABE,"Allentown/Bethlehem/Easton, PA",1410,1407,1629,4,1656,1633,0,654
2000-01-16,373,"Chicago, IL",AUS,"Austin, TX",1914,1915,2150,5,2155,2155,0,978
2000-01-16,589,"Chicago, IL",AUS,"Austin, TX",922,919,1141,6,1202,1147,0,978
2000-01-16,394,"Chicago, IL",BDL,"Hartford, CT",1650,1651,1945,4,1950,1949,0,783
2000-01-16,398,"Chicago, IL",BDL,"Hartford, CT",910,944,1216,5,1204,1221,0,783
2000-01-16,1126,"Chicago, IL",BDL,"Hartford, CT",2050,2109,3,5,2351,8,0,783
2000-01-16,1228,"Chicago, IL",BDL,"Hartford, CT",1320,1321,1624,4,1621,1628,0,783
2000-01-16,1404,"Chicago, IL",BDL,"Hartford, CT",1035,1033,1312,4,1332,1316,0,783
2000-01-16,502,"Chicago, IL",BOS,"Boston, MA",645,642,945,9,956,954,0,867
2000-01-16,506,"Chicago, IL",BOS,"Boston, MA",845,843,1139,7,1154,1146,0,867
2000-01-16,514,"Chicago, IL",BOS,"Boston, MA",1245,1251,1539,6,1554,1545,0,867
2000-01-16,516,"Chicago, IL",BOS,"Boston, MA",1644,1641,1957,7,1959,2004,0,867
2000-01-16,518,"Chicago, IL",BOS,"Boston, MA",1344,1349,1637,6,1707,1643,0,867
2000-01-16,524,"Chicago, IL",BOS,"Boston, MA",1744,1743,2055,4,2059,2059,0,867
2000-01-16,526,"Chicago, IL",BOS,"Boston, MA",1845,1914,2243,3,2156,2246,0,867
2000-01-16,528,"Chicago, IL",BOS,"Boston, MA",1444,1440,1734,6,1759,1740,0,867
2000-01-16,884,"Chicago, IL",BOS,"Boston, MA",1044,1044,1334,9,1355,1343,0,867
2000-01-16,1018,"Chicago, IL",BOS,"Boston, MA",2045,2058,4,2,2355,6,0,867
2000-01-16,138,"Chicago, IL",CMH,"Columbus, OH",1320,1317,1520,4,1526,1524,0,296
2000-01-16,601,"Chicago, IL",CMH,"Columbus, OH",750,748,943,4,955,947,0,296
2000-01-16,1452,"Chicago, IL",CMH,"Columbus, OH",1105,1103,1254,5,1310,1259,0,296
2000-01-16,1518,"Chicago, IL",CMH,"Columbus, OH",1644,1753,2000,5,1854,2005,0,296
2000-01-16,1548,"Chicago, IL",CMH,"Columbus, OH",2115,2111,2309,2,2325,2311,0,296
2000-01-16,602,"Chicago, IL",DCA,"Washington, DC",730,727,947,4,1010,951,0,612
2000-01-16,606,"Chicago, IL",DCA,"Washington, DC",930,928,1151,4,1209,1155,0,612
2000-01-16,608,"Chicago, IL",DCA,"Washington, DC",1030,1024,1244,4,1309,1248,0,612
2000-01-16,610,"Chicago, IL",DCA,"Washington, DC",1130,1128,1346,4,1403,1350,0,612
2000-01-16,612,"Chicago, IL",DCA,"Washington, DC",1230,1231,1459,3,1506,1502,0,612
2000-01-16,616,"Chicago, IL",DCA,"Washington, DC",1330,1326,1602,3,1613,1605,0,612
2000-01-16,618,"Chicago, IL",DCA,"Washington, DC",1430,1427,1647,2,1711,1649,0,612
2000-01-16,620,"Chicago, IL",DCA,"Washington, DC",1530,1528,1754,3,1810,1757,0,612
2000-01-16,622,"Chicago, IL",DCA,"Washington, DC",1630,1627,1857,2,1908,1859,0,612
2000-01-16,624,"Chicago, IL",DCA,"Washington, DC",1700,1701,1929,4,1947,1933,0,612
2000-01-16,626,"Chicago, IL",DCA,"Washington, DC",1730,1745,2012,3,2016,2015,0,612
2000-01-16,628,"Chicago, IL",DCA,"Washington, DC",1830,1925,2152,2,2108,2154,0,612
2000-01-16,630,"Chicago, IL",DCA,"Washington, DC",1930,1929,2201,2,2208,2203,0,612
2000-01-16,632,"Chicago, IL",DCA,"Washington, DC",2045,2044,2309,2,2323,2311,0,612
2000-01-16,321,"Chicago, IL",DFW,"Dallas/Fort Worth, TX",945,942,1143,14,1208,1157,0,802
2000-01-16,685,"Chicago, IL",DFW,"Dallas/Fort Worth, TX",1405,1403,1603,12,1629,1615,0,802
2000-01-16,789,"Chicago, IL",DFW,"Dallas/Fort Worth, TX",1514,1515,1720,12,1738,1732,0,802
2000-01-16,1115,"Chicago, IL",DFW,"Dallas/Fort Worth, TX",830,826,1029,5,1051,1034,0,802
2000-01-16,1281,"Chicago, IL",DFW,"Dallas/Fort Worth, TX",1800,1759,2001,11,2022,2012,0,802
2000-01-16,1621,"Chicago, IL",DFW,"Dallas/Fort Worth, TX",1925,1924,2126,7,2140,2133,0,802
2000-01-16,1707,"Chicago, IL",DFW,"Dallas/Fort Worth, TX",1155,1152,1416,11,1421,1427,0,802
2000-01-16,636,"Chicago, IL",EWR,"Newark, NJ",730,747,1043,4,1027,1047,0,719
2000-01-16,640,"Chicago, IL",EWR,"Newark, NJ",930,925,1202,5,1225,1207,0,719
2000-01-16,642,"Chicago, IL",EWR,"Newark, NJ",1030,1028,1304,7,1328,1311,0,719
2000-01-16,644,"Chicago, IL",EWR,"Newark, NJ",1130,1126,1400,8,1429,1408,0,719
2000-01-16,648,"Chicago, IL",EWR,"Newark, NJ",1330,1328,1624,10,1644,1634,0,719
2000-01-16,652,"Chicago, IL",EWR,"Newark, NJ",1430,1426,1708,10,1738,1718,0,719
2000-01-16,656,"Chicago, IL",EWR,"Newark, NJ",1644,1710,1956,14,1947,2010,0,719
2000-01-16,658,"Chicago, IL",EWR,"Newark, NJ",1730,"","","",2033,"",1,719
2000-01-16,660,"Chicago, IL",EWR,"Newark, NJ",1830,1831,2124,12,2126,2136,0,719
2000-01-16,664,"Chicago, IL",EWR,"Newark, NJ",2045,2045,2329,7,2343,2336,0,719
2000-01-16,561,"Chicago, IL",ICT,"Wichita, KS",1915,1917,2108,3,2104,2111,0,588
2000-01-16,649,"Chicago, IL",ICT,"Wichita, KS",1514,1527,1704,4,1700,1708,0,588
2000-01-16,795,"Chicago, IL",ICT,"Wichita, KS",915,914,1055,3,1104,1058,0,588
2000-01-16,292,"Chicago, IL",IND,"Indianapolis, IN",700,656,837,8,856,845,0,177
2000-01-16,314,"Chicago, IL",IND,"Indianapolis, IN",1655,1654,1833,6,1851,1839,0,177
2000-01-16,500,"Chicago, IL",IND,"Indianapolis, IN",1144,1207,1407,5,1341,1412,0,177
2000-01-16,1590,"Chicago, IL",IND,"Indianapolis, IN",1520,1535,1719,5,1716,1724,0,177
2000-01-16,1608,"Chicago, IL",IND,"Indianapolis, IN",1310,1312,1459,5,1505,1504,0,177
2000-01-16,1758,"Chicago, IL",IND,"Indianapolis, IN",2105,2104,2259,9,2303,2308,0,177
2000-01-16,1808,"Chicago, IL",IND,"Indianapolis, IN",2225,2223,2400,9,20,9,0,177
2000-01-16,707,"Chicago, IL",LAS,"Las Vegas, NV",2230,2254,26,6,16,32,0,1515
2000-01-16,711,"Chicago, IL",LAS,"Las Vegas, NV",1935,2007,2144,6,2121,2150,0,1515
2000-01-16,715,"Chicago, IL",LAS,"Las Vegas, NV",1514,1514,1648,9,1656,1657,0,1515
2000-01-16,717,"Chicago, IL",LAS,"Las Vegas, NV",800,757,936,6,936,942,0,1515
2000-01-16,721,"Chicago, IL",LAS,"Las Vegas, NV",1150,1151,1347,5,1330,1352,0,1515
2000-01-16,101,"Chicago, IL",LAX,"Los Angeles, CA",800,800,1007,23,1021,1030,0,1745
2000-01-16,105,"Chicago, IL",LAX,"Los Angeles, CA",1530,1556,1751,10,1742,1801,0,1745
2000-01-16,107,"Chicago, IL",LAX,"Los Angeles, CA",1630,1714,1916,5,1849,1921,0,1745
2000-01-16,111,"Chicago, IL",LAX,"Los Angeles, CA",1245,1244,1505,9,1508,1514,0,1745
2000-01-16,115,"Chicago, IL",LAX,"Los Angeles, CA",930,929,1157,6,1148,1203,0,1745
2000-01-16,117,"Chicago, IL",LAX,"Los Angeles, CA",1155,1228,1438,3,1409,1441,0,1745
2000-01-16,119,"Chicago, IL",LAX,"Los Angeles, CA",1330,1330,1540,4,1550,1544,0,1745
2000-01-16,121,"Chicago, IL",LAX,"Los Angeles, CA",1430,1426,1631,5,1644,1636,0,1745
2000-01-16,127,"Chicago, IL",LAX,"Los Angeles, CA",2220,2222,38,20,40,58,0,1745
2000-01-16,129,"Chicago, IL",LAX,"Los Angeles, CA",2030,2032,2231,12,2250,2243,0,1745
2000-01-16,607,"Chicago, IL",LAX,"Los Angeles, CA",1040,1044,1321,5,1303,1326,0,1745
2000-01-16,762,"Chicago, IL",LAX,"Los Angeles, CA",700,658,903,7,917,910,0,1745
2000-01-16,815,"Chicago, IL",LAX,"Los Angeles, CA",1755,1836,2038,3,2012,2041,0,1745
2000-01-16,841,"Chicago, IL",LAX,"Los Angeles, CA",1925,1932,2154,13,2145,2207,0,1745
2000-01-16,953,"Chicago, IL",LAX,"Los Angeles, CA",2000,1958,2212,13,2218,2225,0,1745
2000-01-16,393,"Chicago, IL",MCI,"Kansas City, MO",914,910,1027,4,1034,1031,0,403
2000-01-16,455,"Chicago, IL",MCI,"Kansas City, MO",1144,1142,1250,4,1305,1254,0,403
2000-01-16,1597,"Chicago, IL",MCI,"Kansas City, MO",1530,1540,1657,4,1651,1701,0,403
2000-01-16,1747,"Chicago, IL",MCI,"Kansas City, MO",1944,2020,2131,4,2111,2135,0,403
2000-01-16,1895,"Chicago, IL",MCI,"Kansas City, MO",1815,1909,2031,6,1942,2037,0,403
2000-01-16,421,"Chicago, IL",MEM,"Memphis, TN",1510,1524,1646,4,1644,1650,0,491
2000-01-16,1151,"Chicago, IL",MEM,"Memphis, TN",920,917,1037,4,1054,1041,0,491
2000-01-16,1795,"Chicago, IL",MEM,"Memphis, TN",1914,1940,2105,4,2049,2109,0,491
2000-01-16,379,"Chicago, IL",OAK,"Oakland, CA",1535,1535,1813,6,1802,1819,0,1836
2000-01-16,469,"Chicago, IL",OAK,"Oakland, CA",1944,1944,2236,5,2223,2241,0,1836
2000-01-16,1455,"Chicago, IL",OAK,"Oakland, CA",928,959,1230,4,1206,1234,0,1836
2000-01-16,576,"Chicago, IL",PIT,"Pittsburgh, PA",1050,1050,1256,6,1305,1302,0,412
2000-01-16,582,"Chicago, IL",PIT,"Pittsburgh, PA",1310,1309,1515,5,1530,1520,0,412
2000-01-16,734,"Chicago, IL",PIT,"Pittsburgh, PA",1444,1443,1650,6,1704,1656,0,412
2000-01-16,760,"Chicago, IL",PIT,"Pittsburgh, PA",2055,29,230,6,2314,236,0,412
2000-01-16,1204,"Chicago, IL",PIT,"Pittsburgh, PA",1644,1645,1845,6,1908,1851,0,412
2000-01-16,1174,"Chicago, IL",RSW,"Fort Myers, FL",1455,1505,1833,4,1836,1837,0,1120
2000-01-16,1206,"Chicago, IL",RSW,"Fort Myers, FL",739,739,1114,3,1120,1117,0,1120
2000-01-16,315,"Chicago, IL",SAN,"San Diego, CA",815,810,1015,3,1024,1018,0,1723
2000-01-16,477,"Chicago, IL",SAN,"San Diego, CA",1144,1207,1436,2,1354,1438,0,1723
2000-01-16,741,"Chicago, IL",SAN,"San Diego, CA",937,933,1138,2,1148,1140,0,1723
2000-01-16,929,"Chicago, IL",SAN,"San Diego, CA",1514,1513,1727,2,1727,1729,0,1723
2000-01-16,1121,"Chicago, IL",SAN,"San Diego, CA",1755,1748,1959,2,2009,2001,0,1723
2000-01-16,1277,"Chicago, IL",SAN,"San Diego, CA",1940,2000,2211,2,2155,2213,0,1723
2000-01-16,333,"Chicago, IL",SEA,"Seattle, WA",925,922,1151,7,1146,1158,0,1721
2000-01-16,337,"Chicago, IL",SEA,"Seattle, WA",1914,1921,2223,5,2142,2228,0,1721
2000-01-16,383,"Chicago, IL",SEA,"Seattle, WA",1750,1749,2050,4,2019,2054,0,1721
2000-01-16,537,"Chicago, IL",SEA,"Seattle, WA",2225,2223,50,3,44,53,0,1721
2000-01-16,755,"Chicago, IL",SEA,"Seattle, WA",810,809,1051,4,1039,1055,0,1721
2000-01-16,939,"Chicago, IL",SEA,"Seattle, WA",1144,1149,1434,4,1405,1438,0,1721
2000-01-16,943,"Chicago, IL",SEA,"Seattle, WA",1530,1703,1942,5,1746,1947,0,1721
2000-01-16,1748,"Chicago, IL",SJU,"San Juan, PR",739,739,1354,4,1405,1358,0,2072
2000-01-16,1999,"Chicago, IL",SJU,"San Juan, PR",814,812,1421,36,1440,1457,0,2072
2000-01-16,1671,"Chicago, IL",STL,"St. Louis, MO",1520,1520,1630,2,1629,1632,0,258
2000-01-16,877,"Chicago, IL",STT,"Charlotte Amalie, VI",744,742,1408,3,1429,1411,0,2116
2000-01-16,356,"Chicago, IL",SYR,"Syracuse, NY",1320,1337,1612,7,1604,1619,0,607
2000-01-16,1498,"Chicago, IL",SYR,"Syracuse, NY",1730,1736,2006,3,2010,2009,0,607
2000-01-16,568,"Chicago, IL",BTV,"Burlington, VT",1810,1834,2120,5,2059,2125,0,763
2000-01-16,1076,"Chicago, IL",BTV,"Burlington, VT",1315,1314,1616,4,1618,1620,0,763
2000-01-16,380,"Chicago, IL",BUF,"Buffalo, NY",1644,1714,1923,5,1907,1928,0,473
2000-01-16,786,"Chicago, IL",BUF,"Buffalo, NY",738,737,946,4,957,950,0,473
2000-01-16,790,"Chicago, IL",BUF,"Buffalo, NY",2100,2101,2312,4,2323,2316,0,473
2000-01-16,1576,"Chicago, IL",BUF,"Buffalo, NY",1450,1447,1652,3,1715,1655,0,473
2000-01-16,1881,"Chicago, IL",BUF,"Buffalo, NY",1105,1105,1311,4,1322,1315,0,473
2000-01-16,240,"Chicago, IL",CLE,"Cleveland, OH",1050,1048,1239,3,1259,1242,0,316
2000-01-16,348,"Chicago, IL",CLE,"Cleveland, OH",1730,1752,2024,4,1949,2028,0,316
2000-01-16,1184,"Chicago, IL",CLE,"Cleveland, OH",1310,1313,1513,3,1527,1516,0,316
2000-01-16,1588,"Chicago, IL",CLE,"Cleveland, OH",2115,2229,24,3,2328,27,0,316
2000-01-16,1922,"Chicago, IL",CLE,"Cleveland, OH",744,738,939,6,951,945,0,316
2000-01-16,773,"Chicago, IL",DSM,"Des Moines, IA",1514,1521,1618,3,1623,1621,0,299
2000-01-16,785,"Chicago, IL",DSM,"Des Moines, IA",2230,2238,2339,2,2338,2341,0,299
2000-01-16,1101,"Chicago, IL",DSM,"Des Moines, IA",1930,1931,2043,3,2042,2046,0,299
2000-01-16,1437,"Chicago, IL",DSM,"Des Moines, IA",1210,1208,1329,5,1318,1334,0,299
2000-01-16,1757,"Chicago, IL",DSM,"Des Moines, IA",920,919,1018,6,1033,1024,0,299
2000-01-16,43,"Chicago, IL",HNL,"Honolulu, HI",1000,958,1540,2,1507,1542,0,4244
2000-01-16,780,"Chicago, IL",HPN,"White Plains, NY",1727,1753,2048,5,2029,2053,0,738
2000-01-16,1200,"Chicago, IL",HPN,"White Plains, NY",1330,1325,1617,10,1635,1627,0,738
2000-01-16,1484,"Chicago, IL",HPN,"White Plains, NY",2045,2043,2326,3,2340,2329,0,738
2000-01-16,1488,"Chicago, IL",HPN,"White Plains, NY",1135,1133,1403,6,1429,1409,0,738
2000-01-16,1686,"Chicago, IL",HPN,"White Plains, NY",1614,1620,1903,2,1910,1905,0,738
2000-01-16,474,"Chicago, IL",IAD,"Washington, DC",1320,1344,1613,6,1612,1619,0,589
2000-01-16,492,"Chicago, IL",IAD,"Washington, DC",1030,1027,1252,4,1312,1256,0,589
2000-01-16,538,"Chicago, IL",IAD,"Washington, DC",805,800,1026,5,1048,1031,0,589
2000-01-16,718,"Chicago, IL",IAD,"Washington, DC",1810,1825,2104,8,2100,2112,0,589
2000-01-16,882,"Chicago, IL",IAD,"Washington, DC",1714,1723,1945,4,1958,1949,0,589
2000-01-16,1242,"Chicago, IL",IAD,"Washington, DC",600,557,817,6,844,823,0,589
2000-01-16,1246,"Chicago, IL",IAD,"Washington, DC",1450,1450,1719,13,1746,1732,0,589
2000-01-16,1638,"Chicago, IL",IAD,"Washington, DC",2055,2051,2315,9,2340,2324,0,589
2000-01-16,501,"Chicago, IL",JAX,"Jacksonville, FL",820,819,1112,4,1132,1116,0,865
2000-01-16,631,"Chicago, IL",JAX,"Jacksonville, FL",2045,2045,2333,3,2359,2336,0,865
2000-01-16,684,"Chicago, IL",LGA,"New York, NY",1300,1304,1545,7,1554,1552,0,733
2000-01-16,686,"Chicago, IL",LGA,"New York, NY",1200,1158,1500,5,1455,1505,0,733
2000-01-16,690,"Chicago, IL",LGA,"New York, NY",1000,958,1233,5,1250,1238,0,733
2000-01-16,692,"Chicago, IL",LGA,"New York, NY",900,858,1141,3,1155,1144,0,733
2000-01-16,696,"Chicago, IL",LGA,"New York, NY",700,658,939,4,954,943,0,733
2000-01-16,896,"Chicago, IL",LGA,"New York, NY",0,1057,1336,3,0,1339,0,733
2000-01-16,1547,"Chicago, IL",LNK,"Lincoln, NE",1950,1949,2123,2,2115,2125,0,466
2000-01-16,1815,"Chicago, IL",LNK,"Lincoln, NE",912,918,1038,3,1037,1041,0,466
2000-01-16,521,"Chicago, IL",MBS,"Saginaw/Bay City/Midland, MI",1703,1721,1910,5,1900,1915,0,222
2000-01-16,1760,"Chicago, IL",MBS,"Saginaw/Bay City/Midland, MI",1310,1308,1514,2,1507,1516,0,222
2000-01-16,1902,"Chicago, IL",MBS,"Saginaw/Bay City/Midland, MI",2115,2111,2300,4,2313,2304,0,222
2000-01-16,562,"Chicago, IL",MHT,"Manchester, NH",2057,23,318,6,2359,324,0,843
2000-01-16,1024,"Chicago, IL",MHT,"Manchester, NH",1309,1311,1552,5,1614,1557,0,843
2000-01-16,1048,"Chicago, IL",MHT,"Manchester, NH",1710,1709,2010,5,2015,2015,0,843
2000-01-16,330,"Chicago, IL",ORF,"Norfolk, VA",1314,1326,1621,3,1612,1624,0,717
2000-01-16,532,"Chicago, IL",ORF,"Norfolk, VA",1725,1723,2005,3,2020,2008,0,717
2000-01-16,1198,"Chicago, IL",ORF,"Norfolk, VA",825,901,1224,2,1121,1226,0,717
2000-01-16,142,"Chicago, IL",PBI,"West Palm Beach/Palm Beach, FL",1950,2022,2347,6,2329,2353,0,1144
2000-01-16,639,"Chicago, IL",PBI,"West Palm Beach/Palm Beach, FL",1030,1151,1534,2,1409,1536,0,1144
2000-01-16,282,"Chicago, IL",RIC,"Richmond, VA",625,620,846,3,912,849,0,642
2000-01-16,1606,"Chicago, IL",RIC,"Richmond, VA",1314,1311,1551,3,1603,1554,0,642
2000-01-16,1824,"Chicago, IL",RIC,"Richmond, VA",1720,1721,1956,4,2009,2000,0,642
2000-01-16,386,"Chicago, IL",ROC,"Rochester, NY",2125,2123,2341,3,2359,2344,0,528
2000-01-16,438,"Chicago, IL",ROC,"Rochester, NY",1705,1700,1924,3,1939,1927,0,528
2000-01-16,550,"Chicago, IL",ROC,"Rochester, NY",1040,1038,"","",1309,"",0,528
2000-01-16,1456,"Chicago, IL",ROC,"Rochester, NY",1440,1439,1658,3,1711,1701,0,528
2000-01-16,381,"Chicago, IL",SMF,"Sacramento, CA",915,927,1213,3,1147,1216,0,1781
2000-01-16,483,"Chicago, IL",SMF,"Sacramento, CA",1914,1919,2218,6,2145,2224,0,1781
2000-01-16,621,"Chicago, IL",SMF,"Sacramento, CA",1545,1542,1831,4,1814,1835,0,1781
2000-01-16,1405,"Chicago, IL",SMF,"Sacramento, CA",1144,1144,1423,4,1408,1427,0,1781
2000-01-16,303,"Chicago, IL",SNA,"Santa Ana, CA",1525,1526,1727,5,1737,1732,0,1726
2000-01-16,365,"Chicago, IL",SNA,"Santa Ana, CA",1144,1143,1411,6,1357,1417,0,1726
2000-01-16,473,"Chicago, IL",SNA,"Santa Ana, CA",1944,1947,2205,2,2159,2207,0,1726
2000-01-16,1075,"Chicago, IL",SNA,"Santa Ana, CA",1745,1744,1954,4,2000,1958,0,1726
2000-01-16,1543,"Chicago, IL",SNA,"Santa Ana, CA",914,926,1132,5,1127,1137,0,1726
2000-01-16,609,"Chicago, IL",STL,"St. Louis, MO",1144,1150,1257,4,1253,1301,0,258
2000-01-16,779,"Chicago, IL",STL,"St. Louis, MO",1925,1938,2048,6,2036,2054,0,258
2000-01-17,568,"Chicago, IL",BTV,"Burlington, VT",1810,"","","",2059,"",1,763
2000-01-17,1076,"Chicago, IL",BTV,"Burlington, VT",1325,1354,1643,5,1624,1648,0,763
2000-01-17,380,"Chicago, IL",BUF,"Buffalo, NY",1645,1734,2015,5,1908,2020,0,473
2000-01-17,786,"Chicago, IL",BUF,"Buffalo, NY",738,738,953,3,957,956,0,473
2000-01-17,790,"Chicago, IL",BUF,"Buffalo, NY",2100,2211,44,3,2323,47,0,473
2000-01-17,1576,"Chicago, IL",BUF,"Buffalo, NY",1450,1738,2009,7,1715,2016,0,473
2000-01-17,1881,"Chicago, IL",BUF,"Buffalo, NY",1105,1153,1419,5,1322,1424,0,473
2000-01-17,240,"Chicago, IL",CLE,"Cleveland, OH",1050,1104,1308,3,1259,1311,0,316
2000-01-17,348,"Chicago, IL",CLE,"Cleveland, OH",1714,"","","",1933,"",1,316
2000-01-17,520,"Chicago, IL",CLE,"Cleveland, OH",625,624,844,3,842,847,0,316
2000-01-17,1184,"Chicago, IL",CLE,"Cleveland, OH",1310,1308,1515,3,1527,1518,0,316
2000-01-17,1588,"Chicago, IL",CLE,"Cleveland, OH",2115,2119,2322,3,2328,2325,0,316
2000-01-17,1922,"Chicago, IL",CLE,"Cleveland, OH",744,744,943,2,951,945,0,316
2000-01-17,699,"Chicago, IL",DSM,"Des Moines, IA",815,828,933,3,924,936,0,299
2000-01-17,773,"Chicago, IL",DSM,"Des Moines, IA",1514,1514,1712,2,1623,1714,0,299
2000-01-17,785,"Chicago, IL",DSM,"Des Moines, IA",2230,2232,6,6,2338,12,0,299
2000-01-17,1101,"Chicago, IL",DSM,"Des Moines, IA",1930,"","","",2042,"",1,299
2000-01-17,1437,"Chicago, IL",DSM,"Des Moines, IA",1210,1312,1518,3,1318,1521,0,299
2000-01-17,1757,"Chicago, IL",DSM,"Des Moines, IA",920,928,1041,4,1033,1045,0,299
2000-01-17,43,"Chicago, IL",HNL,"Honolulu, HI",1000,1425,2003,6,1507,2009,0,4244
2000-01-17,780,"Chicago, IL",HPN,"White Plains, NY",1727,"","","",2029,"",1,738
2000-01-17,1200,"Chicago, IL",HPN,"White Plains, NY",1330,1406,1657,35,1635,1732,0,738
2000-01-17,1484,"Chicago, IL",HPN,"White Plains, NY",2045,2055,2350,4,2340,2354,0,738
2000-01-17,1486,"Chicago, IL",HPN,"White Plains, NY",705,716,1007,2,1000,1009,0,738
2000-01-17,1488,"Chicago, IL",HPN,"White Plains, NY",1135,1133,1420,3,1429,1423,0,738
2000-01-17,1686,"Chicago, IL",HPN,"White Plains, NY",1614,1755,2107,3,1910,2110,0,738
2000-01-17,474,"Chicago, IL",IAD,"Washington, DC",1320,1343,1619,7,1612,1626,0,589
2000-01-17,492,"Chicago, IL",IAD,"Washington, DC",1030,1030,1302,3,1312,1305,0,589
2000-01-17,538,"Chicago, IL",IAD,"Washington, DC",805,804,1040,5,1048,1045,0,589
2000-01-17,718,"Chicago, IL",IAD,"Washington, DC",1810,2026,2307,7,2100,2314,0,589
2000-01-17,766,"Chicago, IL",IAD,"Washington, DC",945,941,1206,5,1229,1211,0,589
2000-01-17,882,"Chicago, IL",IAD,"Washington, DC",1714,1838,2128,10,1958,2138,0,589
2000-01-17,1242,"Chicago, IL",IAD,"Washington, DC",600,558,839,6,842,845,0,589
2000-01-17,1246,"Chicago, IL",IAD,"Washington, DC",1450,1512,1754,10,1746,1804,0,589
2000-01-17,1638,"Chicago, IL",IAD,"Washington, DC",2055,"","","",2340,"",1,589
2000-01-17,501,"Chicago, IL",JAX,"Jacksonville, FL",820,816,1115,4,1132,1119,0,865
2000-01-17,631,"Chicago, IL",JAX,"Jacksonville, FL",2045,2157,109,5,2359,114,0,865
2000-01-17,684,"Chicago, IL",LGA,"New York, NY",1300,1258,1545,5,1554,1550,0,733
2000-01-17,686,"Chicago, IL",LGA,"New York, NY",1200,1158,1459,4,1452,1503,0,733
2000-01-17,690,"Chicago, IL",LGA,"New York, NY",1000,1001,1257,6,1250,1303,0,733
2000-01-17,692,"Chicago, IL",LGA,"New York, NY",900,900,1238,2,1155,1240,0,733
2000-01-17,694,"Chicago, IL",LGA,"New York, NY",800,827,1133,2,1100,1135,0,733
2000-01-17,696,"Chicago, IL",LGA,"New York, NY",700,701,1029,2,954,1031,0,733
2000-01-17,698,"Chicago, IL",LGA,"New York, NY",600,557,842,3,855,845,0,733
2000-01-17,896,"Chicago, IL",LGA,"New York, NY",0,"","","",0,"",1,733
2000-01-17,1547,"Chicago, IL",LNK,"Lincoln, NE",1950,2026,2150,2,2115,2152,0,466
2000-01-17,1815,"Chicago, IL",LNK,"Lincoln, NE",912,911,1041,7,1037,1048,0,466
2000-01-17,521,"Chicago, IL",MBS,"Saginaw/Bay City/Midland, MI",1703,"","","",1900,"",1,222
2000-01-17,1760,"Chicago, IL",MBS,"Saginaw/Bay City/Midland, MI",1310,1310,1545,7,1507,1552,0,222
2000-01-17,1851,"Chicago, IL",MBS,"Saginaw/Bay City/Midland, MI",815,839,1022,4,1012,1026,0,222
2000-01-17,1902,"Chicago, IL",MBS,"Saginaw/Bay City/Midland, MI",2115,2113,2310,6,2313,2316,0,222
2000-01-17,562,"Chicago, IL",MHT,"Manchester, NH",2057,2108,2358,3,2359,1,0,843
2000-01-17,1024,"Chicago, IL",MHT,"Manchester, NH",1309,1403,1729,5,1614,1734,0,843
2000-01-17,1048,"Chicago, IL",MHT,"Manchester, NH",1644,1805,2118,4,1949,2122,0,843
2000-01-17,330,"Chicago, IL",ORF,"Norfolk, VA",1314,1340,1636,3,1612,1639,0,717
2000-01-17,532,"Chicago, IL",ORF,"Norfolk, VA",1725,"","","",2020,"",1,717
2000-01-17,1198,"Chicago, IL",ORF,"Norfolk, VA",825,823,1111,3,1121,1114,0,717
2000-01-17,142,"Chicago, IL",PBI,"West Palm Beach/Palm Beach, FL",1950,2021,2345,3,2329,2348,0,1144
2000-01-17,639,"Chicago, IL",PBI,"West Palm Beach/Palm Beach, FL",1030,1034,1413,3,1409,1416,0,1144
2000-01-17,282,"Chicago, IL",RIC,"Richmond, VA",625,619,856,3,912,859,0,642
2000-01-17,1606,"Chicago, IL",RIC,"Richmond, VA",1314,1326,1607,4,1603,1611,0,642
2000-01-17,1824,"Chicago, IL",RIC,"Richmond, VA",1720,1835,2134,10,2009,2144,0,642
2000-01-17,386,"Chicago, IL",ROC,"Rochester, NY",2125,2214,58,7,2359,105,0,528
2000-01-17,438,"Chicago, IL",ROC,"Rochester, NY",1705,"","","",1939,"",1,528
2000-01-17,550,"Chicago, IL",ROC,"Rochester, NY",1040,1038,1303,4,1309,1307,0,528
2000-01-17,1194,"Chicago, IL",ROC,"Rochester, NY",700,657,915,5,930,920,0,528
2000-01-17,1456,"Chicago, IL",ROC,"Rochester, NY",1440,1506,1846,7,1711,1853,0,528
2000-01-17,381,"Chicago, IL",SMF,"Sacramento, CA",915,916,1203,3,1147,1206,0,1781
2000-01-17,483,"Chicago, IL",SMF,"Sacramento, CA",1914,"","","",2145,"",1,1781
2000-01-17,621,"Chicago, IL",SMF,"Sacramento, CA",1545,1606,1922,3,1814,1925,0,1781
2000-01-17,1405,"Chicago, IL",SMF,"Sacramento, CA",1144,1142,1425,3,1408,1428,0,1781
2000-01-17,303,"Chicago, IL",SNA,"Santa Ana, CA",1525,1551,1817,5,1737,1822,0,1726
2000-01-17,365,"Chicago, IL",SNA,"Santa Ana, CA",1144,1256,1506,5,1357,1511,0,1726
2000-01-17,473,"Chicago, IL",SNA,"Santa Ana, CA",1945,"","","",2200,"",1,1726
2000-01-17,1075,"Chicago, IL",SNA,"Santa Ana, CA",1745,1751,2030,21,2000,2051,0,1726
2000-01-17,1543,"Chicago, IL",SNA,"Santa Ana, CA",914,911,1123,8,1127,1131,0,1726
2000-01-17,285,"Chicago, IL",STL,"St. Louis, MO",739,741,847,6,849,853,0,258
2000-01-17,609,"Chicago, IL",STL,"St. Louis, MO",1144,1149,1305,5,1253,1310,0,258
2000-01-17,779,"Chicago, IL",STL,"St. Louis, MO",1925,1927,2044,4,2036,2048,0,258
2000-01-17,1122,"Chicago, IL",ABE,"Allentown/Bethlehem/Easton, PA",1650,"","","",1934,"",1,654
2000-01-17,1656,"Chicago, IL",ABE,"Allentown/Bethlehem/Easton, PA",1410,1414,1654,4,1656,1658,0,654
2000-01-17,373,"Chicago, IL",AUS,"Austin, TX",1914,1914,2155,3,2155,2158,0,978
2000-01-17,589,"Chicago, IL",AUS,"Austin, TX",922,943,1202,4,1202,1206,0,978
2000-01-17,394,"Chicago, IL",BDL,"Hartford, CT",1650,"","","",1950,"",1,783
2000-01-17,398,"Chicago, IL",BDL,"Hartford, CT",910,930,1228,5,1204,1233,0,783
2000-01-17,1126,"Chicago, IL",BDL,"Hartford, CT",2050,2252,156,7,2351,203,0,783
2000-01-17,1228,"Chicago, IL",BDL,"Hartford, CT",1320,1322,1610,4,1621,1614,0,783
2000-01-17,1404,"Chicago, IL",BDL,"Hartford, CT",1035,1032,1323,3,1332,1326,0,783
2000-01-17,1522,"Chicago, IL",BDL,"Hartford, CT",600,555,853,6,856,859,0,783
2000-01-17,502,"Chicago, IL",BOS,"Boston, MA",644,643,959,4,954,1003,0,867
2000-01-17,504,"Chicago, IL",BOS,"Boston, MA",744,743,1055,3,1053,1058,0,867
2000-01-17,506,"Chicago, IL",BOS,"Boston, MA",845,849,1159,8,1154,1207,0,867
2000-01-17,508,"Chicago, IL",BOS,"Boston, MA",945,1007,1321,4,1254,1325,0,867
2000-01-17,512,"Chicago, IL",BOS,"Boston, MA",1144,1151,1519,4,1457,1523,0,867
2000-01-17,514,"Chicago, IL",BOS,"Boston, MA",1245,"","","",1554,"",1,867
2000-01-17,516,"Chicago, IL",BOS,"Boston, MA",1644,"","","",1959,"",1,867
2000-01-17,518,"Chicago, IL",BOS,"Boston, MA",1344,1405,1726,3,1707,1729,0,867
2000-01-17,522,"Chicago, IL",BOS,"Boston, MA",1544,1607,1937,6,1858,1943,0,867
2000-01-17,524,"Chicago, IL",BOS,"Boston, MA",1744,1755,2133,4,2059,2137,0,867
2000-01-17,526,"Chicago, IL",BOS,"Boston, MA",1845,2139,59,4,2156,103,0,867
2000-01-17,528,"Chicago, IL",BOS,"Boston, MA",1444,"","","",1759,"",1,867
2000-01-17,884,"Chicago, IL",BOS,"Boston, MA",1044,1059,1428,3,1355,1431,0,867
2000-01-17,1018,"Chicago, IL",BOS,"Boston, MA",2045,"","","",2355,"",1,867
2000-01-17,138,"Chicago, IL",CMH,"Columbus, OH",1310,1322,1526,4,1516,1530,0,296
2000-01-17,601,"Chicago, IL",CMH,"Columbus, OH",805,802,1009,4,1010,1013,0,296
2000-01-17,1118,"Chicago, IL",CMH,"Columbus, OH",655,653,847,3,901,850,0,296
2000-01-17,1452,"Chicago, IL",CMH,"Columbus, OH",1105,1123,1314,3,1310,1317,0,296
2000-01-17,1518,"Chicago, IL",CMH,"Columbus, OH",1644,"","","",1854,"",1,296
2000-01-17,1548,"Chicago, IL",CMH,"Columbus, OH",2115,2245,56,6,2325,102,0,296
2000-01-17,600,"Chicago, IL",DCA,"Washington, DC",630,629,854,3,907,857,0,612
2000-01-17,602,"Chicago, IL",DCA,"Washington, DC",730,727,959,9,1010,1008,0,612
2000-01-17,604,"Chicago, IL",DCA,"Washington, DC",830,830,1100,2,1111,1102,0,612
2000-01-17,606,"Chicago, IL",DCA,"Washington, DC",930,928,1204,4,1209,1208,0,612
2000-01-17,608,"Chicago, IL",DCA,"Washington, DC",1030,1029,1258,2,1309,1300,0,612
2000-01-17,610,"Chicago, IL",DCA,"Washington, DC",1130,"","","",1403,"",1,612
2000-01-17,612,"Chicago, IL",DCA,"Washington, DC",1230,1245,1523,1,1506,1524,0,612
2000-01-17,614,"Chicago, IL",DCA,"Washington, DC",1314,1324,1612,2,1558,1614,0,612
2000-01-17,616,"Chicago, IL",DCA,"Washington, DC",1330,1427,1701,6,1617,1707,0,612
2000-01-17,618,"Chicago, IL",DCA,"Washington, DC",1430,1517,1809,2,1711,1811,0,612
2000-01-17,620,"Chicago, IL",DCA,"Washington, DC",1530,1729,2018,2,1810,2020,0,612
2000-01-17,622,"Chicago, IL",DCA,"Washington, DC",1630,"","","",1908,"",1,612
2000-01-17,624,"Chicago, IL",DCA,"Washington, DC",1700,1707,1953,2,1947,1955,0,612
2000-01-17,626,"Chicago, IL",DCA,"Washington, DC",1730,1906,2157,3,2016,2200,0,612
2000-01-17,628,"Chicago, IL",DCA,"Washington, DC",1830,"","","",2108,"",1,612
2000-01-17,630,"Chicago, IL",DCA,"Washington, DC",1930,2046,2325,2,2208,2327,0,612
2000-01-17,632,"Chicago, IL",DCA,"Washington, DC",2045,2054,2327,3,2323,2330,0,612
2000-01-17,321,"Chicago, IL",DFW,"Dallas/Fort Worth, TX",945,951,1159,3,1208,1202,0,802
2000-01-17,495,"Chicago, IL",DFW,"Dallas/Fort Worth, TX",655,653,857,5,916,902,0,802
2000-01-17,685,"Chicago, IL",DFW,"Dallas/Fort Worth, TX",1405,1444,1726,11,1629,1737,0,802
2000-01-17,789,"Chicago, IL",DFW,"Dallas/Fort Worth, TX",1514,1527,1744,14,1738,1758,0,802
2000-01-17,1115,"Chicago, IL",DFW,"Dallas/Fort Worth, TX",830,826,1029,4,1051,1033,0,802
2000-01-17,1281,"Chicago, IL",DFW,"Dallas/Fort Worth, TX",1800,"","","",2015,"",1,802
2000-01-17,1621,"Chicago, IL",DFW,"Dallas/Fort Worth, TX",1925,"","","",2147,"",1,802
2000-01-17,1707,"Chicago, IL",DFW,"Dallas/Fort Worth, TX",1155,1159,1426,15,1421,1441,0,802
2000-01-17,634,"Chicago, IL",EWR,"Newark, NJ",630,629,911,8,928,919,0,719
2000-01-17,636,"Chicago, IL",EWR,"Newark, NJ",730,731,1027,10,1027,1037,0,719
2000-01-17,638,"Chicago, IL",EWR,"Newark, NJ",830,827,1125,9,1128,1134,0,719
2000-01-17,640,"Chicago, IL",EWR,"Newark, NJ",930,926,1214,8,1225,1222,0,719
2000-01-17,642,"Chicago, IL",EWR,"Newark, NJ",1030,1033,1331,8,1328,1339,0,719
2000-01-17,644,"Chicago, IL",EWR,"Newark, NJ",1130,1127,1417,7,1429,1424,0,719
2000-01-17,646,"Chicago, IL",EWR,"Newark, NJ",1230,1230,1612,10,1533,1622,0,719
2000-01-17,648,"Chicago, IL",EWR,"Newark, NJ",1330,1329,1804,12,1644,1816,0,719
2000-01-17,652,"Chicago, IL",EWR,"Newark, NJ",1430,1712,2023,9,1738,2032,0,719
2000-01-17,654,"Chicago, IL",EWR,"Newark, NJ",1530,1559,1914,11,1840,1925,0,719
2000-01-17,656,"Chicago, IL",EWR,"Newark, NJ",1644,"","","",1947,"",1,719
2000-01-17,658,"Chicago, IL",EWR,"Newark, NJ",1730,"","","",2033,"",1,719
2000-01-17,660,"Chicago, IL",EWR,"Newark, NJ",1830,1851,2140,8,2126,2148,0,719
2000-01-17,664,"Chicago, IL",EWR,"Newark, NJ",2045,"","","",2343,"",1,719
2000-01-17,561,"Chicago, IL",ICT,"Wichita, KS",1915,1911,2111,2,2104,2113,0,588
2000-01-17,649,"Chicago, IL",ICT,"Wichita, KS",1514,1716,1909,4,1700,1913,0,588
2000-01-17,795,"Chicago, IL",ICT,"Wichita, KS",915,913,1104,4,1104,1108,0,588
2000-01-17,292,"Chicago, IL",IND,"Indianapolis, IN",700,659,845,9,856,854,0,177
2000-01-17,314,"Chicago, IL",IND,"Indianapolis, IN",1655,"","","",1851,"",1,177
2000-01-17,500,"Chicago, IL",IND,"Indianapolis, IN",1144,1151,1345,6,1341,1351,0,177
2000-01-17,1590,"Chicago, IL",IND,"Indianapolis, IN",1520,1723,1927,5,1716,1932,0,177
2000-01-17,1608,"Chicago, IL",IND,"Indianapolis, IN",1310,1309,1500,6,1505,1506,0,177
2000-01-17,1758,"Chicago, IL",IND,"Indianapolis, IN",2105,2349,137,8,2303,145,0,177
2000-01-17,1808,"Chicago, IL",IND,"Indianapolis, IN",2225,2230,35,6,20,41,0,177
2000-01-17,707,"Chicago, IL",LAS,"Las Vegas, NV",2230,2341,132,5,16,137,0,1515
2000-01-17,711,"Chicago, IL",LAS,"Las Vegas, NV",1935,2044,2240,9,2121,2249,0,1515
2000-01-17,715,"Chicago, IL",LAS,"Las Vegas, NV",1514,2044,2244,7,1656,2251,0,1515
2000-01-17,717,"Chicago, IL",LAS,"Las Vegas, NV",800,804,1014,4,936,1018,0,1515
2000-01-17,721,"Chicago, IL",LAS,"Las Vegas, NV",1150,1204,1428,7,1330,1435,0,1515
2000-01-17,101,"Chicago, IL",LAX,"Los Angeles, CA",800,756,957,2,1021,959,0,1745
2000-01-17,105,"Chicago, IL",LAX,"Los Angeles, CA",1530,1540,1802,7,1742,1809,0,1745
2000-01-17,107,"Chicago, IL",LAX,"Los Angeles, CA",1630,1636,1929,6,1849,1935,0,1745
2000-01-17,111,"Chicago, IL",LAX,"Los Angeles, CA",1245,1242,1511,8,1508,1519,0,1745
2000-01-17,115,"Chicago, IL",LAX,"Los Angeles, CA",930,936,1144,19,1148,1203,0,1745
2000-01-17,117,"Chicago, IL",LAX,"Los Angeles, CA",1155,1149,1505,8,1411,1513,0,1745
2000-01-17,119,"Chicago, IL",LAX,"Los Angeles, CA",1330,1343,1555,4,1548,1559,0,1745
2000-01-17,121,"Chicago, IL",LAX,"Los Angeles, CA",1430,1440,1703,10,1644,1713,0,1745
2000-01-17,125,"Chicago, IL",LAX,"Los Angeles, CA",1210,1207,1448,4,1433,1452,0,1745
2000-01-17,127,"Chicago, IL",LAX,"Los Angeles, CA",2220,2217,101,8,40,109,0,1745
2000-01-17,129,"Chicago, IL",LAX,"Los Angeles, CA",2030,"","","",2250,"",1,1745
2000-01-17,607,"Chicago, IL",LAX,"Los Angeles, CA",1040,1036,1250,4,1303,1254,0,1745
2000-01-17,762,"Chicago, IL",LAX,"Los Angeles, CA",700,700,914,7,917,921,0,1745
2000-01-17,815,"Chicago, IL",LAX,"Los Angeles, CA",1755,1854,2142,19,2012,2201,0,1745
2000-01-17,841,"Chicago, IL",LAX,"Los Angeles, CA",1925,2038,2251,6,2145,2257,0,1745
2000-01-17,953,"Chicago, IL",LAX,"Los Angeles, CA",2000,2204,39,10,2218,49,0,1745
2000-01-17,393,"Chicago, IL",MCI,"Kansas City, MO",914,917,1034,5,1034,1039,0,403
2000-01-17,455,"Chicago, IL",MCI,"Kansas City, MO",1144,1205,1347,5,1305,1352,0,403
2000-01-17,1147,"Chicago, IL",MCI,"Kansas City, MO",804,803,923,4,926,927,0,403
2000-01-17,1597,"Chicago, IL",MCI,"Kansas City, MO",1530,1612,1757,4,1651,1801,0,403
2000-01-17,1747,"Chicago, IL",MCI,"Kansas City, MO",1945,2033,2158,4,2112,2202,0,403
2000-01-17,1895,"Chicago, IL",MCI,"Kansas City, MO",1814,1844,2035,5,1941,2040,0,403
2000-01-17,421,"Chicago, IL",MEM,"Memphis, TN",1510,1613,1818,4,1644,1822,0,491
2000-01-17,1151,"Chicago, IL",MEM,"Memphis, TN",920,916,1045,4,1054,1049,0,491
2000-01-17,1795,"Chicago, IL",MEM,"Memphis, TN",1914,"","","",2049,"",1,491
2000-01-17,379,"Chicago, IL",OAK,"Oakland, CA",1535,1557,1855,5,1802,1900,0,1836
2000-01-17,469,"Chicago, IL",OAK,"Oakland, CA",1944,2155,117,5,2223,122,0,1836
2000-01-17,1455,"Chicago, IL",OAK,"Oakland, CA",928,930,1228,5,1206,1233,0,1836
2000-01-17,556,"Chicago, IL",PIT,"Pittsburgh, PA",739,739,945,4,957,949,0,412
2000-01-17,576,"Chicago, IL",PIT,"Pittsburgh, PA",1040,1039,1248,5,1255,1253,0,412
2000-01-17,582,"Chicago, IL",PIT,"Pittsburgh, PA",1310,1308,1514,5,1530,1519,0,412
2000-01-17,734,"Chicago, IL",PIT,"Pittsburgh, PA",1444,1726,1949,5,1704,1954,0,412
2000-01-17,760,"Chicago, IL",PIT,"Pittsburgh, PA",2055,2149,8,5,2314,13,0,412
2000-01-17,1204,"Chicago, IL",PIT,"Pittsburgh, PA",1644,"","","",1908,"",1,412
2000-01-17,1174,"Chicago, IL",RSW,"Fort Myers, FL",1455,1536,1917,3,1836,1920,0,1120
2000-01-17,1206,"Chicago, IL",RSW,"Fort Myers, FL",739,741,1115,3,1120,1118,0,1120
2000-01-17,315,"Chicago, IL",SAN,"San Diego, CA",815,"","","",1024,"",1,1723
2000-01-17,477,"Chicago, IL",SAN,"San Diego, CA",1144,1143,1348,3,1354,1351,0,1723
2000-01-17,741,"Chicago, IL",SAN,"San Diego, CA",937,933,1156,3,1148,1159,0,1723
2000-01-17,929,"Chicago, IL",SAN,"San Diego, CA",1514,1550,1820,3,1727,1823,0,1723
2000-01-17,1121,"Chicago, IL",SAN,"San Diego, CA",1755,2001,2231,4,2009,2235,0,1723
2000-01-17,1277,"Chicago, IL",SAN,"San Diego, CA",1940,2017,2239,3,2155,2242,0,1723
2000-01-17,333,"Chicago, IL",SEA,"Seattle, WA",925,923,1157,6,1146,1203,0,1721
2000-01-17,337,"Chicago, IL",SEA,"Seattle, WA",1914,"","","",2142,"",1,1721
2000-01-17,383,"Chicago, IL",SEA,"Seattle, WA",1750,1948,2308,4,2019,2312,0,1721
2000-01-17,537,"Chicago, IL",SEA,"Seattle, WA",2225,4,254,3,44,257,0,1721
2000-01-17,755,"Chicago, IL",SEA,"Seattle, WA",810,812,1037,3,1031,1040,0,1721
2000-01-17,939,"Chicago, IL",SEA,"Seattle, WA",1144,1151,1436,3,1405,1439,0,1721
2000-01-17,943,"Chicago, IL",SEA,"Seattle, WA",1530,1557,1839,3,1746,1842,0,1721
2000-01-17,1748,"Chicago, IL",SJU,"San Juan, PR",739,738,1340,4,1405,1344,0,2072
2000-01-17,1671,"Chicago, IL",STL,"St. Louis, MO",1520,1553,1715,4,1629,1719,0,258
2000-01-17,356,"Chicago, IL",SYR,"Syracuse, NY",1320,1336,1609,3,1604,1612,0,607
2000-01-17,1498,"Chicago, IL",SYR,"Syracuse, NY",1730,1755,2034,4,2010,2038,0,607
2000-01-17,1620,"Chicago, IL",SYR,"Syracuse, NY",630,626,853,4,904,857,0,607
2000-01-17,352,"Chicago, IL",ALB,"Albany, NY",1320,1333,1609,3,1614,1612,0,723
2000-01-17,1104,"Chicago, IL",ALB,"Albany, NY",620,614,858,4,910,902,0,723
2000-01-17,1454,"Chicago, IL",ALB,"Albany, NY",1720,1914,2211,4,2014,2215,0,723
2000-01-17,364,"Chicago, IL",ATL,"Atlanta, GA",1914,2025,2258,7,2204,2305,0,606
2000-01-17,446,"Chicago, IL",ATL,"Atlanta, GA",925,930,1200,7,1209,1207,0,606
2000-01-17,527,"Chicago, IL",ATL,"Atlanta, GA",2100,2248,132,7,2345,139,0,606
2000-01-17,796,"Chicago, IL",ATL,"Atlanta, GA",1330,1439,1714,6,1633,1720,0,606
2000-01-17,1268,"Chicago, IL",ATL,"Atlanta, GA",650,657,930,5,941,935,0,606
2000-01-17,1628,"Chicago, IL",ATL,"Atlanta, GA",1035,1042,1318,6,1324,1324,0,606
2000-01-17,1690,"Chicago, IL",ATL,"Atlanta, GA",1655,"","","",1948,"",1,606
2000-01-17,1162,"Chicago, IL",BHM,"Birmingham, AL",2125,2154,2348,6,2306,2354,0,584
2000-01-17,1166,"Chicago, IL",BHM,"Birmingham, AL",900,905,1040,2,1040,1042,0,584
2000-01-17,669,"Chicago, IL",CID,"Cedar Rapids/Iowa City, IA",2230,2228,2335,6,2324,2341,0,196
2000-01-17,681,"Chicago, IL",CID,"Cedar Rapids/Iowa City, IA",1600,"","","",1655,"",1,196
2000-01-17,743,"Chicago, IL",CID,"Cedar Rapids/Iowa City, IA",1920,1953,2052,3,2018,2055,0,196
2000-01-17,1823,"Chicago, IL",CID,"Cedar Rapids/Iowa City, IA",1145,1143,1236,17,1241,1253,0,196
2000-01-17,1827,"Chicago, IL",CID,"Cedar Rapids/Iowa City, IA",926,"","","",1022,"",1,196
2000-01-17,1019,"Chicago, IL",COS,"Colorado Springs, CO",1920,1950,2121,4,2045,2125,0,911
2000-01-17,1785,"Chicago, IL",COS,"Colorado Springs, CO",950,946,1119,6,1121,1125,0,911
2000-01-17,490,"Chicago, IL",CVG,"Cincinnati, OH",739,734,937,4,948,941,0,264
2000-01-17,529,"Chicago, IL",CVG,"Cincinnati, OH",2115,2227,45,8,2324,53,0,264
2000-01-17,772,"Chicago, IL",CVG,"Cincinnati, OH",1415,1428,1640,5,1618,1645,0,264
2000-01-17,1140,"Chicago, IL",CVG,"Cincinnati, OH",600,559,756,4,809,800,0,264
2000-01-17,1810,"Chicago, IL",CVG,"Cincinnati, OH",1110,1105,1258,4,1311,1302,0,264
2000-01-17,1892,"Chicago, IL",CVG,"Cincinnati, OH",1655,"","","",1901,"",1,264
2000-01-17,241,"Chicago, IL",DEN,"Denver, CO",600,600,726,6,724,732,0,888
2000-01-17,243,"Chicago, IL",DEN,"Denver, CO",700,701,825,7,829,832,0,888
2000-01-17,245,"Chicago, IL",DEN,"Denver, CO",755,754,926,8,923,934,0,888
2000-01-17,247,"Chicago, IL",DEN,"Denver, CO",910,924,1047,5,1038,1052,0,888
2000-01-17,251,"Chicago, IL",DEN,"Denver, CO",945,943,1112,6,1117,1118,0,888
2000-01-17,253,"Chicago, IL",DEN,"Denver, CO",1245,1247,1422,7,1418,1429,0,888
2000-01-17,255,"Chicago, IL",DEN,"Denver, CO",1530,1534,1720,7,1701,1727,0,888
2000-01-17,259,"Chicago, IL",DEN,"Denver, CO",1525,1527,1723,8,1656,1731,0,888
2000-01-17,531,"Chicago, IL",DEN,"Denver, CO",2220,2240,31,4,2347,35,0,888
2000-01-17,941,"Chicago, IL",DEN,"Denver, CO",1920,1937,2111,6,2052,2117,0,888
2000-01-17,945,"Chicago, IL",DEN,"Denver, CO",1150,1149,1315,9,1325,1324,0,888
2000-01-17,959,"Chicago, IL",DEN,"Denver, CO",1745,1748,1920,8,1910,1928,0,888
2000-01-17,368,"Chicago, IL",FLL,"Fort Lauderdale, FL",741,741,1125,5,1129,1130,0,1182
2000-01-17,426,"Chicago, IL",FLL,"Fort Lauderdale, FL",2110,2133,109,4,56,113,0,1182
2000-01-17,1948,"Chicago, IL",FLL,"Fort Lauderdale, FL",1415,1425,1804,4,1804,1808,0,1182
2000-01-17,573,"Chicago, IL",IAH,"Houston, TX",914,910,1131,5,1147,1136,0,925
2000-01-17,703,"Chicago, IL",IAH,"Houston, TX",1200,1200,1443,3,1434,1446,0,925
2000-01-17,705,"Chicago, IL",IAH,"Houston, TX",700,658,920,5,932,925,0,925
2000-01-17,1169,"Chicago, IL",IAH,"Houston, TX",1514,1643,1908,5,1746,1913,0,925
2000-01-17,1897,"Chicago, IL",IAH,"Houston, TX",1925,1939,2154,5,2156,2159,0,925
2000-01-17,1957,"Chicago, IL",IAH,"Houston, TX",1750,1808,2028,4,2021,2032,0,925
2000-01-17,670,"Chicago, IL",LGA,"New York, NY",2100,2144,34,5,2349,39,0,733
2000-01-17,672,"Chicago, IL",LGA,"New York, NY",1900,2020,2310,7,2157,2317,0,733
2000-01-17,674,"Chicago, IL",LGA,"New York, NY",1800,1953,2258,2,2058,2300,0,733
2000-01-17,676,"Chicago, IL",LGA,"New York, NY",1700,1720,2029,8,2000,2037,0,733
2000-01-17,678,"Chicago, IL",LGA,"New York, NY",1600,1649,1942,6,1900,1948,0,733
2000-01-17,680,"Chicago, IL",LGA,"New York, NY",1500,"","","",1758,"",1,733
2000-01-17,682,"Chicago, IL",LGA,"New York, NY",1400,1450,1747,2,1700,1749,0,733
2000-01-17,342,"Chicago, IL",MCO,"Orlando, FL",2115,"","","",43,"",1,1005
2000-01-17,1044,"Chicago, IL",MCO,"Orlando, FL",1655,1811,2127,6,2014,2133,0,1005
2000-01-17,1500,"Chicago, IL",MCO,"Orlando, FL",1344,1455,1829,6,1709,1835,0,1005
2000-01-17,1614,"Chicago, IL",MCO,"Orlando, FL",1035,1034,1350,5,1358,1355,0,1005
2000-01-17,1832,"Chicago, IL",MCO,"Orlando, FL",800,757,1125,6,1131,1131,0,1005
2000-01-17,299,"Chicago, IL",MSP,"Minneapolis, MN",1145,1144,1301,4,1303,1305,0,334
2000-01-17,353,"Chicago, IL",MSP,"Minneapolis, MN",744,746,905,3,903,908,0,334
2000-01-17,359,"Chicago, IL",MSP,"Minneapolis, MN",1344,1349,1522,3,1503,1525,0,334
2000-01-17,457,"Chicago, IL",MSP,"Minneapolis, MN",1044,1042,1207,14,1202,1221,0,334
2000-01-17,583,"Chicago, IL",MSP,"Minneapolis, MN",1544,1555,1724,4,1707,1728,0,334
2000-01-17,599,"Chicago, IL",MSP,"Minneapolis, MN",945,942,1108,4,1104,1112,0,334
2000-01-17,719,"Chicago, IL",MSP,"Minneapolis, MN",1444,1459,1700,19,1604,1719,0,334
2000-01-17,765,"Chicago, IL",MSP,"Minneapolis, MN",1644,"","","",1805,"",1,334
2000-01-17,799,"Chicago, IL",MSP,"Minneapolis, MN",645,642,804,4,808,808,0,334
2000-01-17,1067,"Chicago, IL",MSP,"Minneapolis, MN",1744,1746,1914,4,1912,1918,0,334
2000-01-17,1107,"Chicago, IL",MSP,"Minneapolis, MN",1945,2203,2336,7,2103,2343,0,334
2000-01-17,1139,"Chicago, IL",MSP,"Minneapolis, MN",1845,"","","",2007,"",1,334
2000-01-17,1583,"Chicago, IL",MSP,"Minneapolis, MN",1245,1243,1404,4,1404,1408,0,334
2000-01-17,1889,"Chicago, IL",MSP,"Minneapolis, MN",2225,2250,23,4,2341,27,0,334
2000-01-17,1917,"Chicago, IL",MSP,"Minneapolis, MN",845,856,1023,4,1008,1027,0,334
2000-01-17,535,"Chicago, IL",OMA,"Omaha, NE",1210,1211,1351,4,1334,1355,0,416
2000-01-17,635,"Chicago, IL",OMA,"Omaha, NE",816,815,939,3,940,942,0,416
2000-01-17,775,"Chicago, IL",OMA,"Omaha, NE",1950,2147,2333,5,2117,2338,0,416
2000-01-17,1129,"Chicago, IL",OMA,"Omaha, NE",912,914,1040,4,1031,1044,0,416
2000-01-17,1499,"Chicago, IL",OMA,"Omaha, NE",1540,1605,1753,5,1700,1758,0,416
2000-01-17,1149,"Chicago, IL",ONT,"Ontario, CA",1914,"","","",2131,"",1,1700
2000-01-17,1733,"Chicago, IL",ONT,"Ontario, CA",1155,1154,1458,3,1413,1501,0,1700
2000-01-17,1850,"Chicago, IL",PHL,"Philadelphia, PA",600,558,841,5,854,846,0,678
2000-01-17,1852,"Chicago, IL",PHL,"Philadelphia, PA",700,659,934,4,949,938,0,678
2000-01-17,1854,"Chicago, IL",PHL,"Philadelphia, PA",815,812,1057,3,1102,1100,0,678
2000-01-17,1856,"Chicago, IL",PHL,"Philadelphia, PA",900,859,1146,4,1149,1150,0,678
2000-01-17,1858,"Chicago, IL",PHL,"Philadelphia, PA",1000,956,1239,6,1249,1245,0,678
2000-01-17,1860,"Chicago, IL",PHL,"Philadelphia, PA",1100,1108,1344,9,1349,1353,0,678
2000-01-17,1862,"Chicago, IL",PHL,"Philadelphia, PA",1200,1212,1509,5,1449,1514,0,678
2000-01-17,1864,"Chicago, IL",PHL,"Philadelphia, PA",1310,1307,1546,6,1607,1552,0,678
2000-01-17,1866,"Chicago, IL",PHL,"Philadelphia, PA",1410,1423,1709,5,1706,1714,0,678
2000-01-17,1868,"Chicago, IL",PHL,"Philadelphia, PA",1600,"","","",1854,"",1,678
2000-01-17,1872,"Chicago, IL",PHL,"Philadelphia, PA",1700,"","","",1958,"",1,678
2000-01-17,1874,"Chicago, IL",PHL,"Philadelphia, PA",1800,1933,2222,5,2050,2227,0,678
2000-01-17,1876,"Chicago, IL",PHL,"Philadelphia, PA",1900,1949,2238,4,2150,2242,0,678
2000-01-17,1878,"Chicago, IL",PHL,"Philadelphia, PA",2050,2223,124,5,2334,129,0,678
2000-01-17,345,"Chicago, IL",PHX,"Phoenix, AZ",1144,1157,1448,7,1423,1455,0,1440
2000-01-17,423,"Chicago, IL",PHX,"Phoenix, AZ",1514,1531,1818,3,1757,1821,0,1440
2000-01-17,667,"Chicago, IL",PHX,"Phoenix, AZ",1935,2148,44,2,2213,46,0,1440
2000-01-17,1273,"Chicago, IL",PHX,"Phoenix, AZ",1805,1819,2102,7,2037,2109,0,1440
2000-01-17,1419,"Chicago, IL",PHX,"Phoenix, AZ",920,940,1215,7,1159,1222,0,1440
2000-01-17,1969,"Chicago, IL",PHX,"Phoenix, AZ",750,749,1024,5,1029,1029,0,1440
2000-01-17,546,"Chicago, IL",PVD,"Providence, RI",1714,1715,2033,3,2021,2036,0,849
2000-01-17,1276,"Chicago, IL",PVD,"Providence, RI",850,849,1153,3,1152,1156,0,849
2000-01-17,1734,"Chicago, IL",PVD,"Providence, RI",1308,1314,1801,4,1613,1805,0,849
2000-01-17,798,"Chicago, IL",PWM,"Portland, ME",2045,"","","",2357,"",1,900
2000-01-17,1130,"Chicago, IL",PWM,"Portland, ME",1310,1310,1621,3,1619,1624,0,900
2000-01-17,1230,"Chicago, IL",PWM,"Portland, ME",740,806,1111,4,1043,1115,0,900
2000-01-17,586,"Chicago, IL",RDU,"Raleigh/Durham, NC",1330,1330,1613,3,1618,1616,0,647
2000-01-17,588,"Chicago, IL",RDU,"Raleigh/Durham, NC",2100,"","","",2347,"",1,647
2000-01-17,1108,"Chicago, IL",RDU,"Raleigh/Durham, NC",1644,1650,1940,3,1931,1943,0,647
2000-01-17,1114,"Chicago, IL",RDU,"Raleigh/Durham, NC",625,627,901,3,912,904,0,647
2000-01-17,590,"Chicago, IL",SDF,"Louisville, KY",2115,2135,2345,6,2324,2351,0,286
2000-01-17,1650,"Chicago, IL",SDF,"Louisville, KY",1355,1357,1609,9,1602,1618,0,286
2000-01-17,271,"Chicago, IL",SJC,"San Jose, CA",920,921,1234,4,1152,1238,0,1830
2000-01-17,559,"Chicago, IL",SJC,"San Jose, CA",1535,1551,1859,8,1803,1907,0,1830
2000-01-17,661,"Chicago, IL",SJC,"San Jose, CA",1935,"","","",2209,"",1,1830
2000-01-17,691,"Chicago, IL",SJC,"San Jose, CA",1205,1241,1543,4,1437,1547,0,1830
2000-01-17,324,"Chicago, IL",TPA,"Tampa, FL",1030,1101,1409,3,1352,1412,0,1012
2000-01-17,1070,"Chicago, IL",TPA,"Tampa, FL",1725,1847,2208,2,2050,2210,0,1012
2000-01-17,1090,"Chicago, IL",TPA,"Tampa, FL",1316,1316,1654,2,1641,1656,0,1012
2000-01-17,1676,"Chicago, IL",TPA,"Tampa, FL",739,737,1058,3,1110,1101,0,1012
2000-01-17,1930,"Chicago, IL",TPA,"Tampa, FL",2115,2121,37,4,45,41,0,1012
2000-01-17,560,"Chicago, IL",BNA,"Nashville, TN",740,815,929,3,902,932,0,409
2000-01-17,1050,"Chicago, IL",BNA,"Nashville, TN",1914,1927,2047,6,2034,2053,0,409
2000-01-17,1550,"Chicago, IL",BNA,"Nashville, TN",1444,1547,1820,5,1601,1825,0,409
2000-01-17,1069,"Chicago, IL",BOI,"Boise, ID",1914,2006,2315,2,2157,2317,0,1437
2000-01-17,418,"Chicago, IL",BWI,"Baltimore, MD",1115,1118,1357,3,1354,1400,0,621
2000-01-17,756,"Chicago, IL",BWI,"Baltimore, MD",2100,2204,48,4,2343,52,0,621
2000-01-17,770,"Chicago, IL",BWI,"Baltimore, MD",1705,1849,2136,5,1948,2141,0,621
2000-01-17,1298,"Chicago, IL",BWI,"Baltimore, MD",1325,1325,1602,3,1613,1605,0,621
2000-01-17,1428,"Chicago, IL",BWI,"Baltimore, MD",605,602,838,3,845,841,0,621
2000-01-17,432,"Chicago, IL",CLT,"Charlotte, NC",1314,1324,1608,2,1554,1610,0,599
2000-01-17,462,"Chicago, IL",CLT,"Charlotte, NC",615,611,839,3,855,842,0,599
2000-01-17,536,"Chicago, IL",CLT,"Charlotte, NC",1644,1852,2140,3,1920,2143,0,599
2000-01-17,1616,"Chicago, IL",CLT,"Charlotte, NC",2045,"","","",2325,"",1,599
2000-01-17,515,"Chicago, IL",DAY,"Dayton, OH",1410,1426,1622,4,1610,1626,0,240
2000-01-17,657,"Chicago, IL",DAY,"Dayton, OH",2115,2151,4,6,2318,10,0,240
2000-01-17,1128,"Chicago, IL",DAY,"Dayton, OH",1120,1117,1326,7,1319,1333,0,240
2000-01-17,1552,"Chicago, IL",DAY,"Dayton, OH",800,846,1047,4,1000,1051,0,240
2000-01-17,1754,"Chicago, IL",DAY,"Dayton, OH",1705,"","","",1907,"",1,240
2000-01-17,302,"Chicago, IL",DTW,"Detroit, MI",1040,1037,1242,8,1249,1250,0,235
2000-01-17,350,"Chicago, IL",DTW,"Detroit, MI",1710,1716,1944,6,1923,1950,0,235
2000-01-17,396,"Chicago, IL",DTW,"Detroit, MI",1309,1308,1600,3,1524,1603,0,235
2000-01-17,440,"Chicago, IL",DTW,"Detroit, MI",750,750,954,6,1001,1000,0,235
2000-01-17,454,"Chicago, IL",DTW,"Detroit, MI",630,629,825,5,834,830,0,235
2000-01-17,671,"Chicago, IL",DTW,"Detroit, MI",2115,2149,2350,6,2320,2356,0,235
2000-01-17,1425,"Chicago, IL",GEG,"Spokane, WA",1920,2015,2236,4,2118,2240,0,1498
2000-01-17,422,"Chicago, IL",GRR,"Grand Rapids, MI",1925,2149,2336,5,2112,2341,0,137
2000-01-17,494,"Chicago, IL",GRR,"Grand Rapids, MI",851,846,1024,4,1036,1028,0,137
2000-01-17,633,"Chicago, IL",GRR,"Grand Rapids, MI",2115,2148,2344,6,2303,2350,0,137
2000-01-17,1260,"Chicago, IL",GRR,"Grand Rapids, MI",1444,1455,1654,4,1630,1658,0,137
2000-01-17,1446,"Chicago, IL",GRR,"Grand Rapids, MI",1144,1138,1313,3,1329,1316,0,137
2000-01-17,540,"Chicago, IL",GSO,"Greensboro/High Point, NC",900,857,1131,3,1138,1134,0,590
2000-01-17,750,"Chicago, IL",GSO,"Greensboro/High Point, NC",1744,1820,2056,3,2019,2059,0,590
2000-01-17,1538,"Chicago, IL",GSO,"Greensboro/High Point, NC",1420,1612,1848,1,1658,1849,0,590
2000-01-17,392,"Chicago, IL",MDT,"Harrisburg, PA",1714,1726,2001,3,1949,2004,0,594
2000-01-17,482,"Chicago, IL",MDT,"Harrisburg, PA",900,859,1129,3,1140,1132,0,594
2000-01-17,542,"Chicago, IL",MDT,"Harrisburg, PA",1314,1329,1552,5,1554,1557,0,594
2000-01-17,728,"Chicago, IL",MDT,"Harrisburg, PA",2100,2116,2352,3,2340,2355,0,594
2000-01-17,869,"Chicago, IL",MIA,"Miami, FL",1450,1536,1932,7,1839,1939,0,1197
2000-01-17,1088,"Chicago, IL",MIA,"Miami, FL",739,738,1102,4,1130,1106,0,1197
2000-01-17,1636,"Chicago, IL",MIA,"Miami, FL",1030,1033,1424,6,1415,1430,0,1197
2000-01-17,1984,"Chicago, IL",MIA,"Miami, FL",1805,1841,2227,6,2150,2233,0,1197
2000-01-17,647,"Chicago, IL",MKE,"Milwaukee, WI",1414,1440,1518,3,1451,1521,0,67
2000-01-17,1564,"Chicago, IL",MKE,"Milwaukee, WI",2230,2338,25,4,2307,29,0,67
2000-01-17,675,"Chicago, IL",MSN,"Madison, WI",2055,2201,2305,4,2141,2309,0,109
2000-01-17,1249,"Chicago, IL",MSN,"Madison, WI",2230,2249,2345,5,2315,2350,0,109
2000-01-17,1581,"Chicago, IL",MSN,"Madison, WI",1410,1415,1457,4,1451,1501,0,109
2000-01-17,367,"Chicago, IL",MSY,"New Orleans, LA",1200,1159,1414,3,1409,1417,0,837
2000-01-17,1789,"Chicago, IL",MSY,"New Orleans, LA",1930,2012,2212,5,2140,2217,0,837
2000-01-17,1867,"Chicago, IL",MSY,"New Orleans, LA",1000,1000,1154,3,1211,1157,0,837
2000-01-17,503,"Chicago, IL",PDX,"Portland, OR",1745,"","","",2007,"",1,1739
2000-01-17,569,"Chicago, IL",PDX,"Portland, OR",1544,1645,1949,5,1800,1954,0,1739
2000-01-17,577,"Chicago, IL",PDX,"Portland, OR",1914,2107,8,3,2140,11,0,1739
2000-01-17,1401,"Chicago, IL",PDX,"Portland, OR",1200,1209,1451,2,1431,1453,0,1739
2000-01-17,1891,"Chicago, IL",PDX,"Portland, OR",945,943,1229,3,1212,1232,0,1739
2000-01-17,749,"Chicago, IL",SAT,"San Antonio, TX",925,1015,1232,3,1208,1235,0,1041
2000-01-17,1415,"Chicago, IL",SAT,"San Antonio, TX",1940,1940,2217,3,2224,2220,0,1041
2000-01-17,137,"Chicago, IL",SFO,"San Francisco, CA",1030,1026,1309,5,1306,1314,0,1846
2000-01-17,139,"Chicago, IL",SFO,"San Francisco, CA",2220,2225,133,10,51,143,0,1846
2000-01-17,141,"Chicago, IL",SFO,"San Francisco, CA",1210,1209,1533,5,1448,1538,0,1846
2000-01-17,143,"Chicago, IL",SFO,"San Francisco, CA",1144,1155,1438,3,1407,1441,0,1846
2000-01-17,145,"Chicago, IL",SFO,"San Francisco, CA",930,927,1221,4,1200,1225,0,1846
2000-01-17,147,"Chicago, IL",SFO,"San Francisco, CA",1530,1535,1834,5,1753,1839,0,1846
2000-01-17,149,"Chicago, IL",SFO,"San Francisco, CA",1805,1916,2208,5,2038,2213,0,1846
2000-01-17,151,"Chicago, IL",SFO,"San Francisco, CA",1920,2010,2316,8,2157,2324,0,1846
2000-01-17,155,"Chicago, IL",SFO,"San Francisco, CA",2030,2035,10,7,2304,17,0,1846
2000-01-17,157,"Chicago, IL",SFO,"San Francisco, CA",800,"","","",1028,"",1,1846
2000-01-17,525,"Chicago, IL",SFO,"San Francisco, CA",1925,"","","",2205,"",1,1846
2000-01-17,399,"Chicago, IL",SLC,"Salt Lake City, UT",1205,1207,1446,6,1419,1452,0,1249
2000-01-17,533,"Chicago, IL",SLC,"Salt Lake City, UT",1914,"","","",2123,"",1,1249
2000-01-17,1439,"Chicago, IL",SLC,"Salt Lake City, UT",914,913,1144,5,1124,1149,0,1249
2000-01-17,1110,"Chicago, IL",TYS,"Knoxville, TN",1314,1309,1535,3,1538,1538,0,475
2000-01-17,1818,"Chicago, IL",TYS,"Knoxville, TN",2120,2149,19,5,2347,24,0,475
2000-01-18,560,"Chicago, IL",BNA,"Nashville, TN",740,737,846,4,902,850,0,409
2000-01-18,1050,"Chicago, IL",BNA,"Nashville, TN",1914,1925,2031,7,2034,2038,0,409
2000-01-18,1550,"Chicago, IL",BNA,"Nashville, TN",1444,1444,1553,5,1601,1558,0,409
2000-01-18,1069,"Chicago, IL",BOI,"Boise, ID",1914,1913,2214,3,2157,2217,0,1437
2000-01-18,418,"Chicago, IL",BWI,"Baltimore, MD",1115,1111,1351,16,1354,1407,0,621
2000-01-18,756,"Chicago, IL",BWI,"Baltimore, MD",2100,2138,14,4,2343,18,0,621
2000-01-18,770,"Chicago, IL",BWI,"Baltimore, MD",1705,1702,1949,3,1948,1952,0,621
2000-01-18,1298,"Chicago, IL",BWI,"Baltimore, MD",1325,1326,1615,2,1613,1617,0,621
2000-01-18,1428,"Chicago, IL",BWI,"Baltimore, MD",605,602,844,2,845,846,0,621
2000-01-18,432,"Chicago, IL",CLT,"Charlotte, NC",1314,1311,1554,5,1554,1559,0,599
2000-01-18,462,"Chicago, IL",CLT,"Charlotte, NC",615,613,844,5,855,849,0,599
2000-01-18,536,"Chicago, IL",CLT,"Charlotte, NC",1644,1658,1928,3,1920,1931,0,599
2000-01-18,1616,"Chicago, IL",CLT,"Charlotte, NC",2045,2043,2317,8,2325,2325,0,599
2000-01-18,515,"Chicago, IL",DAY,"Dayton, OH",1410,1409,1608,7,1610,1615,0,240
2000-01-18,657,"Chicago, IL",DAY,"Dayton, OH",2115,2219,8,6,2318,14,0,240
2000-01-18,1128,"Chicago, IL",DAY,"Dayton, OH",1120,1122,1319,8,1319,1327,0,240
2000-01-18,1552,"Chicago, IL",DAY,"Dayton, OH",800,849,1042,7,1000,1049,0,240
2000-01-18,1754,"Chicago, IL",DAY,"Dayton, OH",1705,1702,1913,8,1907,1921,0,240
2000-01-18,302,"Chicago, IL",DTW,"Detroit, MI",1040,1049,1249,4,1249,1253,0,235
2000-01-18,350,"Chicago, IL",DTW,"Detroit, MI",1710,1710,1914,5,1923,1919,0,235
2000-01-18,396,"Chicago, IL",DTW,"Detroit, MI",1309,1318,1525,4,1524,1529,0,235
2000-01-18,440,"Chicago, IL",DTW,"Detroit, MI",750,807,1013,8,1001,1021,0,235
2000-01-18,454,"Chicago, IL",DTW,"Detroit, MI",630,630,838,8,834,846,0,235
2000-01-18,671,"Chicago, IL",DTW,"Detroit, MI",2115,2115,2321,7,2320,2328,0,235
2000-01-18,1425,"Chicago, IL",GEG,"Spokane, WA",1920,1917,"","",2118,"",0,1498
2000-01-18,422,"Chicago, IL",GRR,"Grand Rapids, MI",1925,2012,2148,3,2112,2151,0,137
2000-01-18,494,"Chicago, IL",GRR,"Grand Rapids, MI",851,852,1035,3,1036,1038,0,137
2000-01-18,633,"Chicago, IL",GRR,"Grand Rapids, MI",2115,2145,2325,4,2303,2329,0,137
2000-01-18,1260,"Chicago, IL",GRR,"Grand Rapids, MI",1444,1444,1632,4,1630,1636,0,137
2000-01-18,1446,"Chicago, IL",GRR,"Grand Rapids, MI",1144,1209,1357,4,1329,1401,0,137
2000-01-18,540,"Chicago, IL",GSO,"Greensboro/High Point, NC",900,858,1128,2,1138,1130,0,590
2000-01-18,750,"Chicago, IL",GSO,"Greensboro/High Point, NC",1744,1743,2006,3,2019,2009,0,590
2000-01-18,1538,"Chicago, IL",GSO,"Greensboro/High Point, NC",1420,1420,1642,3,1658,1645,0,590
2000-01-18,392,"Chicago, IL",MDT,"Harrisburg, PA",1714,1739,2007,4,1949,2011,0,594
2000-01-18,482,"Chicago, IL",MDT,"Harrisburg, PA",900,906,1135,2,1140,1137,0,594
2000-01-18,542,"Chicago, IL",MDT,"Harrisburg, PA",1314,1311,1551,4,1554,1555,0,594
2000-01-18,728,"Chicago, IL",MDT,"Harrisburg, PA",2100,2104,2350,4,2340,2354,0,594
2000-01-18,869,"Chicago, IL",MIA,"Miami, FL",0,1443,1821,5,0,1826,0,1197
2000-01-18,1088,"Chicago, IL",MIA,"Miami, FL",739,738,1101,4,1130,1105,0,1197
2000-01-18,1636,"Chicago, IL",MIA,"Miami, FL",1030,1223,1556,6,1415,1602,0,1197
2000-01-18,1984,"Chicago, IL",MIA,"Miami, FL",1805,1800,2118,5,2150,2123,0,1197
2000-01-18,647,"Chicago, IL",MKE,"Milwaukee, WI",1414,1417,1446,3,1451,1449,0,67
2000-01-18,1564,"Chicago, IL",MKE,"Milwaukee, WI",2230,2227,2259,3,2307,2302,0,67
2000-01-18,675,"Chicago, IL",MSN,"Madison, WI",2055,2054,2147,4,2141,2151,0,109
2000-01-18,1249,"Chicago, IL",MSN,"Madison, WI",2230,2235,2307,9,2315,2316,0,109
2000-01-18,1581,"Chicago, IL",MSN,"Madison, WI",1410,1408,1440,4,1451,1444,0,109
2000-01-18,367,"Chicago, IL",MSY,"New Orleans, LA",1200,1200,1406,3,1409,1409,0,837
2000-01-18,1789,"Chicago, IL",MSY,"New Orleans, LA",1930,1929,2114,5,2140,2119,0,837
2000-01-18,1867,"Chicago, IL",MSY,"New Orleans, LA",1000,1018,1205,4,1211,1209,0,837
2000-01-18,503,"Chicago, IL",PDX,"Portland, OR",1745,1756,2029,4,2007,2033,0,1739
2000-01-18,569,"Chicago, IL",PDX,"Portland, OR",1544,1549,1825,4,1800,1829,0,1739
2000-01-18,577,"Chicago, IL",PDX,"Portland, OR",1914,1920,2155,5,2140,2200,0,1739
2000-01-18,1401,"Chicago, IL",PDX,"Portland, OR",1200,1204,1457,4,1431,1501,0,1739
2000-01-18,1891,"Chicago, IL",PDX,"Portland, OR",945,1026,1334,5,1212,1339,0,1739
2000-01-18,749,"Chicago, IL",SAT,"San Antonio, TX",925,925,1151,4,1208,1155,0,1041
2000-01-18,1415,"Chicago, IL",SAT,"San Antonio, TX",1940,1936,2200,3,2224,2203,0,1041
2000-01-18,137,"Chicago, IL",SFO,"San Francisco, CA",1030,1032,1318,5,1306,1323,0,1846
2000-01-18,139,"Chicago, IL",SFO,"San Francisco, CA",2220,2218,112,6,51,118,0,1846
2000-01-18,141,"Chicago, IL",SFO,"San Francisco, CA",1210,1250,1542,12,1448,1554,0,1846
2000-01-18,143,"Chicago, IL",SFO,"San Francisco, CA",1144,1158,1455,10,1407,1505,0,1846
2000-01-18,145,"Chicago, IL",SFO,"San Francisco, CA",930,937,1228,10,1200,1238,0,1846
2000-01-18,147,"Chicago, IL",SFO,"San Francisco, CA",1530,1529,1813,5,1753,1818,0,1846
2000-01-18,149,"Chicago, IL",SFO,"San Francisco, CA",1805,1805,2038,13,2038,2051,0,1846
2000-01-18,151,"Chicago, IL",SFO,"San Francisco, CA",1920,2008,2230,4,2157,2234,0,1846
2000-01-18,155,"Chicago, IL",SFO,"San Francisco, CA",2030,2028,2301,4,2304,2305,0,1846
2000-01-18,157,"Chicago, IL",SFO,"San Francisco, CA",800,"","","",1028,"",1,1846
2000-01-18,525,"Chicago, IL",SFO,"San Francisco, CA",1925,1932,2221,5,2205,2226,0,1846
2000-01-18,399,"Chicago, IL",SLC,"Salt Lake City, UT",1205,1205,1434,2,1419,1436,0,1249
2000-01-18,533,"Chicago, IL",SLC,"Salt Lake City, UT",1914,1922,2136,2,2123,2138,0,1249
2000-01-18,1439,"Chicago, IL",SLC,"Salt Lake City, UT",914,915,1129,2,1124,1131,0,1249
2000-01-18,1110,"Chicago, IL",TYS,"Knoxville, TN",1314,1313,1525,4,1538,1529,0,475
2000-01-18,1818,"Chicago, IL",TYS,"Knoxville, TN",2120,2202,12,5,2347,17,0,475
2000-01-18,568,"Chicago, IL",BTV,"Burlington, VT",1810,1806,2055,5,2059,2100,0,763
2000-01-18,1076,"Chicago, IL",BTV,"Burlington, VT",1325,1336,1637,5,1624,1642,0,763
2000-01-18,380,"Chicago, IL",BUF,"Buffalo, NY",1644,1646,1912,4,1907,1916,0,473
2000-01-18,786,"Chicago, IL",BUF,"Buffalo, NY",738,804,1015,3,957,1018,0,473
2000-01-18,790,"Chicago, IL",BUF,"Buffalo, NY",2100,2110,2345,6,2323,2351,0,473
2000-01-18,1576,"Chicago, IL",BUF,"Buffalo, NY",1450,1533,1756,4,1715,1800,0,473
2000-01-18,1881,"Chicago, IL",BUF,"Buffalo, NY",1105,1103,1321,3,1322,1324,0,473
2000-01-18,240,"Chicago, IL",CLE,"Cleveland, OH",1050,1049,1253,5,1259,1258,0,316
2000-01-18,348,"Chicago, IL",CLE,"Cleveland, OH",1714,1709,1922,5,1933,1927,0,316
2000-01-18,520,"Chicago, IL",CLE,"Cleveland, OH",625,622,822,3,842,825,0,316
2000-01-18,1184,"Chicago, IL",CLE,"Cleveland, OH",1310,1308,1522,5,1527,1527,0,316
2000-01-18,1588,"Chicago, IL",CLE,"Cleveland, OH",2115,2115,2337,5,2328,2342,0,316
2000-01-18,1922,"Chicago, IL",CLE,"Cleveland, OH",744,743,942,4,951,946,0,316
2000-01-18,699,"Chicago, IL",DSM,"Des Moines, IA",815,1036,1136,4,924,1140,0,299
2000-01-18,773,"Chicago, IL",DSM,"Des Moines, IA",1514,1514,1617,5,1623,1622,0,299
2000-01-18,785,"Chicago, IL",DSM,"Des Moines, IA",2230,2236,2341,5,2338,2346,0,299
2000-01-18,1101,"Chicago, IL",DSM,"Des Moines, IA",1930,1934,2035,6,2042,2041,0,299
2000-01-18,1437,"Chicago, IL",DSM,"Des Moines, IA",1210,1209,1333,4,1318,1337,0,299
2000-01-18,1757,"Chicago, IL",DSM,"Des Moines, IA",920,916,1031,4,1033,1035,0,299
2000-01-18,43,"Chicago, IL",HNL,"Honolulu, HI",1000,1005,1520,3,1507,1523,0,4244
2000-01-18,780,"Chicago, IL",HPN,"White Plains, NY",1727,1746,2041,3,2029,2044,0,738
2000-01-18,1200,"Chicago, IL",HPN,"White Plains, NY",1330,1328,1635,6,1635,1641,0,738
2000-01-18,1484,"Chicago, IL",HPN,"White Plains, NY",2045,2042,2338,2,2340,2340,0,738
2000-01-18,1486,"Chicago, IL",HPN,"White Plains, NY",705,"","","",1000,"",1,738
2000-01-18,1488,"Chicago, IL",HPN,"White Plains, NY",1135,1156,1449,10,1429,1459,0,738
2000-01-18,1686,"Chicago, IL",HPN,"White Plains, NY",1614,1613,1911,2,1910,1913,0,738
2000-01-18,474,"Chicago, IL",IAD,"Washington, DC",1320,1318,1559,8,1612,1607,0,589
2000-01-18,492,"Chicago, IL",IAD,"Washington, DC",1030,1028,1301,6,1312,1307,0,589
2000-01-18,538,"Chicago, IL",IAD,"Washington, DC",805,801,1037,6,1048,1043,0,589
2000-01-18,718,"Chicago, IL",IAD,"Washington, DC",1810,1810,2045,8,2100,2053,0,589
2000-01-18,766,"Chicago, IL",IAD,"Washington, DC",945,944,1224,4,1229,1228,0,589
2000-01-18,882,"Chicago, IL",IAD,"Washington, DC",1714,1713,1952,5,1958,1957,0,589
2000-01-18,1242,"Chicago, IL",IAD,"Washington, DC",600,600,831,6,842,837,0,589
2000-01-18,1246,"Chicago, IL",IAD,"Washington, DC",1450,1456,1730,37,1746,1807,0,589
2000-01-18,1638,"Chicago, IL",IAD,"Washington, DC",2055,2052,2331,5,2340,2336,0,589
2000-01-18,501,"Chicago, IL",JAX,"Jacksonville, FL",820,819,1112,4,1132,1116,0,865
2000-01-18,631,"Chicago, IL",JAX,"Jacksonville, FL",2045,2059,2348,4,2359,2352,0,865
2000-01-18,684,"Chicago, IL",LGA,"New York, NY",1300,1305,1547,3,1554,1550,0,733
2000-01-18,686,"Chicago, IL",LGA,"New York, NY",1200,1247,1523,4,1452,1527,0,733
2000-01-18,690,"Chicago, IL",LGA,"New York, NY",1000,"","","",1250,"",1,733
2000-01-18,692,"Chicago, IL",LGA,"New York, NY",900,903,1152,3,1155,1155,0,733
2000-01-18,694,"Chicago, IL",LGA,"New York, NY",800,758,1056,3,1100,1059,0,733
2000-01-18,696,"Chicago, IL",LGA,"New York, NY",700,658,946,5,954,951,0,733
2000-01-18,698,"Chicago, IL",LGA,"New York, NY",600,602,851,26,855,917,0,733
2000-01-18,896,"Chicago, IL",LGA,"New York, NY",0,1212,1456,2,0,1458,0,733
2000-01-18,1547,"Chicago, IL",LNK,"Lincoln, NE",1950,1947,2106,5,2115,2111,0,466
2000-01-18,1815,"Chicago, IL",LNK,"Lincoln, NE",912,951,1124,3,1037,1127,0,466
2000-01-18,521,"Chicago, IL",MBS,"Saginaw/Bay City/Midland, MI",1703,1704,1901,3,1900,1904,0,222
2000-01-18,1760,"Chicago, IL",MBS,"Saginaw/Bay City/Midland, MI",1310,1310,1500,3,1507,1503,0,222
2000-01-18,1851,"Chicago, IL",MBS,"Saginaw/Bay City/Midland, MI",815,814,1007,6,1012,1013,0,222
2000-01-18,1902,"Chicago, IL",MBS,"Saginaw/Bay City/Midland, MI",2115,2135,2329,2,2313,2331,0,222
2000-01-18,562,"Chicago, IL",MHT,"Manchester, NH",2057,2133,19,3,2359,22,0,843
2000-01-18,1024,"Chicago, IL",MHT,"Manchester, NH",1309,1311,1607,4,1614,1611,0,843
2000-01-18,1048,"Chicago, IL",MHT,"Manchester, NH",1644,1644,1948,5,1949,1953,0,843
2000-01-18,330,"Chicago, IL",ORF,"Norfolk, VA",1314,1311,1554,4,1612,1558,0,717
2000-01-18,532,"Chicago, IL",ORF,"Norfolk, VA",1725,1914,2152,5,2020,2157,0,717
2000-01-18,1198,"Chicago, IL",ORF,"Norfolk, VA",825,826,1116,3,1121,1119,0,717
2000-01-18,142,"Chicago, IL",PBI,"West Palm Beach/Palm Beach, FL",1950,1951,2313,7,2329,2320,0,1144
2000-01-18,639,"Chicago, IL",PBI,"West Palm Beach/Palm Beach, FL",1030,1028,1350,3,1409,1353,0,1144
2000-01-18,282,"Chicago, IL",RIC,"Richmond, VA",625,622,858,5,912,903,0,642
2000-01-18,1606,"Chicago, IL",RIC,"Richmond, VA",1314,1311,1542,5,1603,1547,0,642
2000-01-18,1824,"Chicago, IL",RIC,"Richmond, VA",1720,1720,1952,5,2009,1957,0,642
2000-01-18,386,"Chicago, IL",ROC,"Rochester, NY",2125,2203,27,6,2359,33,0,528
2000-01-18,438,"Chicago, IL",ROC,"Rochester, NY",1705,1727,1949,3,1939,1952,0,528
2000-01-18,550,"Chicago, IL",ROC,"Rochester, NY",1040,1115,1340,6,1309,1346,0,528
2000-01-18,1194,"Chicago, IL",ROC,"Rochester, NY",700,822,1049,5,930,1054,0,528
2000-01-18,1456,"Chicago, IL",ROC,"Rochester, NY",1440,1439,1659,5,1711,1704,0,528
2000-01-18,381,"Chicago, IL",SMF,"Sacramento, CA",915,925,1238,3,1147,1241,0,1781
2000-01-18,483,"Chicago, IL",SMF,"Sacramento, CA",1914,1933,2226,3,2145,2229,0,1781
2000-01-18,621,"Chicago, IL",SMF,"Sacramento, CA",1545,1548,1854,5,1814,1859,0,1781
2000-01-18,1405,"Chicago, IL",SMF,"Sacramento, CA",1144,1146,1453,5,1408,1458,0,1781
2000-01-18,303,"Chicago, IL",SNA,"Santa Ana, CA",1525,1525,1735,5,1737,1740,0,1726
2000-01-18,365,"Chicago, IL",SNA,"Santa Ana, CA",1144,1144,1354,4,1357,1358,0,1726
2000-01-18,473,"Chicago, IL",SNA,"Santa Ana, CA",1944,1943,2150,8,2159,2158,0,1726
2000-01-18,1075,"Chicago, IL",SNA,"Santa Ana, CA",1745,1741,1954,5,2000,1959,0,1726
2000-01-18,1543,"Chicago, IL",SNA,"Santa Ana, CA",914,915,1127,11,1127,1138,0,1726
2000-01-18,285,"Chicago, IL",STL,"St. Louis, MO",739,744,849,6,849,855,0,258
2000-01-18,609,"Chicago, IL",STL,"St. Louis, MO",1144,1146,1248,2,1253,1250,0,258
2000-01-18,779,"Chicago, IL",STL,"St. Louis, MO",1925,2034,2125,4,2036,2129,0,258
2000-01-18,352,"Chicago, IL",ALB,"Albany, NY",1320,1326,1629,3,1614,1632,0,723
2000-01-18,1104,"Chicago, IL",ALB,"Albany, NY",620,656,938,3,910,941,0,723
2000-01-18,1454,"Chicago, IL",ALB,"Albany, NY",1720,1720,2009,2,2014,2011,0,723
2000-01-18,364,"Chicago, IL",ATL,"Atlanta, GA",1914,1913,2151,6,2204,2157,0,606
2000-01-18,446,"Chicago, IL",ATL,"Atlanta, GA",925,929,1154,10,1209,1204,0,606
2000-01-18,527,"Chicago, IL",ATL,"Atlanta, GA",2100,2132,2354,3,2345,2357,0,606
2000-01-18,796,"Chicago, IL",ATL,"Atlanta, GA",1330,1333,1614,5,1633,1619,0,606
2000-01-18,1268,"Chicago, IL",ATL,"Atlanta, GA",650,656,924,9,941,933,0,606
2000-01-18,1628,"Chicago, IL",ATL,"Atlanta, GA",1035,"","","",1324,"",1,606
2000-01-18,1690,"Chicago, IL",ATL,"Atlanta, GA",1655,1818,2046,6,1948,2052,0,606
2000-01-18,1162,"Chicago, IL",BHM,"Birmingham, AL",2125,2139,2301,4,2306,2305,0,584
2000-01-18,1166,"Chicago, IL",BHM,"Birmingham, AL",900,909,1038,5,1040,1043,0,584
2000-01-18,669,"Chicago, IL",CID,"Cedar Rapids/Iowa City, IA",2230,2252,2340,4,2324,2344,0,196
2000-01-18,681,"Chicago, IL",CID,"Cedar Rapids/Iowa City, IA",1600,1558,1640,3,1655,1643,0,196
2000-01-18,743,"Chicago, IL",CID,"Cedar Rapids/Iowa City, IA",1920,2009,2054,6,2018,2100,0,196
2000-01-18,1823,"Chicago, IL",CID,"Cedar Rapids/Iowa City, IA",1145,1135,1254,11,1241,1305,0,196
2000-01-18,1827,"Chicago, IL",CID,"Cedar Rapids/Iowa City, IA",926,924,1017,4,1022,1021,0,196
2000-01-18,1019,"Chicago, IL",COS,"Colorado Springs, CO",1920,2044,2217,7,2045,2224,0,911
2000-01-18,1785,"Chicago, IL",COS,"Colorado Springs, CO",950,948,1120,6,1121,1126,0,911
2000-01-18,490,"Chicago, IL",CVG,"Cincinnati, OH",739,749,954,8,948,1002,0,264
2000-01-18,529,"Chicago, IL",CVG,"Cincinnati, OH",2115,2108,2309,5,2324,2314,0,264
2000-01-18,772,"Chicago, IL",CVG,"Cincinnati, OH",1415,1412,1606,5,1618,1611,0,264
2000-01-18,1140,"Chicago, IL",CVG,"Cincinnati, OH",600,605,806,10,809,816,0,264
2000-01-18,1810,"Chicago, IL",CVG,"Cincinnati, OH",1110,1111,1308,5,1311,1313,0,264
2000-01-18,1892,"Chicago, IL",CVG,"Cincinnati, OH",1655,1649,1855,7,1901,1902,0,264
2000-01-18,241,"Chicago, IL",DEN,"Denver, CO",600,556,722,6,724,728,0,888
2000-01-18,243,"Chicago, IL",DEN,"Denver, CO",700,658,832,8,829,840,0,888
2000-01-18,245,"Chicago, IL",DEN,"Denver, CO",755,755,929,6,923,935,0,888
2000-01-18,247,"Chicago, IL",DEN,"Denver, CO",910,908,1049,7,1038,1056,0,888
2000-01-18,251,"Chicago, IL",DEN,"Denver, CO",945,943,1117,6,1117,1123,0,888
2000-01-18,253,"Chicago, IL",DEN,"Denver, CO",1245,1241,1423,6,1418,1429,0,888
2000-01-18,255,"Chicago, IL",DEN,"Denver, CO",1530,1548,1717,12,1701,1729,0,888
2000-01-18,259,"Chicago, IL",DEN,"Denver, CO",1525,1531,1649,6,1656,1655,0,888
2000-01-18,531,"Chicago, IL",DEN,"Denver, CO",2220,2230,2356,6,2347,2,0,888
2000-01-18,941,"Chicago, IL",DEN,"Denver, CO",1920,1933,2101,6,2052,2107,0,888
2000-01-18,945,"Chicago, IL",DEN,"Denver, CO",1150,1151,1333,5,1325,1338,0,888
2000-01-18,959,"Chicago, IL",DEN,"Denver, CO",1745,1749,1910,5,1910,1915,0,888
2000-01-18,368,"Chicago, IL",FLL,"Fort Lauderdale, FL",741,740,1110,4,1129,1114,0,1182
2000-01-18,426,"Chicago, IL",FLL,"Fort Lauderdale, FL",2110,2107,30,4,56,34,0,1182
2000-01-18,1948,"Chicago, IL",FLL,"Fort Lauderdale, FL",1415,1427,1753,4,1804,1757,0,1182
2000-01-18,573,"Chicago, IL",IAH,"Houston, TX",914,910,1131,4,1147,1135,0,925
2000-01-18,703,"Chicago, IL",IAH,"Houston, TX",1200,1157,1418,5,1434,1423,0,925
2000-01-18,705,"Chicago, IL",IAH,"Houston, TX",700,655,910,3,932,913,0,925
2000-01-18,1169,"Chicago, IL",IAH,"Houston, TX",1514,1514,1730,4,1746,1734,0,925
2000-01-18,1897,"Chicago, IL",IAH,"Houston, TX",1925,2041,2255,5,2156,2300,0,925
2000-01-18,1957,"Chicago, IL",IAH,"Houston, TX",1750,1754,2004,6,2021,2010,0,925
2000-01-18,670,"Chicago, IL",LGA,"New York, NY",2100,2139,14,2,2349,16,0,733
2000-01-18,672,"Chicago, IL",LGA,"New York, NY",1900,1905,2153,3,2157,2156,0,733
2000-01-18,674,"Chicago, IL",LGA,"New York, NY",1800,1802,2054,3,2058,2057,0,733
2000-01-18,676,"Chicago, IL",LGA,"New York, NY",1700,1728,2022,3,2000,2025,0,733
2000-01-18,678,"Chicago, IL",LGA,"New York, NY",1600,1602,1843,2,1900,1845,0,733
2000-01-18,680,"Chicago, IL",LGA,"New York, NY",1500,"","","",1758,"",1,733
2000-01-18,682,"Chicago, IL",LGA,"New York, NY",1400,1356,1645,2,1700,1647,0,733
2000-01-18,342,"Chicago, IL",MCO,"Orlando, FL",2115,2114,27,7,43,34,0,1005
2000-01-18,1044,"Chicago, IL",MCO,"Orlando, FL",1655,"","","",2014,"",1,1005
2000-01-18,1500,"Chicago, IL",MCO,"Orlando, FL",1344,1413,1719,6,1709,1725,0,1005
2000-01-18,1614,"Chicago, IL",MCO,"Orlando, FL",1035,1033,1341,7,1358,1348,0,1005
2000-01-18,1832,"Chicago, IL",MCO,"Orlando, FL",800,758,1105,7,1131,1112,0,1005
2000-01-18,299,"Chicago, IL",MSP,"Minneapolis, MN",1145,1145,1256,2,1303,1258,0,334
2000-01-18,353,"Chicago, IL",MSP,"Minneapolis, MN",744,755,910,4,903,914,0,334
2000-01-18,359,"Chicago, IL",MSP,"Minneapolis, MN",1344,1343,1453,3,1503,1456,0,334
2000-01-18,457,"Chicago, IL",MSP,"Minneapolis, MN",1044,1043,1202,2,1202,1204,0,334
2000-01-18,583,"Chicago, IL",MSP,"Minneapolis, MN",1544,1543,1659,4,1707,1703,0,334
2000-01-18,599,"Chicago, IL",MSP,"Minneapolis, MN",945,958,1107,3,1104,1110,0,334
2000-01-18,719,"Chicago, IL",MSP,"Minneapolis, MN",1444,1450,1610,3,1604,1613,0,334
2000-01-18,765,"Chicago, IL",MSP,"Minneapolis, MN",1644,1644,1758,4,1805,1802,0,334
2000-01-18,799,"Chicago, IL",MSP,"Minneapolis, MN",645,642,804,7,808,811,0,334
2000-01-18,1067,"Chicago, IL",MSP,"Minneapolis, MN",1744,1745,1858,12,1912,1910,0,334
2000-01-18,1107,"Chicago, IL",MSP,"Minneapolis, MN",1945,"","","",2103,"",1,334
2000-01-18,1139,"Chicago, IL",MSP,"Minneapolis, MN",1845,2007,2120,5,2007,2125,0,334
2000-01-18,1583,"Chicago, IL",MSP,"Minneapolis, MN",1245,1244,1357,3,1404,1400,0,334
2000-01-18,1889,"Chicago, IL",MSP,"Minneapolis, MN",2225,2230,2333,4,2341,2337,0,334
2000-01-18,1917,"Chicago, IL",MSP,"Minneapolis, MN",845,843,1007,3,1008,1010,0,334
2000-01-18,535,"Chicago, IL",OMA,"Omaha, NE",1210,1210,1347,4,1334,1351,0,416
2000-01-18,635,"Chicago, IL",OMA,"Omaha, NE",816,816,936,2,940,938,0,416
2000-01-18,775,"Chicago, IL",OMA,"Omaha, NE",1950,1955,2123,4,2117,2127,0,416
2000-01-18,1129,"Chicago, IL",OMA,"Omaha, NE",912,919,1044,3,1031,1047,0,416
2000-01-18,1499,"Chicago, IL",OMA,"Omaha, NE",1540,1539,1700,2,1700,1702,0,416
2000-01-18,1149,"Chicago, IL",ONT,"Ontario, CA",1914,1919,2150,2,2131,2152,0,1700
2000-01-18,1733,"Chicago, IL",ONT,"Ontario, CA",1155,1215,1459,2,1413,1501,0,1700
2000-01-18,1850,"Chicago, IL",PHL,"Philadelphia, PA",600,"","","",854,"",1,678
2000-01-18,1852,"Chicago, IL",PHL,"Philadelphia, PA",700,702,937,5,949,942,0,678
2000-01-18,1854,"Chicago, IL",PHL,"Philadelphia, PA",815,818,1057,3,1102,1100,0,678
2000-01-18,1856,"Chicago, IL",PHL,"Philadelphia, PA",900,"","","",1149,"",1,678
2000-01-18,1858,"Chicago, IL",PHL,"Philadelphia, PA",1000,959,1251,5,1249,1256,0,678
2000-01-18,1860,"Chicago, IL",PHL,"Philadelphia, PA",1100,1057,1332,4,1349,1336,0,678
2000-01-18,1862,"Chicago, IL",PHL,"Philadelphia, PA",1200,1158,1438,4,1449,1442,0,678
2000-01-18,1864,"Chicago, IL",PHL,"Philadelphia, PA",1310,1310,1559,4,1607,1603,0,678
2000-01-18,1866,"Chicago, IL",PHL,"Philadelphia, PA",1410,1408,1657,5,1706,1702,0,678
2000-01-18,1868,"Chicago, IL",PHL,"Philadelphia, PA",1600,1605,1850,3,1854,1853,0,678
2000-01-18,1872,"Chicago, IL",PHL,"Philadelphia, PA",1700,1657,1947,11,1958,1958,0,678
2000-01-18,1874,"Chicago, IL",PHL,"Philadelphia, PA",1800,1758,2044,4,2050,2048,0,678
2000-01-18,1876,"Chicago, IL",PHL,"Philadelphia, PA",1900,2037,2312,3,2150,2315,0,678
2000-01-18,1878,"Chicago, IL",PHL,"Philadelphia, PA",2050,2105,2354,5,2334,2359,0,678
2000-01-18,345,"Chicago, IL",PHX,"Phoenix, AZ",1144,1206,1448,8,1423,1456,0,1440
2000-01-18,423,"Chicago, IL",PHX,"Phoenix, AZ",1514,1618,1909,4,1757,1913,0,1440
2000-01-18,667,"Chicago, IL",PHX,"Phoenix, AZ",1935,1934,2219,2,2213,2221,0,1440
2000-01-18,1273,"Chicago, IL",PHX,"Phoenix, AZ",1805,1901,2131,4,2037,2135,0,1440
2000-01-18,1419,"Chicago, IL",PHX,"Phoenix, AZ",920,936,1216,3,1159,1219,0,1440
2000-01-18,1969,"Chicago, IL",PHX,"Phoenix, AZ",750,751,1028,5,1029,1033,0,1440
2000-01-18,546,"Chicago, IL",PVD,"Providence, RI",1714,1713,2023,4,2021,2027,0,849
2000-01-18,1276,"Chicago, IL",PVD,"Providence, RI",850,850,1150,3,1152,1153,0,849
2000-01-18,1734,"Chicago, IL",PVD,"Providence, RI",1308,1305,1605,5,1613,1610,0,849
2000-01-18,798,"Chicago, IL",PWM,"Portland, ME",2045,2046,2349,3,2357,2352,0,900
2000-01-18,1130,"Chicago, IL",PWM,"Portland, ME",1310,1310,1633,2,1619,1635,0,900
2000-01-18,1230,"Chicago, IL",PWM,"Portland, ME",740,738,1034,3,1043,1037,0,900
2000-01-18,586,"Chicago, IL",RDU,"Raleigh/Durham, NC",1330,1326,1613,3,1618,1616,0,647
2000-01-18,588,"Chicago, IL",RDU,"Raleigh/Durham, NC",2100,2132,2400,3,2347,3,0,647
2000-01-18,1108,"Chicago, IL",RDU,"Raleigh/Durham, NC",1644,1643,1916,3,1931,1919,0,647
2000-01-18,1114,"Chicago, IL",RDU,"Raleigh/Durham, NC",625,625,902,9,912,911,0,647
2000-01-18,590,"Chicago, IL",SDF,"Louisville, KY",2115,2237,33,4,2324,37,0,286
2000-01-18,1650,"Chicago, IL",SDF,"Louisville, KY",1355,1356,1553,4,1602,1557,0,286
2000-01-18,271,"Chicago, IL",SJC,"San Jose, CA",920,921,1237,3,1152,1240,0,1830
2000-01-18,559,"Chicago, IL",SJC,"San Jose, CA",1535,1534,1810,5,1803,1815,0,1830
2000-01-18,661,"Chicago, IL",SJC,"San Jose, CA",1935,2124,23,4,2209,27,0,1830
2000-01-18,691,"Chicago, IL",SJC,"San Jose, CA",1205,1253,1536,4,1437,1540,0,1830
2000-01-18,324,"Chicago, IL",TPA,"Tampa, FL",1030,1026,1325,4,1352,1329,0,1012
2000-01-18,1070,"Chicago, IL",TPA,"Tampa, FL",1725,1731,2026,4,2050,2030,0,1012
2000-01-18,1090,"Chicago, IL",TPA,"Tampa, FL",1316,1313,1629,3,1641,1632,0,1012
2000-01-18,1676,"Chicago, IL",TPA,"Tampa, FL",739,736,1044,3,1110,1047,0,1012
2000-01-18,1930,"Chicago, IL",TPA,"Tampa, FL",2115,2114,28,5,45,33,0,1012
2000-01-18,1122,"Chicago, IL",ABE,"Allentown/Bethlehem/Easton, PA",1650,1652,1937,3,1934,1940,0,654
2000-01-18,1656,"Chicago, IL",ABE,"Allentown/Bethlehem/Easton, PA",1410,1410,1654,5,1656,1659,0,654
2000-01-18,373,"Chicago, IL",AUS,"Austin, TX",1914,1910,2130,7,2155,2137,0,978
2000-01-18,589,"Chicago, IL",AUS,"Austin, TX",922,930,1150,3,1202,1153,0,978
2000-01-18,394,"Chicago, IL",BDL,"Hartford, CT",1650,1656,1955,8,1950,2003,0,783
2000-01-18,398,"Chicago, IL",BDL,"Hartford, CT",910,920,1217,6,1204,1223,0,783
2000-01-18,1126,"Chicago, IL",BDL,"Hartford, CT",2050,2053,2354,7,2351,1,0,783
2000-01-18,1228,"Chicago, IL",BDL,"Hartford, CT",1320,1319,1623,5,1621,1628,0,783
2000-01-18,1404,"Chicago, IL",BDL,"Hartford, CT",1035,1049,1339,6,1332,1345,0,783
2000-01-18,1522,"Chicago, IL",BDL,"Hartford, CT",600,558,857,8,856,905,0,783
2000-01-18,502,"Chicago, IL",BOS,"Boston, MA",645,645,947,5,956,952,0,867
2000-01-18,504,"Chicago, IL",BOS,"Boston, MA",744,808,1109,2,1053,1111,0,867
2000-01-18,506,"Chicago, IL",BOS,"Boston, MA",845,937,1239,4,1154,1243,0,867
2000-01-18,508,"Chicago, IL",BOS,"Boston, MA",945,943,1251,4,1254,1255,0,867
2000-01-18,512,"Chicago, IL",BOS,"Boston, MA",1144,"","","",1457,"",1,867
2000-01-18,514,"Chicago, IL",BOS,"Boston, MA",1245,1242,1546,5,1554,1551,0,867
2000-01-18,516,"Chicago, IL",BOS,"Boston, MA",1644,1650,2002,10,1959,2012,0,867
2000-01-18,518,"Chicago, IL",BOS,"Boston, MA",1344,1343,1702,3,1707,1705,0,867
2000-01-18,522,"Chicago, IL",BOS,"Boston, MA",1544,1544,1852,4,1858,1856,0,867
2000-01-18,524,"Chicago, IL",BOS,"Boston, MA",1744,1741,2106,7,2059,2113,0,867
2000-01-18,526,"Chicago, IL",BOS,"Boston, MA",1845,1924,2236,8,2156,2244,0,867
2000-01-18,528,"Chicago, IL",BOS,"Boston, MA",1444,1443,1750,6,1759,1756,0,867
2000-01-18,884,"Chicago, IL",BOS,"Boston, MA",1044,1040,1340,3,1355,1343,0,867
2000-01-18,1018,"Chicago, IL",BOS,"Boston, MA",2045,2046,2356,3,2355,2359,0,867
2000-01-18,138,"Chicago, IL",CMH,"Columbus, OH",1310,1309,1525,10,1516,1535,0,296
2000-01-18,601,"Chicago, IL",CMH,"Columbus, OH",805,806,1005,3,1010,1008,0,296
2000-01-18,1118,"Chicago, IL",CMH,"Columbus, OH",655,656,856,4,901,900,0,296
2000-01-18,1452,"Chicago, IL",CMH,"Columbus, OH",1105,1104,1307,4,1310,1311,0,296
2000-01-18,1518,"Chicago, IL",CMH,"Columbus, OH",1644,1643,1853,7,1854,1900,0,296
2000-01-18,1548,"Chicago, IL",CMH,"Columbus, OH",2115,2117,2322,5,2325,2327,0,296
2000-01-18,600,"Chicago, IL",DCA,"Washington, DC",630,654,926,3,907,929,0,612
2000-01-18,602,"Chicago, IL",DCA,"Washington, DC",730,732,1004,2,1010,1006,0,612
2000-01-18,604,"Chicago, IL",DCA,"Washington, DC",830,"","","",1111,"",1,612
2000-01-18,606,"Chicago, IL",DCA,"Washington, DC",930,933,1207,2,1209,1209,0,612
2000-01-18,608,"Chicago, IL",DCA,"Washington, DC",1030,1029,1301,3,1309,1304,0,612
2000-01-18,610,"Chicago, IL",DCA,"Washington, DC",1130,"","","",1403,"",1,612
2000-01-18,612,"Chicago, IL",DCA,"Washington, DC",1230,1227,1459,2,1506,1501,0,612
2000-01-18,614,"Chicago, IL",DCA,"Washington, DC",1314,1327,1620,3,1558,1623,0,612
2000-01-18,616,"Chicago, IL",DCA,"Washington, DC",1330,1326,1606,4,1617,1610,0,612
2000-01-18,618,"Chicago, IL",DCA,"Washington, DC",1430,1508,1816,2,1711,1818,0,612
2000-01-18,620,"Chicago, IL",DCA,"Washington, DC",1530,1531,1828,2,1810,1830,0,612
2000-01-18,622,"Chicago, IL",DCA,"Washington, DC",1630,1636,1919,3,1908,1922,0,612
2000-01-18,624,"Chicago, IL",DCA,"Washington, DC",1700,1656,1948,2,1947,1950,0,612
2000-01-18,626,"Chicago, IL",DCA,"Washington, DC",1730,1728,2013,2,2016,2015,0,612
2000-01-18,628,"Chicago, IL",DCA,"Washington, DC",1830,1830,2109,4,2108,2113,0,612
2000-01-18,630,"Chicago, IL",DCA,"Washington, DC",1930,1928,2157,3,2208,2200,0,612
2000-01-18,632,"Chicago, IL",DCA,"Washington, DC",2045,2042,2314,2,2323,2316,0,612
2000-01-18,321,"Chicago, IL",DFW,"Dallas/Fort Worth, TX",945,943,1200,9,1208,1209,0,802
2000-01-18,495,"Chicago, IL",DFW,"Dallas/Fort Worth, TX",655,654,909,4,916,913,0,802
2000-01-18,685,"Chicago, IL",DFW,"Dallas/Fort Worth, TX",1405,1405,1619,12,1629,1631,0,802
2000-01-18,789,"Chicago, IL",DFW,"Dallas/Fort Worth, TX",1514,1513,1731,13,1738,1744,0,802
2000-01-18,1115,"Chicago, IL",DFW,"Dallas/Fort Worth, TX",830,829,1038,4,1051,1042,0,802
2000-01-18,1281,"Chicago, IL",DFW,"Dallas/Fort Worth, TX",1800,1838,2030,4,2015,2034,0,802
2000-01-18,1621,"Chicago, IL",DFW,"Dallas/Fort Worth, TX",1925,1922,2133,3,2147,2136,0,802
2000-01-18,1707,"Chicago, IL",DFW,"Dallas/Fort Worth, TX",1155,1154,1408,5,1421,1413,0,802
2000-01-18,634,"Chicago, IL",EWR,"Newark, NJ",630,"","","",928,"",1,719
2000-01-18,636,"Chicago, IL",EWR,"Newark, NJ",730,729,1011,6,1027,1017,0,719
2000-01-18,638,"Chicago, IL",EWR,"Newark, NJ",830,828,1109,7,1128,1116,0,719
2000-01-18,640,"Chicago, IL",EWR,"Newark, NJ",930,929,1220,9,1225,1229,0,719
2000-01-18,642,"Chicago, IL",EWR,"Newark, NJ",1030,"","","",1328,"",1,719
2000-01-18,644,"Chicago, IL",EWR,"Newark, NJ",1130,1138,1447,7,1429,1454,0,719
2000-01-18,646,"Chicago, IL",EWR,"Newark, NJ",1230,"","","",1533,"",1,719
2000-01-18,648,"Chicago, IL",EWR,"Newark, NJ",1330,1357,1708,6,1644,1714,0,719
2000-01-18,652,"Chicago, IL",EWR,"Newark, NJ",1430,1439,1719,13,1738,1732,0,719
2000-01-18,654,"Chicago, IL",EWR,"Newark, NJ",1530,1536,1849,9,1840,1858,0,719
2000-01-18,656,"Chicago, IL",EWR,"Newark, NJ",1644,1641,1938,10,1947,1948,0,719
2000-01-18,658,"Chicago, IL",EWR,"Newark, NJ",1730,1742,2023,14,2033,2037,0,719
2000-01-18,660,"Chicago, IL",EWR,"Newark, NJ",1830,1835,2116,8,2126,2124,0,719
2000-01-18,664,"Chicago, IL",EWR,"Newark, NJ",2045,2049,2346,6,2343,2352,0,719
2000-01-18,561,"Chicago, IL",ICT,"Wichita, KS",1915,1912,2050,4,2104,2054,0,588
2000-01-18,649,"Chicago, IL",ICT,"Wichita, KS",1514,1512,1700,6,1700,1706,0,588
2000-01-18,795,"Chicago, IL",ICT,"Wichita, KS",915,913,1112,3,1104,1115,0,588
2000-01-18,292,"Chicago, IL",IND,"Indianapolis, IN",700,700,841,10,856,851,0,177
2000-01-18,314,"Chicago, IL",IND,"Indianapolis, IN",1655,1657,1840,10,1851,1850,0,177
2000-01-18,500,"Chicago, IL",IND,"Indianapolis, IN",1144,1201,1348,10,1341,1358,0,177
2000-01-18,1590,"Chicago, IL",IND,"Indianapolis, IN",1520,1539,1733,8,1716,1741,0,177
2000-01-18,1608,"Chicago, IL",IND,"Indianapolis, IN",1310,1310,1449,11,1505,1500,0,177
2000-01-18,1758,"Chicago, IL",IND,"Indianapolis, IN",2105,2106,2304,5,2303,2309,0,177
2000-01-18,1808,"Chicago, IL",IND,"Indianapolis, IN",2225,2224,8,7,20,15,0,177
2000-01-18,707,"Chicago, IL",LAS,"Las Vegas, NV",2230,2240,26,6,16,32,0,1515
2000-01-18,711,"Chicago, IL",LAS,"Las Vegas, NV",1935,1939,2124,8,2121,2132,0,1515
2000-01-18,715,"Chicago, IL",LAS,"Las Vegas, NV",1514,1527,1704,6,1656,1710,0,1515
2000-01-18,717,"Chicago, IL",LAS,"Las Vegas, NV",800,831,959,6,936,1005,0,1515
2000-01-18,721,"Chicago, IL",LAS,"Las Vegas, NV",1150,1211,1417,7,1330,1424,0,1515
2000-01-18,101,"Chicago, IL",LAX,"Los Angeles, CA",800,759,1026,15,1021,1041,0,1745
2000-01-18,105,"Chicago, IL",LAX,"Los Angeles, CA",1530,1529,1752,8,1742,1800,0,1745
2000-01-18,107,"Chicago, IL",LAX,"Los Angeles, CA",1630,1627,1831,8,1849,1839,0,1745
2000-01-18,111,"Chicago, IL",LAX,"Los Angeles, CA",1245,1244,1502,9,1508,1511,0,1745
2000-01-18,115,"Chicago, IL",LAX,"Los Angeles, CA",930,931,1150,8,1148,1158,0,1745
2000-01-18,117,"Chicago, IL",LAX,"Los Angeles, CA",1155,1153,1406,10,1409,1416,0,1745
2000-01-18,119,"Chicago, IL",LAX,"Los Angeles, CA",1330,1410,1622,3,1550,1625,0,1745
2000-01-18,121,"Chicago, IL",LAX,"Los Angeles, CA",1430,1428,1659,5,1644,1704,0,1745
2000-01-18,125,"Chicago, IL",LAX,"Los Angeles, CA",1210,1221,1451,3,1433,1454,0,1745
2000-01-18,127,"Chicago, IL",LAX,"Los Angeles, CA",2220,2239,51,8,40,59,0,1745
2000-01-18,129,"Chicago, IL",LAX,"Los Angeles, CA",2030,2029,2238,7,2250,2245,0,1745
2000-01-18,607,"Chicago, IL",LAX,"Los Angeles, CA",1040,1048,1300,12,1303,1312,0,1745
2000-01-18,762,"Chicago, IL",LAX,"Los Angeles, CA",700,709,936,8,917,944,0,1745
2000-01-18,815,"Chicago, IL",LAX,"Los Angeles, CA",1755,1932,2150,11,2012,2201,0,1745
2000-01-18,841,"Chicago, IL",LAX,"Los Angeles, CA",1925,1929,2202,9,2145,2211,0,1745
2000-01-18,953,"Chicago, IL",LAX,"Los Angeles, CA",2000,1959,2159,5,2218,2204,0,1745
2000-01-18,393,"Chicago, IL",MCI,"Kansas City, MO",914,911,1037,4,1034,1041,0,403
2000-01-18,455,"Chicago, IL",MCI,"Kansas City, MO",1144,1213,1341,4,1305,1345,0,403
2000-01-18,1147,"Chicago, IL",MCI,"Kansas City, MO",804,837,952,4,926,956,0,403
2000-01-18,1597,"Chicago, IL",MCI,"Kansas City, MO",1530,1701,1813,5,1651,1818,0,403
2000-01-18,1747,"Chicago, IL",MCI,"Kansas City, MO",1945,1950,2107,4,2112,2111,0,403
2000-01-18,1895,"Chicago, IL",MCI,"Kansas City, MO",1814,1811,1925,5,1941,1930,0,403
2000-01-18,421,"Chicago, IL",MEM,"Memphis, TN",1510,1534,1705,4,1644,1709,0,491
2000-01-18,1151,"Chicago, IL",MEM,"Memphis, TN",920,921,1051,4,1054,1055,0,491
2000-01-18,1795,"Chicago, IL",MEM,"Memphis, TN",1914,1913,2040,3,2049,2043,0,491
2000-01-18,379,"Chicago, IL",OAK,"Oakland, CA",1535,1535,1828,6,1802,1834,0,1836
2000-01-18,469,"Chicago, IL",OAK,"Oakland, CA",1944,1944,2251,6,2223,2257,0,1836
2000-01-18,1455,"Chicago, IL",OAK,"Oakland, CA",928,927,1240,3,1206,1243,0,1836
2000-01-18,556,"Chicago, IL",PIT,"Pittsburgh, PA",739,737,940,5,957,945,0,412
2000-01-18,576,"Chicago, IL",PIT,"Pittsburgh, PA",1040,1037,1244,6,1255,1250,0,412
2000-01-18,582,"Chicago, IL",PIT,"Pittsburgh, PA",1310,1309,1520,5,1530,1525,0,412
2000-01-18,734,"Chicago, IL",PIT,"Pittsburgh, PA",1444,1447,1702,6,1704,1708,0,412
2000-01-18,760,"Chicago, IL",PIT,"Pittsburgh, PA",2055,2055,2318,8,2314,2326,0,412
2000-01-18,1204,"Chicago, IL",PIT,"Pittsburgh, PA",1644,1648,1910,5,1908,1915,0,412
2000-01-18,1174,"Chicago, IL",RSW,"Fort Myers, FL",1455,1502,1818,3,1836,1821,0,1120
2000-01-18,1206,"Chicago, IL",RSW,"Fort Myers, FL",739,739,1109,3,1120,1112,0,1120
2000-01-18,315,"Chicago, IL",SAN,"San Diego, CA",815,"","","",1024,"",1,1723
2000-01-18,477,"Chicago, IL",SAN,"San Diego, CA",1144,1143,1349,3,1354,1352,0,1723
2000-01-18,741,"Chicago, IL",SAN,"San Diego, CA",937,938,1148,3,1148,1151,0,1723
2000-01-18,929,"Chicago, IL",SAN,"San Diego, CA",1514,1522,1748,3,1727,1751,0,1723
2000-01-18,1121,"Chicago, IL",SAN,"San Diego, CA",1755,1755,2001,2,2009,2003,0,1723
2000-01-18,1277,"Chicago, IL",SAN,"San Diego, CA",1940,1944,2153,3,2155,2156,0,1723
2000-01-18,333,"Chicago, IL",SEA,"Seattle, WA",925,922,1225,4,1146,1229,0,1721
2000-01-18,337,"Chicago, IL",SEA,"Seattle, WA",1914,1917,2201,5,2142,2206,0,1721
2000-01-18,383,"Chicago, IL",SEA,"Seattle, WA",1750,1750,2035,3,2019,2038,0,1721
2000-01-18,537,"Chicago, IL",SEA,"Seattle, WA",2225,2248,112,4,44,116,0,1721
2000-01-18,755,"Chicago, IL",SEA,"Seattle, WA",810,807,1100,3,1031,1103,0,1721
2000-01-18,939,"Chicago, IL",SEA,"Seattle, WA",1144,1213,1502,4,1405,1506,0,1721
2000-01-18,943,"Chicago, IL",SEA,"Seattle, WA",1530,1537,1806,6,1746,1812,0,1721
2000-01-18,1748,"Chicago, IL",SJU,"San Juan, PR",739,737,1340,4,1405,1344,0,2072
2000-01-18,1671,"Chicago, IL",STL,"St. Louis, MO",1520,1545,1655,3,1629,1658,0,258
2000-01-18,356,"Chicago, IL",SYR,"Syracuse, NY",1320,1320,1608,4,1604,1612,0,607
2000-01-18,1498,"Chicago, IL",SYR,"Syracuse, NY",1730,1732,2012,5,2010,2017,0,607
2000-01-18,1620,"Chicago, IL",SYR,"Syracuse, NY",630,651,917,4,904,921,0,607
2000-01-19,560,"Chicago, IL",BNA,"Nashville, TN",740,742,900,4,902,904,0,409
2000-01-19,1050,"Chicago, IL",BNA,"Nashville, TN",1914,1959,2214,5,2034,2219,0,409
2000-01-19,1550,"Chicago, IL",BNA,"Nashville, TN",1444,1609,1828,6,1601,1834,0,409
2000-01-19,1069,"Chicago, IL",BOI,"Boise, ID",1914,1913,2213,2,2157,2215,0,1437
2000-01-19,418,"Chicago, IL",BWI,"Baltimore, MD",1115,1114,1346,2,1354,1348,0,621
2000-01-19,756,"Chicago, IL",BWI,"Baltimore, MD",2100,2123,17,6,2343,23,0,621
2000-01-19,770,"Chicago, IL",BWI,"Baltimore, MD",1705,1813,2107,6,1948,2113,0,621
2000-01-19,1298,"Chicago, IL",BWI,"Baltimore, MD",1325,1327,1612,2,1613,1614,0,621
2000-01-19,1428,"Chicago, IL",BWI,"Baltimore, MD",605,601,836,5,845,841,0,621
2000-01-19,432,"Chicago, IL",CLT,"Charlotte, NC",1314,"","","",1554,"",1,599
2000-01-19,462,"Chicago, IL",CLT,"Charlotte, NC",615,612,858,3,855,901,0,599
2000-01-19,536,"Chicago, IL",CLT,"Charlotte, NC",1644,1711,2113,3,1920,2116,0,599
2000-01-19,1616,"Chicago, IL",CLT,"Charlotte, NC",2045,2051,2327,4,2325,2331,0,599
2000-01-19,515,"Chicago, IL",DAY,"Dayton, OH",1410,1407,1605,6,1610,1611,0,240
2000-01-19,657,"Chicago, IL",DAY,"Dayton, OH",2115,2151,51,7,2318,58,0,240
2000-01-19,1128,"Chicago, IL",DAY,"Dayton, OH",1120,1118,1304,3,1319,1307,0,240
2000-01-19,1552,"Chicago, IL",DAY,"Dayton, OH",800,757,942,7,1000,949,0,240
2000-01-19,1754,"Chicago, IL",DAY,"Dayton, OH",1705,"","","",1907,"",1,240
2000-01-19,302,"Chicago, IL",DTW,"Detroit, MI",1040,1039,1234,10,1249,1244,0,235
2000-01-19,350,"Chicago, IL",DTW,"Detroit, MI",1710,"","","",1923,"",1,235
2000-01-19,396,"Chicago, IL",DTW,"Detroit, MI",1309,1309,1506,4,1524,1510,0,235
2000-01-19,440,"Chicago, IL",DTW,"Detroit, MI",750,810,957,4,1001,1001,0,235
2000-01-19,454,"Chicago, IL",DTW,"Detroit, MI",630,630,824,5,834,829,0,235
2000-01-19,671,"Chicago, IL",DTW,"Detroit, MI",2115,2138,2350,10,2320,2400,0,235
2000-01-19,1425,"Chicago, IL",GEG,"Spokane, WA",1920,1926,2148,3,2118,2151,0,1498
2000-01-19,422,"Chicago, IL",GRR,"Grand Rapids, MI",1925,2001,2213,7,2112,2220,0,137
2000-01-19,494,"Chicago, IL",GRR,"Grand Rapids, MI",851,935,1112,4,1036,1116,0,137
2000-01-19,633,"Chicago, IL",GRR,"Grand Rapids, MI",2115,2125,2332,6,2303,2338,0,137
2000-01-19,1260,"Chicago, IL",GRR,"Grand Rapids, MI",1444,"","","",1630,"",1,137
2000-01-19,1446,"Chicago, IL",GRR,"Grand Rapids, MI",1144,1142,1326,3,1329,1329,0,137
2000-01-19,540,"Chicago, IL",GSO,"Greensboro/High Point, NC",900,902,1132,3,1138,1135,0,590
2000-01-19,750,"Chicago, IL",GSO,"Greensboro/High Point, NC",1744,2006,2257,3,2019,2300,0,590
2000-01-19,1538,"Chicago, IL",GSO,"Greensboro/High Point, NC",1420,1418,1641,3,1658,1644,0,590
2000-01-19,392,"Chicago, IL",MDT,"Harrisburg, PA",1714,1756,2053,4,1949,2057,0,594
2000-01-19,482,"Chicago, IL",MDT,"Harrisburg, PA",900,1021,1240,4,1140,1244,0,594
2000-01-19,542,"Chicago, IL",MDT,"Harrisburg, PA",1314,"","","",1554,"",1,594
2000-01-19,728,"Chicago, IL",MDT,"Harrisburg, PA",2100,2124,11,5,2340,16,0,594
2000-01-19,869,"Chicago, IL",MIA,"Miami, FL",1444,1454,1843,8,1839,1851,0,1197
2000-01-19,1088,"Chicago, IL",MIA,"Miami, FL",739,738,1100,4,1130,1104,0,1197
2000-01-19,1636,"Chicago, IL",MIA,"Miami, FL",1030,1046,1418,5,1415,1423,0,1197
2000-01-19,1984,"Chicago, IL",MIA,"Miami, FL",1805,2109,33,4,2150,37,0,1197
2000-01-19,647,"Chicago, IL",MKE,"Milwaukee, WI",1414,"","","",1451,"",1,67
2000-01-19,1564,"Chicago, IL",MKE,"Milwaukee, WI",2230,2252,2343,4,2307,2347,0,67
2000-01-19,675,"Chicago, IL",MSN,"Madison, WI",2055,2102,2152,5,2141,2157,0,109
2000-01-19,1249,"Chicago, IL",MSN,"Madison, WI",2230,2247,2338,5,2315,2343,0,109
2000-01-19,1581,"Chicago, IL",MSN,"Madison, WI",1410,"","","",1451,"",1,109
2000-01-19,367,"Chicago, IL",MSY,"New Orleans, LA",1200,"","","",1409,"",1,837
2000-01-19,1789,"Chicago, IL",MSY,"New Orleans, LA",1930,2111,2316,4,2140,2320,0,837
2000-01-19,1867,"Chicago, IL",MSY,"New Orleans, LA",1000,957,1154,4,1211,1158,0,837
2000-01-19,503,"Chicago, IL",PDX,"Portland, OR",1745,"","","",2007,"",1,1739
2000-01-19,569,"Chicago, IL",PDX,"Portland, OR",1544,1556,1847,4,1800,1851,0,1739
2000-01-19,577,"Chicago, IL",PDX,"Portland, OR",1914,1947,2248,3,2140,2251,0,1739
2000-01-19,1401,"Chicago, IL",PDX,"Portland, OR",1200,1157,1501,5,1431,1506,0,1739
2000-01-19,1891,"Chicago, IL",PDX,"Portland, OR",945,945,1222,4,1212,1226,0,1739
2000-01-19,749,"Chicago, IL",SAT,"San Antonio, TX",925,922,1153,2,1208,1155,0,1041
2000-01-19,1415,"Chicago, IL",SAT,"San Antonio, TX",1940,1948,2232,8,2224,2240,0,1041
2000-01-19,137,"Chicago, IL",SFO,"San Francisco, CA",1030,1034,1332,5,1306,1337,0,1846
2000-01-19,139,"Chicago, IL",SFO,"San Francisco, CA",2220,2256,206,5,51,211,0,1846
2000-01-19,141,"Chicago, IL",SFO,"San Francisco, CA",1210,1219,1529,4,1448,1533,0,1846
2000-01-19,143,"Chicago, IL",SFO,"San Francisco, CA",1144,1220,1525,5,1407,1530,0,1846
2000-01-19,145,"Chicago, IL",SFO,"San Francisco, CA",930,"","","",1200,"",1,1846
2000-01-19,147,"Chicago, IL",SFO,"San Francisco, CA",1530,1536,1843,4,1753,1847,0,1846
2000-01-19,149,"Chicago, IL",SFO,"San Francisco, CA",1805,"","","",2038,"",1,1846
2000-01-19,151,"Chicago, IL",SFO,"San Francisco, CA",1920,1938,2238,6,2157,2244,0,1846
2000-01-19,155,"Chicago, IL",SFO,"San Francisco, CA",2030,"","","",2304,"",1,1846
2000-01-19,157,"Chicago, IL",SFO,"San Francisco, CA",800,803,1112,7,1028,1119,0,1846
2000-01-19,525,"Chicago, IL",SFO,"San Francisco, CA",1925,"","","",2205,"",1,1846
2000-01-19,399,"Chicago, IL",SLC,"Salt Lake City, UT",1205,1219,1502,3,1419,1505,0,1249
2000-01-19,533,"Chicago, IL",SLC,"Salt Lake City, UT",1914,"","","",2123,"",1,1249
2000-01-19,1439,"Chicago, IL",SLC,"Salt Lake City, UT",914,920,1143,3,1124,1146,0,1249
2000-01-19,1110,"Chicago, IL",TYS,"Knoxville, TN",1314,"","","",1538,"",1,475
2000-01-19,1818,"Chicago, IL",TYS,"Knoxville, TN",2120,2222,111,5,2347,116,0,475
2000-01-19,352,"Chicago, IL",ALB,"Albany, NY",1320,"","","",1614,"",1,723
2000-01-19,1104,"Chicago, IL",ALB,"Albany, NY",620,617,900,3,910,903,0,723
2000-01-19,1454,"Chicago, IL",ALB,"Albany, NY",1720,1743,2124,4,2014,2128,0,723
2000-01-19,364,"Chicago, IL",ATL,"Atlanta, GA",1914,2002,2323,6,2204,2329,0,606
2000-01-19,446,"Chicago, IL",ATL,"Atlanta, GA",925,930,1155,4,1209,1159,0,606
2000-01-19,527,"Chicago, IL",ATL,"Atlanta, GA",2100,2329,201,5,2345,206,0,606
2000-01-19,796,"Chicago, IL",ATL,"Atlanta, GA",1330,1331,1641,7,1633,1648,0,606
2000-01-19,1268,"Chicago, IL",ATL,"Atlanta, GA",650,648,924,5,941,929,0,606
2000-01-19,1628,"Chicago, IL",ATL,"Atlanta, GA",1035,1035,1310,4,1324,1314,0,606
2000-01-19,1690,"Chicago, IL",ATL,"Atlanta, GA",1655,"","","",1948,"",1,606
2000-01-19,1162,"Chicago, IL",BHM,"Birmingham, AL",2125,2126,2259,5,2306,2304,0,584
2000-01-19,1166,"Chicago, IL",BHM,"Birmingham, AL",900,913,1041,3,1040,1044,0,584
2000-01-19,669,"Chicago, IL",CID,"Cedar Rapids/Iowa City, IA",2230,"","","",2324,"",1,196
2000-01-19,681,"Chicago, IL",CID,"Cedar Rapids/Iowa City, IA",1600,"","","",1655,"",1,196
2000-01-19,743,"Chicago, IL",CID,"Cedar Rapids/Iowa City, IA",1920,"","","",2018,"",1,196
2000-01-19,1823,"Chicago, IL",CID,"Cedar Rapids/Iowa City, IA",1145,1142,1242,5,1241,1247,0,196
2000-01-19,1827,"Chicago, IL",CID,"Cedar Rapids/Iowa City, IA",926,924,1019,3,1022,1022,0,196
2000-01-19,1019,"Chicago, IL",COS,"Colorado Springs, CO",1920,1949,2119,6,2045,2125,0,911
2000-01-19,1785,"Chicago, IL",COS,"Colorado Springs, CO",950,948,1123,5,1121,1128,0,911
2000-01-19,490,"Chicago, IL",CVG,"Cincinnati, OH",739,738,949,4,948,953,0,264
2000-01-19,529,"Chicago, IL",CVG,"Cincinnati, OH",2115,2239,102,6,2324,108,0,264
2000-01-19,772,"Chicago, IL",CVG,"Cincinnati, OH",1415,1416,1613,5,1618,1618,0,264
2000-01-19,1140,"Chicago, IL",CVG,"Cincinnati, OH",600,557,820,4,809,824,0,264
2000-01-19,1810,"Chicago, IL",CVG,"Cincinnati, OH",1110,1108,1301,4,1311,1305,0,264
2000-01-19,1892,"Chicago, IL",CVG,"Cincinnati, OH",1655,"","","",1901,"",1,264
2000-01-19,241,"Chicago, IL",DEN,"Denver, CO",600,617,737,7,724,744,0,888
2000-01-19,243,"Chicago, IL",DEN,"Denver, CO",700,657,827,6,829,833,0,888
2000-01-19,245,"Chicago, IL",DEN,"Denver, CO",755,758,915,8,923,923,0,888
2000-01-19,247,"Chicago, IL",DEN,"Denver, CO",910,908,1033,15,1038,1048,0,888
2000-01-19,251,"Chicago, IL",DEN,"Denver, CO",945,944,1114,7,1117,1121,0,888
2000-01-19,253,"Chicago, IL",DEN,"Denver, CO",1245,1252,1422,8,1418,1430,0,888
2000-01-19,255,"Chicago, IL",DEN,"Denver, CO",1530,1538,1716,6,1701,1722,0,888
2000-01-19,259,"Chicago, IL",DEN,"Denver, CO",1525,1536,1756,5,1656,1801,0,888
2000-01-19,531,"Chicago, IL",DEN,"Denver, CO",2220,2218,2355,5,2347,2400,0,888
2000-01-19,941,"Chicago, IL",DEN,"Denver, CO",1920,2128,2315,5,2052,2320,0,888
2000-01-19,945,"Chicago, IL",DEN,"Denver, CO",1150,1158,1349,7,1325,1356,0,888
2000-01-19,959,"Chicago, IL",DEN,"Denver, CO",1745,2115,2235,11,1910,2246,0,888
2000-01-19,368,"Chicago, IL",FLL,"Fort Lauderdale, FL",741,737,1100,4,1129,1104,0,1182
2000-01-19,426,"Chicago, IL",FLL,"Fort Lauderdale, FL",2110,2149,"","",56,"",0,1182
2000-01-19,1948,"Chicago, IL",FLL,"Fort Lauderdale, FL",1415,1426,1804,5,1804,1809,0,1182
2000-01-19,573,"Chicago, IL",IAH,"Houston, TX",914,911,1136,4,1147,1140,0,925
2000-01-19,703,"Chicago, IL",IAH,"Houston, TX",1200,"","","",1434,"",1,925
2000-01-19,705,"Chicago, IL",IAH,"Houston, TX",700,655,913,4,932,917,0,925
2000-01-19,1169,"Chicago, IL",IAH,"Houston, TX",1514,"","","",1746,"",1,925
2000-01-19,1897,"Chicago, IL",IAH,"Houston, TX",1925,2051,2306,4,2156,2310,0,925
2000-01-19,1957,"Chicago, IL",IAH,"Houston, TX",1750,1807,2130,6,2021,2136,0,925
2000-01-19,670,"Chicago, IL",LGA,"New York, NY",2100,"","","",2349,"",1,733
2000-01-19,672,"Chicago, IL",LGA,"New York, NY",1900,"","","",2157,"",1,733
2000-01-19,674,"Chicago, IL",LGA,"New York, NY",1800,1849,2145,6,2058,2151,0,733
2000-01-19,676,"Chicago, IL",LGA,"New York, NY",1700,1713,2000,4,2000,2004,0,733
2000-01-19,678,"Chicago, IL",LGA,"New York, NY",1600,"","","",1900,"",1,733
2000-01-19,680,"Chicago, IL",LGA,"New York, NY",1500,"","","",1758,"",1,733
2000-01-19,682,"Chicago, IL",LGA,"New York, NY",1400,1406,1702,3,1700,1705,0,733
2000-01-19,342,"Chicago, IL",MCO,"Orlando, FL",2115,"","","",43,"",1,1005
2000-01-19,1044,"Chicago, IL",MCO,"Orlando, FL",1655,1656,2100,4,2014,2104,0,1005
2000-01-19,1500,"Chicago, IL",MCO,"Orlando, FL",1344,1344,1702,7,1709,1709,0,1005
2000-01-19,1614,"Chicago, IL",MCO,"Orlando, FL",1035,1032,1355,6,1358,1401,0,1005
2000-01-19,1832,"Chicago, IL",MCO,"Orlando, FL",800,825,1136,5,1131,1141,0,1005
2000-01-19,299,"Chicago, IL",MSP,"Minneapolis, MN",1145,"","","",1303,"",1,334
2000-01-19,353,"Chicago, IL",MSP,"Minneapolis, MN",744,744,938,5,903,943,0,334
2000-01-19,359,"Chicago, IL",MSP,"Minneapolis, MN",1344,1417,1531,3,1503,1534,0,334
2000-01-19,457,"Chicago, IL",MSP,"Minneapolis, MN",1044,1042,1257,5,1202,1302,0,334
2000-01-19,583,"Chicago, IL",MSP,"Minneapolis, MN",1544,1703,1821,4,1707,1825,0,334
2000-01-19,599,"Chicago, IL",MSP,"Minneapolis, MN",945,"","","",1104,"",1,334
2000-01-19,719,"Chicago, IL",MSP,"Minneapolis, MN",1444,"","","",1604,"",1,334
2000-01-19,765,"Chicago, IL",MSP,"Minneapolis, MN",1644,1705,1826,20,1805,1846,0,334
2000-01-19,799,"Chicago, IL",MSP,"Minneapolis, MN",645,643,918,15,808,933,0,334
2000-01-19,1067,"Chicago, IL",MSP,"Minneapolis, MN",1744,"","","",1912,"",1,334
2000-01-19,1107,"Chicago, IL",MSP,"Minneapolis, MN",1945,"","","",2103,"",1,334
2000-01-19,1139,"Chicago, IL",MSP,"Minneapolis, MN",1845,"","","",2007,"",1,334
2000-01-19,1583,"Chicago, IL",MSP,"Minneapolis, MN",1245,"","","",1404,"",1,334
2000-01-19,1889,"Chicago, IL",MSP,"Minneapolis, MN",2225,2243,15,3,2341,18,0,334
2000-01-19,1917,"Chicago, IL",MSP,"Minneapolis, MN",845,858,1047,5,1008,1052,0,334
2000-01-19,535,"Chicago, IL",OMA,"Omaha, NE",1210,1205,1347,2,1334,1349,0,416
2000-01-19,635,"Chicago, IL",OMA,"Omaha, NE",816,813,937,2,940,939,0,416
2000-01-19,775,"Chicago, IL",OMA,"Omaha, NE",1950,2004,2141,3,2117,2144,0,416
2000-01-19,1129,"Chicago, IL",OMA,"Omaha, NE",912,952,1113,2,1031,1115,0,416
2000-01-19,1499,"Chicago, IL",OMA,"Omaha, NE",1540,"","","",1700,"",1,416
2000-01-19,1149,"Chicago, IL",ONT,"Ontario, CA",1914,"","","",2131,"",1,1700
2000-01-19,1733,"Chicago, IL",ONT,"Ontario, CA",1155,1153,1426,3,1413,1429,0,1700
2000-01-19,1850,"Chicago, IL",PHL,"Philadelphia, PA",600,609,902,5,854,907,0,678
2000-01-19,1852,"Chicago, IL",PHL,"Philadelphia, PA",700,659,934,5,949,939,0,678
2000-01-19,1854,"Chicago, IL",PHL,"Philadelphia, PA",815,840,1109,3,1102,1112,0,678
2000-01-19,1856,"Chicago, IL",PHL,"Philadelphia, PA",900,859,1136,3,1149,1139,0,678
2000-01-19,1858,"Chicago, IL",PHL,"Philadelphia, PA",1000,958,1245,5,1249,1250,0,678
2000-01-19,1860,"Chicago, IL",PHL,"Philadelphia, PA",1100,1059,1335,8,1349,1343,0,678
2000-01-19,1862,"Chicago, IL",PHL,"Philadelphia, PA",1200,1207,1502,4,1449,1506,0,678
2000-01-19,1864,"Chicago, IL",PHL,"Philadelphia, PA",1310,"","","",1607,"",1,678
2000-01-19,1866,"Chicago, IL",PHL,"Philadelphia, PA",1410,1417,1656,5,1706,1701,0,678
2000-01-19,1868,"Chicago, IL",PHL,"Philadelphia, PA",1600,"","","",1854,"",1,678
2000-01-19,1872,"Chicago, IL",PHL,"Philadelphia, PA",1700,1717,2003,6,1958,2009,0,678
2000-01-19,1874,"Chicago, IL",PHL,"Philadelphia, PA",1800,1854,2141,3,2050,2144,0,678
2000-01-19,1876,"Chicago, IL",PHL,"Philadelphia, PA",1900,"","","",2150,"",1,678
2000-01-19,1878,"Chicago, IL",PHL,"Philadelphia, PA",2050,2056,2346,4,2334,2350,0,678
2000-01-19,345,"Chicago, IL",PHX,"Phoenix, AZ",1144,1148,1439,3,1423,1442,0,1440
2000-01-19,423,"Chicago, IL",PHX,"Phoenix, AZ",1514,"","","",1757,"",1,1440
2000-01-19,667,"Chicago, IL",PHX,"Phoenix, AZ",1935,2028,2303,4,2213,2307,0,1440
2000-01-19,1273,"Chicago, IL",PHX,"Phoenix, AZ",1805,1813,2100,3,2037,2103,0,1440
2000-01-19,1419,"Chicago, IL",PHX,"Phoenix, AZ",920,934,1230,6,1159,1236,0,1440
2000-01-19,1969,"Chicago, IL",PHX,"Phoenix, AZ",750,750,1026,4,1029,1030,0,1440
2000-01-19,546,"Chicago, IL",PVD,"Providence, RI",1714,1715,2024,3,2021,2027,0,849
2000-01-19,1276,"Chicago, IL",PVD,"Providence, RI",850,845,1141,3,1152,1144,0,849
2000-01-19,1734,"Chicago, IL",PVD,"Providence, RI",1308,1304,1556,3,1613,1559,0,849
2000-01-19,798,"Chicago, IL",PWM,"Portland, ME",2045,2101,7,3,2357,10,0,900
2000-01-19,1130,"Chicago, IL",PWM,"Portland, ME",1310,"","","",1619,"",1,900
2000-01-19,1230,"Chicago, IL",PWM,"Portland, ME",740,746,1044,4,1043,1048,0,900
2000-01-19,586,"Chicago, IL",RDU,"Raleigh/Durham, NC",1330,1329,1610,3,1618,1613,0,647
2000-01-19,588,"Chicago, IL",RDU,"Raleigh/Durham, NC",2100,"","","",2347,"",1,647
2000-01-19,1108,"Chicago, IL",RDU,"Raleigh/Durham, NC",1644,"","","",1931,"",1,647
2000-01-19,1114,"Chicago, IL",RDU,"Raleigh/Durham, NC",625,623,903,3,912,906,0,647
2000-01-19,590,"Chicago, IL",SDF,"Louisville, KY",2115,2209,24,4,2324,28,0,286
2000-01-19,1650,"Chicago, IL",SDF,"Louisville, KY",1355,1356,1556,5,1602,1601,0,286
2000-01-19,271,"Chicago, IL",SJC,"San Jose, CA",920,923,1257,5,1152,1302,0,1830
2000-01-19,559,"Chicago, IL",SJC,"San Jose, CA",1535,1540,1836,8,1803,1844,0,1830
2000-01-19,661,"Chicago, IL",SJC,"San Jose, CA",1935,"","","",2209,"",1,1830
2000-01-19,691,"Chicago, IL",SJC,"San Jose, CA",1205,1203,1515,5,1437,1520,0,1830
2000-01-19,324,"Chicago, IL",TPA,"Tampa, FL",1030,1055,1407,3,1352,1410,0,1012
2000-01-19,1070,"Chicago, IL",TPA,"Tampa, FL",1725,1746,2125,5,2050,2130,0,1012
2000-01-19,1090,"Chicago, IL",TPA,"Tampa, FL",1316,1318,1640,4,1641,1644,0,1012
2000-01-19,1676,"Chicago, IL",TPA,"Tampa, FL",739,738,1051,2,1110,1053,0,1012
2000-01-19,1930,"Chicago, IL",TPA,"Tampa, FL",2115,"","","",45,"",1,1012
2000-01-19,1122,"Chicago, IL",ABE,"Allentown/Bethlehem/Easton, PA",1644,"","","",1928,"",1,654
2000-01-19,1656,"Chicago, IL",ABE,"Allentown/Bethlehem/Easton, PA",1410,1422,1655,3,1656,1658,0,654
2000-01-19,373,"Chicago, IL",AUS,"Austin, TX",1914,2008,2236,5,2155,2241,0,978
2000-01-19,589,"Chicago, IL",AUS,"Austin, TX",922,921,1200,8,1202,1208,0,978
2000-01-19,394,"Chicago, IL",BDL,"Hartford, CT",1650,"","","",1950,"",1,783
2000-01-19,398,"Chicago, IL",BDL,"Hartford, CT",910,931,1219,7,1204,1226,0,783
2000-01-19,1126,"Chicago, IL",BDL,"Hartford, CT",2050,2142,46,5,2351,51,0,783
2000-01-19,1228,"Chicago, IL",BDL,"Hartford, CT",1320,1338,1627,7,1621,1634,0,783
2000-01-19,1404,"Chicago, IL",BDL,"Hartford, CT",1035,1050,1342,5,1332,1347,0,783
2000-01-19,1522,"Chicago, IL",BDL,"Hartford, CT",600,604,900,5,856,905,0,783
2000-01-19,502,"Chicago, IL",BOS,"Boston, MA",645,645,943,9,956,952,0,867
2000-01-19,504,"Chicago, IL",BOS,"Boston, MA",744,751,1053,23,1053,1116,0,867
2000-01-19,506,"Chicago, IL",BOS,"Boston, MA",845,842,1142,6,1154,1148,0,867
2000-01-19,508,"Chicago, IL",BOS,"Boston, MA",945,948,1245,5,1254,1250,0,867
2000-01-19,512,"Chicago, IL",BOS,"Boston, MA",1144,"","","",1457,"",1,867
2000-01-19,514,"Chicago, IL",BOS,"Boston, MA",1245,1246,1551,13,1554,1604,0,867
2000-01-19,516,"Chicago, IL",BOS,"Boston, MA",1644,1656,2127,7,1959,2134,0,867
2000-01-19,518,"Chicago, IL",BOS,"Boston, MA",1344,"","","",1707,"",1,867
2000-01-19,522,"Chicago, IL",BOS,"Boston, MA",1544,"","","",1858,"",1,867
2000-01-19,524,"Chicago, IL",BOS,"Boston, MA",1744,1747,2105,7,2059,2112,0,867
2000-01-19,526,"Chicago, IL",BOS,"Boston, MA",1845,"","","",2156,"",1,867
2000-01-19,528,"Chicago, IL",BOS,"Boston, MA",1444,1451,1755,8,1759,1803,0,867
2000-01-19,884,"Chicago, IL",BOS,"Boston, MA",1044,1044,1347,10,1355,1357,0,867
2000-01-19,1018,"Chicago, IL",BOS,"Boston, MA",2045,"","","",2355,"",1,867
2000-01-19,138,"Chicago, IL",CMH,"Columbus, OH",1310,1307,1503,5,1516,1508,0,296
2000-01-19,601,"Chicago, IL",CMH,"Columbus, OH",805,804,1000,5,1010,1005,0,296
2000-01-19,1118,"Chicago, IL",CMH,"Columbus, OH",655,652,844,4,901,848,0,296
2000-01-19,1452,"Chicago, IL",CMH,"Columbus, OH",1105,1102,1258,4,1310,1302,0,296
2000-01-19,1518,"Chicago, IL",CMH,"Columbus, OH",1644,"","","",1854,"",1,296
2000-01-19,1548,"Chicago, IL",CMH,"Columbus, OH",2115,2231,45,4,2325,49,0,296
2000-01-19,600,"Chicago, IL",DCA,"Washington, DC",630,631,854,3,907,857,0,612
2000-01-19,602,"Chicago, IL",DCA,"Washington, DC",730,"","","",1010,"",1,612
2000-01-19,604,"Chicago, IL",DCA,"Washington, DC",830,828,1059,2,1111,1101,0,612
2000-01-19,606,"Chicago, IL",DCA,"Washington, DC",930,926,1151,2,1209,1153,0,612
2000-01-19,608,"Chicago, IL",DCA,"Washington, DC",1030,1029,1255,3,1309,1258,0,612
2000-01-19,610,"Chicago, IL",DCA,"Washington, DC",1130,1130,1357,2,1403,1359,0,612
2000-01-19,612,"Chicago, IL",DCA,"Washington, DC",1230,"","","",1506,"",1,612
2000-01-19,614,"Chicago, IL",DCA,"Washington, DC",1314,1454,1739,2,1558,1741,0,612
2000-01-19,616,"Chicago, IL",DCA,"Washington, DC",1330,"","","",1617,"",1,612
2000-01-19,618,"Chicago, IL",DCA,"Washington, DC",1430,1453,1733,3,1711,1736,0,612
2000-01-19,620,"Chicago, IL",DCA,"Washington, DC",1530,"","","",1810,"",1,612
2000-01-19,622,"Chicago, IL",DCA,"Washington, DC",1630,1703,1938,5,1908,1943,0,612
2000-01-19,624,"Chicago, IL",DCA,"Washington, DC",1700,"","","",1947,"",1,612
2000-01-19,626,"Chicago, IL",DCA,"Washington, DC",1730,"","","",2016,"",1,612
2000-01-19,628,"Chicago, IL",DCA,"Washington, DC",1830,1844,2120,4,2108,2124,0,612
2000-01-19,630,"Chicago, IL",DCA,"Washington, DC",1930,"","","",2208,"",1,612
2000-01-19,632,"Chicago, IL",DCA,"Washington, DC",2045,2045,2335,3,2323,2338,0,612
2000-01-19,321,"Chicago, IL",DFW,"Dallas/Fort Worth, TX",945,943,1151,13,1208,1204,0,802
2000-01-19,495,"Chicago, IL",DFW,"Dallas/Fort Worth, TX",655,740,957,4,916,1001,0,802
2000-01-19,685,"Chicago, IL",DFW,"Dallas/Fort Worth, TX",1405,1405,1623,3,1629,1626,0,802
2000-01-19,789,"Chicago, IL",DFW,"Dallas/Fort Worth, TX",1514,"","","",1738,"",1,802
2000-01-19,1115,"Chicago, IL",DFW,"Dallas/Fort Worth, TX",830,827,1033,3,1051,1036,0,802
2000-01-19,1281,"Chicago, IL",DFW,"Dallas/Fort Worth, TX",1800,1840,2104,4,2015,2108,0,802
2000-01-19,1621,"Chicago, IL",DFW,"Dallas/Fort Worth, TX",1925,1943,2155,5,2147,2200,0,802
2000-01-19,1707,"Chicago, IL",DFW,"Dallas/Fort Worth, TX",1155,1155,1420,8,1421,1428,0,802
2000-01-19,634,"Chicago, IL",EWR,"Newark, NJ",630,628,906,9,928,915,0,719
2000-01-19,636,"Chicago, IL",EWR,"Newark, NJ",730,728,1012,7,1027,1019,0,719
2000-01-19,638,"Chicago, IL",EWR,"Newark, NJ",830,828,1117,8,1128,1125,0,719
2000-01-19,640,"Chicago, IL",EWR,"Newark, NJ",930,"","","",1225,"",1,719
2000-01-19,642,"Chicago, IL",EWR,"Newark, NJ",1030,1029,1310,8,1328,1318,0,719
2000-01-19,644,"Chicago, IL",EWR,"Newark, NJ",1130,1129,1411,7,1429,1418,0,719
2000-01-19,646,"Chicago, IL",EWR,"Newark, NJ",1230,"","","",1533,"",1,719
2000-01-19,648,"Chicago, IL",EWR,"Newark, NJ",1330,"","","",1644,"",1,719
2000-01-19,652,"Chicago, IL",EWR,"Newark, NJ",1430,1439,1718,9,1738,1727,0,719
2000-01-19,654,"Chicago, IL",EWR,"Newark, NJ",1530,"","","",1840,"",1,719
2000-01-19,656,"Chicago, IL",EWR,"Newark, NJ",1644,1715,2010,11,1947,2021,0,719
2000-01-19,658,"Chicago, IL",EWR,"Newark, NJ",1730,"","","",2033,"",1,719
2000-01-19,660,"Chicago, IL",EWR,"Newark, NJ",1830,1951,2249,6,2126,2255,0,719
2000-01-19,664,"Chicago, IL",EWR,"Newark, NJ",2045,2100,2352,7,2343,2359,0,719
2000-01-19,561,"Chicago, IL",ICT,"Wichita, KS",1915,1914,2059,4,2104,2103,0,588
2000-01-19,649,"Chicago, IL",ICT,"Wichita, KS",1514,"","","",1700,"",1,588
2000-01-19,795,"Chicago, IL",ICT,"Wichita, KS",915,913,1105,5,1104,1110,0,588
2000-01-19,292,"Chicago, IL",IND,"Indianapolis, IN",700,658,843,11,856,854,0,177
2000-01-19,314,"Chicago, IL",IND,"Indianapolis, IN",1655,"","","",1851,"",1,177
2000-01-19,500,"Chicago, IL",IND,"Indianapolis, IN",1144,1146,1330,6,1341,1336,0,177
2000-01-19,1590,"Chicago, IL",IND,"Indianapolis, IN",1520,1537,1741,7,1716,1748,0,177
2000-01-19,1608,"Chicago, IL",IND,"Indianapolis, IN",1310,1310,1501,8,1505,1509,0,177
2000-01-19,1758,"Chicago, IL",IND,"Indianapolis, IN",2105,2116,2305,10,2303,2315,0,177
2000-01-19,1808,"Chicago, IL",IND,"Indianapolis, IN",2225,2236,44,10,20,54,0,177
2000-01-19,707,"Chicago, IL",LAS,"Las Vegas, NV",2230,2226,35,6,16,41,0,1515
2000-01-19,711,"Chicago, IL",LAS,"Las Vegas, NV",1935,1953,2151,7,2121,2158,0,1515
2000-01-19,715,"Chicago, IL",LAS,"Las Vegas, NV",1514,1534,1725,10,1656,1735,0,1515
2000-01-19,717,"Chicago, IL",LAS,"Las Vegas, NV",800,800,947,3,936,950,0,1515
2000-01-19,721,"Chicago, IL",LAS,"Las Vegas, NV",1150,1152,1353,5,1330,1358,0,1515
2000-01-19,101,"Chicago, IL",LAX,"Los Angeles, CA",800,855,1058,7,1021,1105,0,1745
2000-01-19,105,"Chicago, IL",LAX,"Los Angeles, CA",1530,1533,1757,10,1742,1807,0,1745
2000-01-19,107,"Chicago, IL",LAX,"Los Angeles, CA",1630,1635,1858,4,1849,1902,0,1745
2000-01-19,111,"Chicago, IL",LAX,"Los Angeles, CA",1245,"","","",1508,"",1,1745
2000-01-19,115,"Chicago, IL",LAX,"Los Angeles, CA",930,927,1141,8,1148,1149,0,1745
2000-01-19,117,"Chicago, IL",LAX,"Los Angeles, CA",1155,1157,1429,9,1409,1438,0,1745
2000-01-19,119,"Chicago, IL",LAX,"Los Angeles, CA",1330,1328,1549,11,1550,1600,0,1745
2000-01-19,121,"Chicago, IL",LAX,"Los Angeles, CA",1430,1505,1751,12,1644,1803,0,1745
2000-01-19,125,"Chicago, IL",LAX,"Los Angeles, CA",1210,"","","",1433,"",1,1745
2000-01-19,127,"Chicago, IL",LAX,"Los Angeles, CA",2220,"","","",40,"",1,1745
2000-01-19,129,"Chicago, IL",LAX,"Los Angeles, CA",2030,"","","",2250,"",1,1745
2000-01-19,607,"Chicago, IL",LAX,"Los Angeles, CA",1040,1100,1317,5,1303,1322,0,1745
2000-01-19,762,"Chicago, IL",LAX,"Los Angeles, CA",700,724,944,8,917,952,0,1745
2000-01-19,815,"Chicago, IL",LAX,"Los Angeles, CA",1755,1802,2039,4,2012,2043,0,1745
2000-01-19,841,"Chicago, IL",LAX,"Los Angeles, CA",1925,1950,2227,10,2145,2237,0,1745
2000-01-19,953,"Chicago, IL",LAX,"Los Angeles, CA",2000,1959,2231,8,2218,2239,0,1745
2000-01-19,393,"Chicago, IL",MCI,"Kansas City, MO",914,922,1043,2,1034,1045,0,403
2000-01-19,455,"Chicago, IL",MCI,"Kansas City, MO",1144,1207,1356,4,1305,1400,0,403
2000-01-19,1147,"Chicago, IL",MCI,"Kansas City, MO",804,802,922,3,926,925,0,403
2000-01-19,1597,"Chicago, IL",MCI,"Kansas City, MO",1530,"","","",1651,"",1,403
2000-01-19,1747,"Chicago, IL",MCI,"Kansas City, MO",1944,2034,2204,5,2111,2209,0,403
2000-01-19,1895,"Chicago, IL",MCI,"Kansas City, MO",1814,1830,2011,5,1941,2016,0,403
2000-01-19,421,"Chicago, IL",MEM,"Memphis, TN",1510,1542,1728,5,1644,1733,0,491
2000-01-19,1151,"Chicago, IL",MEM,"Memphis, TN",920,919,1046,4,1054,1050,0,491
2000-01-19,1795,"Chicago, IL",MEM,"Memphis, TN",1914,"","","",2049,"",1,491
2000-01-19,379,"Chicago, IL",OAK,"Oakland, CA",1535,1540,1839,7,1802,1846,0,1836
2000-01-19,469,"Chicago, IL",OAK,"Oakland, CA",1944,1959,2305,5,2223,2310,0,1836
2000-01-19,1455,"Chicago, IL",OAK,"Oakland, CA",928,926,1233,4,1206,1237,0,1836
2000-01-19,556,"Chicago, IL",PIT,"Pittsburgh, PA",739,741,941,7,957,948,0,412
2000-01-19,576,"Chicago, IL",PIT,"Pittsburgh, PA",1040,1038,1241,6,1255,1247,0,412
2000-01-19,582,"Chicago, IL",PIT,"Pittsburgh, PA",1308,1425,1637,4,1528,1641,0,412
2000-01-19,734,"Chicago, IL",PIT,"Pittsburgh, PA",1444,1530,1750,6,1704,1756,0,412
2000-01-19,760,"Chicago, IL",PIT,"Pittsburgh, PA",2055,2318,154,8,2314,202,0,412
2000-01-19,1204,"Chicago, IL",PIT,"Pittsburgh, PA",1644,"","","",1908,"",1,412
2000-01-19,1174,"Chicago, IL",RSW,"Fort Myers, FL",1455,1517,1850,3,1836,1853,0,1120
2000-01-19,1206,"Chicago, IL",RSW,"Fort Myers, FL",739,740,1108,4,1120,1112,0,1120
2000-01-19,315,"Chicago, IL",SAN,"San Diego, CA",815,813,1028,2,1024,1030,0,1723
2000-01-19,477,"Chicago, IL",SAN,"San Diego, CA",1144,1147,1422,3,1354,1425,0,1723
2000-01-19,741,"Chicago, IL",SAN,"San Diego, CA",937,938,1158,3,1148,1201,0,1723
2000-01-19,929,"Chicago, IL",SAN,"San Diego, CA",1514,1538,1839,2,1727,1841,0,1723
2000-01-19,1121,"Chicago, IL",SAN,"San Diego, CA",1755,1758,2050,4,2009,2054,0,1723
2000-01-19,1277,"Chicago, IL",SAN,"San Diego, CA",1940,"","","",2155,"",1,1723
2000-01-19,333,"Chicago, IL",SEA,"Seattle, WA",925,925,1147,4,1146,1151,0,1721
2000-01-19,337,"Chicago, IL",SEA,"Seattle, WA",1914,2032,2323,5,2142,2328,0,1721
2000-01-19,383,"Chicago, IL",SEA,"Seattle, WA",1750,"","","",2019,"",1,1721
2000-01-19,537,"Chicago, IL",SEA,"Seattle, WA",2225,2228,126,5,44,131,0,1721
2000-01-19,755,"Chicago, IL",SEA,"Seattle, WA",810,806,1035,9,1031,1044,0,1721
2000-01-19,939,"Chicago, IL",SEA,"Seattle, WA",1144,1145,1419,9,1405,1428,0,1721
2000-01-19,943,"Chicago, IL",SEA,"Seattle, WA",1530,1539,1855,5,1746,1900,0,1721
2000-01-19,1748,"Chicago, IL",SJU,"San Juan, PR",739,745,1352,3,1405,1355,0,2072
2000-01-19,1671,"Chicago, IL",STL,"St. Louis, MO",1520,"","","",1629,"",1,258
2000-01-19,356,"Chicago, IL",SYR,"Syracuse, NY",1320,"","","",1604,"",1,607
2000-01-19,1498,"Chicago, IL",SYR,"Syracuse, NY",1730,1751,2042,4,2010,2046,0,607
2000-01-19,1620,"Chicago, IL",SYR,"Syracuse, NY",630,626,851,4,904,855,0,607
2000-01-19,568,"Chicago, IL",BTV,"Burlington, VT",1810,1824,2121,4,2059,2125,0,763
2000-01-19,1076,"Chicago, IL",BTV,"Burlington, VT",1325,"","","",1624,"",1,763
2000-01-19,380,"Chicago, IL",BUF,"Buffalo, NY",1644,1722,1953,3,1907,1956,0,473
2000-01-19,786,"Chicago, IL",BUF,"Buffalo, NY",738,737,950,3,957,953,0,473
2000-01-19,790,"Chicago, IL",BUF,"Buffalo, NY",2100,2333,159,5,2323,204,0,473
2000-01-19,1576,"Chicago, IL",BUF,"Buffalo, NY",1450,"","","",1715,"",1,473
2000-01-19,1881,"Chicago, IL",BUF,"Buffalo, NY",1105,1129,1345,2,1322,1347,0,473
2000-01-19,240,"Chicago, IL",CLE,"Cleveland, OH",1050,1050,1252,4,1259,1256,0,316
2000-01-19,348,"Chicago, IL",CLE,"Cleveland, OH",1714,1732,1947,5,1933,1952,0,316
2000-01-19,520,"Chicago, IL",CLE,"Cleveland, OH",625,622,828,4,842,832,0,316
2000-01-19,1184,"Chicago, IL",CLE,"Cleveland, OH",1310,1310,1529,7,1527,1536,0,316
2000-01-19,1588,"Chicago, IL",CLE,"Cleveland, OH",2115,"","","",2328,"",1,316
2000-01-19,1922,"Chicago, IL",CLE,"Cleveland, OH",744,748,940,6,951,946,0,316
2000-01-19,699,"Chicago, IL",DSM,"Des Moines, IA",815,813,918,8,924,926,0,299
2000-01-19,773,"Chicago, IL",DSM,"Des Moines, IA",1514,1516,1634,5,1623,1639,0,299
2000-01-19,785,"Chicago, IL",DSM,"Des Moines, IA",2230,2321,32,6,2338,38,0,299
2000-01-19,1101,"Chicago, IL",DSM,"Des Moines, IA",1930,2135,2300,7,2042,2307,0,299
2000-01-19,1437,"Chicago, IL",DSM,"Des Moines, IA",1210,"","","",1318,"",1,299
2000-01-19,1757,"Chicago, IL",DSM,"Des Moines, IA",920,936,1054,5,1033,1059,0,299
2000-01-19,43,"Chicago, IL",HNL,"Honolulu, HI",1000,958,1551,3,1507,1554,0,4244
2000-01-19,780,"Chicago, IL",HPN,"White Plains, NY",1727,"","","",2029,"",1,738
2000-01-19,1200,"Chicago, IL",HPN,"White Plains, NY",1330,"","","",1635,"",1,738
2000-01-19,1484,"Chicago, IL",HPN,"White Plains, NY",2045,"","","",2340,"",1,738
2000-01-19,1486,"Chicago, IL",HPN,"White Plains, NY",705,"","","",1000,"",1,738
2000-01-19,1488,"Chicago, IL",HPN,"White Plains, NY",1135,1133,1418,3,1429,1421,0,738
2000-01-19,1686,"Chicago, IL",HPN,"White Plains, NY",1614,1614,1916,10,1910,1926,0,738
2000-01-19,474,"Chicago, IL",IAD,"Washington, DC",1320,1321,1602,6,1612,1608,0,589
2000-01-19,492,"Chicago, IL",IAD,"Washington, DC",1030,1030,1302,5,1312,1307,0,589
2000-01-19,538,"Chicago, IL",IAD,"Washington, DC",805,800,1038,8,1048,1046,0,589
2000-01-19,718,"Chicago, IL",IAD,"Washington, DC",1810,1853,2130,13,2100,2143,0,589
2000-01-19,766,"Chicago, IL",IAD,"Washington, DC",945,944,1211,6,1229,1217,0,589
2000-01-19,882,"Chicago, IL",IAD,"Washington, DC",1714,"","","",1958,"",1,589
2000-01-19,1242,"Chicago, IL",IAD,"Washington, DC",600,558,821,6,842,827,0,589
2000-01-19,1246,"Chicago, IL",IAD,"Washington, DC",1450,1522,1801,6,1746,1807,0,589
2000-01-19,1638,"Chicago, IL",IAD,"Washington, DC",2055,"","","",2340,"",1,589
2000-01-19,501,"Chicago, IL",JAX,"Jacksonville, FL",820,817,1111,4,1132,1115,0,865
2000-01-19,631,"Chicago, IL",JAX,"Jacksonville, FL",2045,2043,2341,3,2359,2344,0,865
2000-01-19,684,"Chicago, IL",LGA,"New York, NY",1300,"","","",1554,"",1,733
2000-01-19,686,"Chicago, IL",LGA,"New York, NY",1200,1220,1507,4,1452,1511,0,733
2000-01-19,690,"Chicago, IL",LGA,"New York, NY",1000,959,1236,3,1250,1239,0,733
2000-01-19,692,"Chicago, IL",LGA,"New York, NY",900,910,1151,2,1155,1153,0,733
2000-01-19,694,"Chicago, IL",LGA,"New York, NY",800,758,1044,3,1100,1047,0,733
2000-01-19,696,"Chicago, IL",LGA,"New York, NY",700,657,939,3,954,942,0,733
2000-01-19,698,"Chicago, IL",LGA,"New York, NY",600,559,845,2,855,847,0,733
2000-01-19,896,"Chicago, IL",LGA,"New York, NY",0,1129,1406,3,0,1409,0,733
2000-01-19,1547,"Chicago, IL",LNK,"Lincoln, NE",1950,2008,2138,4,2115,2142,0,466
2000-01-19,1815,"Chicago, IL",LNK,"Lincoln, NE",912,909,1032,6,1037,1038,0,466
2000-01-19,521,"Chicago, IL",MBS,"Saginaw/Bay City/Midland, MI",1703,"","","",1900,"",1,222
2000-01-19,1760,"Chicago, IL",MBS,"Saginaw/Bay City/Midland, MI",1310,1316,1513,3,1507,1516,0,222
2000-01-19,1851,"Chicago, IL",MBS,"Saginaw/Bay City/Midland, MI",815,813,955,2,1012,957,0,222
2000-01-19,1902,"Chicago, IL",MBS,"Saginaw/Bay City/Midland, MI",2115,2134,2342,5,2313,2347,0,222
2000-01-19,562,"Chicago, IL",MHT,"Manchester, NH",2057,2116,27,5,2359,32,0,843
2000-01-19,1024,"Chicago, IL",MHT,"Manchester, NH",1309,1314,1609,6,1614,1615,0,843
2000-01-19,1048,"Chicago, IL",MHT,"Manchester, NH",1644,"","","",1949,"",1,843
2000-01-19,330,"Chicago, IL",ORF,"Norfolk, VA",1314,"","","",1612,"",1,717
2000-01-19,532,"Chicago, IL",ORF,"Norfolk, VA",1714,1742,2042,3,2009,2045,0,717
2000-01-19,1198,"Chicago, IL",ORF,"Norfolk, VA",825,824,1103,3,1121,1106,0,717
2000-01-19,142,"Chicago, IL",PBI,"West Palm Beach/Palm Beach, FL",1950,2210,145,4,2329,149,0,1144
2000-01-19,639,"Chicago, IL",PBI,"West Palm Beach/Palm Beach, FL",1030,1220,1555,4,1409,1559,0,1144
2000-01-19,282,"Chicago, IL",RIC,"Richmond, VA",625,621,902,5,912,907,0,642
2000-01-19,1606,"Chicago, IL",RIC,"Richmond, VA",1314,"","","",1603,"",1,642
2000-01-19,1824,"Chicago, IL",RIC,"Richmond, VA",1720,1741,2040,7,2009,2047,0,642
2000-01-19,386,"Chicago, IL",ROC,"Rochester, NY",2125,2131,21,8,2359,29,0,528
2000-01-19,438,"Chicago, IL",ROC,"Rochester, NY",1705,1710,1944,7,1939,1951,0,528
2000-01-19,550,"Chicago, IL",ROC,"Rochester, NY",1040,1038,1305,8,1309,1313,0,528
2000-01-19,1194,"Chicago, IL",ROC,"Rochester, NY",700,658,924,11,930,935,0,528
2000-01-19,1456,"Chicago, IL",ROC,"Rochester, NY",1440,"","","",1711,"",1,528
2000-01-19,381,"Chicago, IL",SMF,"Sacramento, CA",915,914,1218,3,1147,1221,0,1781
2000-01-19,483,"Chicago, IL",SMF,"Sacramento, CA",1914,"","","",2145,"",1,1781
2000-01-19,621,"Chicago, IL",SMF,"Sacramento, CA",1545,1545,"","",1814,"",0,1781
2000-01-19,1405,"Chicago, IL",SMF,"Sacramento, CA",1144,1145,1433,4,1408,1437,0,1781
2000-01-19,303,"Chicago, IL",SNA,"Santa Ana, CA",1525,"","","",1737,"",1,1726
2000-01-19,365,"Chicago, IL",SNA,"Santa Ana, CA",1144,1151,1433,5,1357,1438,0,1726
2000-01-19,473,"Chicago, IL",SNA,"Santa Ana, CA",1945,1950,2210,10,2200,2220,0,1726
2000-01-19,1075,"Chicago, IL",SNA,"Santa Ana, CA",1744,1831,2109,4,1959,2113,0,1726
2000-01-19,1543,"Chicago, IL",SNA,"Santa Ana, CA",914,926,1141,5,1127,1146,0,1726
2000-01-19,285,"Chicago, IL",STL,"St. Louis, MO",739,736,842,3,849,845,0,258
2000-01-19,609,"Chicago, IL",STL,"St. Louis, MO",1144,1143,1257,3,1253,1300,0,258
2000-01-19,779,"Chicago, IL",STL,"St. Louis, MO",1925,1922,2158,5,2036,2203,0,258
2000-01-20,568,"Chicago, IL",BTV,"Burlington, VT",1810,1819,2134,6,2059,2140,0,763
2000-01-20,1076,"Chicago, IL",BTV,"Burlington, VT",1325,1327,1615,2,1624,1617,0,763
2000-01-20,380,"Chicago, IL",BUF,"Buffalo, NY",1644,1645,1912,5,1907,1917,0,473
2000-01-20,786,"Chicago, IL",BUF,"Buffalo, NY",738,801,1024,3,957,1027,0,473
2000-01-20,790,"Chicago, IL",BUF,"Buffalo, NY",2100,2139,2351,3,2323,2354,0,473
2000-01-20,1576,"Chicago, IL",BUF,"Buffalo, NY",1450,"","","",1715,"",1,473
2000-01-20,1881,"Chicago, IL",BUF,"Buffalo, NY",1105,"","","",1322,"",1,473
2000-01-20,240,"Chicago, IL",CLE,"Cleveland, OH",1050,1051,1314,6,1259,1320,0,316
2000-01-20,348,"Chicago, IL",CLE,"Cleveland, OH",1714,1730,1937,5,1933,1942,0,316
2000-01-20,520,"Chicago, IL",CLE,"Cleveland, OH",625,712,1109,5,842,1114,0,316
2000-01-20,1184,"Chicago, IL",CLE,"Cleveland, OH",1310,1308,1537,6,1527,1543,0,316
2000-01-20,1588,"Chicago, IL",CLE,"Cleveland, OH",2115,2158,2354,5,2328,2359,0,316
2000-01-20,1922,"Chicago, IL",CLE,"Cleveland, OH",744,742,"","",951,"",0,316
2000-01-20,699,"Chicago, IL",DSM,"Des Moines, IA",815,815,927,6,924,933,0,299
2000-01-20,773,"Chicago, IL",DSM,"Des Moines, IA",1514,1514,1620,5,1623,1625,0,299
2000-01-20,785,"Chicago, IL",DSM,"Des Moines, IA",2230,2244,2357,6,2338,3,0,299
2000-01-20,1101,"Chicago, IL",DSM,"Des Moines, IA",1930,1936,2041,8,2042,2049,0,299
2000-01-20,1437,"Chicago, IL",DSM,"Des Moines, IA",1210,1401,1459,5,1318,1504,0,299
2000-01-20,1757,"Chicago, IL",DSM,"Des Moines, IA",920,957,1105,5,1033,1110,0,299
2000-01-20,43,"Chicago, IL",HNL,"Honolulu, HI",1000,1006,1548,3,1507,1551,0,4244
2000-01-20,780,"Chicago, IL",HPN,"White Plains, NY",1727,1729,2023,4,2029,2027,0,738
2000-01-20,1200,"Chicago, IL",HPN,"White Plains, NY",1330,"","","",1635,"",1,738
2000-01-20,1484,"Chicago, IL",HPN,"White Plains, NY",2045,2042,2326,4,2340,2330,0,738
2000-01-20,1486,"Chicago, IL",HPN,"White Plains, NY",705,714,1013,10,1000,1023,0,738
2000-01-20,1488,"Chicago, IL",HPN,"White Plains, NY",1135,1137,1433,3,1429,1436,0,738
2000-01-20,1686,"Chicago, IL",HPN,"White Plains, NY",1614,1616,1902,6,1910,1908,0,738
2000-01-20,474,"Chicago, IL",IAD,"Washington, DC",1320,1526,1801,19,1612,1820,0,589
2000-01-20,492,"Chicago, IL",IAD,"Washington, DC",1030,1032,1301,5,1312,1306,0,589
2000-01-20,538,"Chicago, IL",IAD,"Washington, DC",805,803,1039,10,1048,1049,0,589
2000-01-20,718,"Chicago, IL",IAD,"Washington, DC",1810,1819,2048,5,2100,2053,0,589
2000-01-20,766,"Chicago, IL",IAD,"Washington, DC",945,"","","",1229,"",1,589
2000-01-20,882,"Chicago, IL",IAD,"Washington, DC",1714,"","","",1958,"",1,589
2000-01-20,1242,"Chicago, IL",IAD,"Washington, DC",600,605,901,6,842,907,0,589
2000-01-20,1246,"Chicago, IL",IAD,"Washington, DC",1450,"","","",1746,"",1,589
2000-01-20,1638,"Chicago, IL",IAD,"Washington, DC",2055,2055,2328,4,2340,2332,0,589
2000-01-20,501,"Chicago, IL",JAX,"Jacksonville, FL",820,846,1141,4,1132,1145,0,865
2000-01-20,631,"Chicago, IL",JAX,"Jacksonville, FL",2045,2044,2339,4,2359,2343,0,865
2000-01-20,684,"Chicago, IL",LGA,"New York, NY",1300,1352,1725,5,1554,1730,0,733
2000-01-20,686,"Chicago, IL",LGA,"New York, NY",1200,1344,1710,6,1452,1716,0,733
2000-01-20,690,"Chicago, IL",LGA,"New York, NY",1000,1150,"","",1250,"",0,733
2000-01-20,692,"Chicago, IL",LGA,"New York, NY",900,926,1229,5,1155,1234,0,733
2000-01-20,694,"Chicago, IL",LGA,"New York, NY",800,817,1123,3,1100,1126,0,733
2000-01-20,696,"Chicago, IL",LGA,"New York, NY",700,703,1017,4,954,1021,0,733
2000-01-20,698,"Chicago, IL",LGA,"New York, NY",600,558,856,2,855,858,0,733
2000-01-20,896,"Chicago, IL",LGA,"New York, NY",0,"","","",0,"",1,733
2000-01-20,1547,"Chicago, IL",LNK,"Lincoln, NE",1950,2014,2145,7,2115,2152,0,466
2000-01-20,1815,"Chicago, IL",LNK,"Lincoln, NE",912,958,1125,2,1037,1127,0,466
2000-01-20,521,"Chicago, IL",MBS,"Saginaw/Bay City/Midland, MI",1703,"","","",1900,"",1,222
2000-01-20,1760,"Chicago, IL",MBS,"Saginaw/Bay City/Midland, MI",1310,1433,1620,1,1507,1621,0,222
2000-01-20,1851,"Chicago, IL",MBS,"Saginaw/Bay City/Midland, MI",815,854,1054,5,1012,1059,0,222
2000-01-20,1902,"Chicago, IL",MBS,"Saginaw/Bay City/Midland, MI",2115,2114,2310,8,2313,2318,0,222
2000-01-20,562,"Chicago, IL",MHT,"Manchester, NH",2057,2213,107,5,2359,112,0,843
2000-01-20,1024,"Chicago, IL",MHT,"Manchester, NH",1309,1342,1646,5,1614,1651,0,843
2000-01-20,1048,"Chicago, IL",MHT,"Manchester, NH",1644,1733,2035,5,1949,2040,0,843
2000-01-20,330,"Chicago, IL",ORF,"Norfolk, VA",1314,"","","",1612,"",1,717
2000-01-20,532,"Chicago, IL",ORF,"Norfolk, VA",1714,1722,2004,4,2009,2008,0,717
2000-01-20,1198,"Chicago, IL",ORF,"Norfolk, VA",825,851,1137,3,1121,1140,0,717
2000-01-20,142,"Chicago, IL",PBI,"West Palm Beach/Palm Beach, FL",1950,2050,14,6,2329,20,0,1144
2000-01-20,639,"Chicago, IL",PBI,"West Palm Beach/Palm Beach, FL",1030,1048,1410,4,1409,1414,0,1144
2000-01-20,282,"Chicago, IL",RIC,"Richmond, VA",625,628,909,7,912,916,0,642
2000-01-20,1606,"Chicago, IL",RIC,"Richmond, VA",1314,"","","",1603,"",1,642
2000-01-20,1824,"Chicago, IL",RIC,"Richmond, VA",1720,1809,2047,4,2009,2051,0,642
2000-01-20,386,"Chicago, IL",ROC,"Rochester, NY",2125,2227,117,4,2359,121,0,528
2000-01-20,438,"Chicago, IL",ROC,"Rochester, NY",1705,1724,1943,6,1939,1949,0,528
2000-01-20,550,"Chicago, IL",ROC,"Rochester, NY",1040,1056,1317,4,1309,1321,0,528
2000-01-20,1194,"Chicago, IL",ROC,"Rochester, NY",700,656,920,7,930,927,0,528
2000-01-20,1456,"Chicago, IL",ROC,"Rochester, NY",1440,"","","",1711,"",1,528
2000-01-20,381,"Chicago, IL",SMF,"Sacramento, CA",915,1047,1328,7,1147,1335,0,1781
2000-01-20,483,"Chicago, IL",SMF,"Sacramento, CA",1914,1922,2155,4,2145,2159,0,1781
2000-01-20,621,"Chicago, IL",SMF,"Sacramento, CA",1545,1558,1848,4,1814,1852,0,1781
2000-01-20,1405,"Chicago, IL",SMF,"Sacramento, CA",1144,1237,1508,4,1408,1512,0,1781
2000-01-20,303,"Chicago, IL",SNA,"Santa Ana, CA",1525,1624,1840,5,1737,1845,0,1726
2000-01-20,365,"Chicago, IL",SNA,"Santa Ana, CA",1144,1151,1412,5,1357,1417,0,1726
2000-01-20,473,"Chicago, IL",SNA,"Santa Ana, CA",1945,2009,2224,7,2200,2231,0,1726
2000-01-20,1075,"Chicago, IL",SNA,"Santa Ana, CA",1744,1920,2148,6,1959,2154,0,1726
2000-01-20,1543,"Chicago, IL",SNA,"Santa Ana, CA",914,912,1146,13,1127,1159,0,1726
2000-01-20,285,"Chicago, IL",STL,"St. Louis, MO",739,741,842,2,849,844,0,258
2000-01-20,609,"Chicago, IL",STL,"St. Louis, MO",1144,1218,1315,4,1253,1319,0,258
2000-01-20,779,"Chicago, IL",STL,"St. Louis, MO",1925,1931,2036,6,2036,2042,0,258
2000-01-20,1122,"Chicago, IL",ABE,"Allentown/Bethlehem/Easton, PA",1650,1841,2109,4,1934,2113,0,654
2000-01-20,1656,"Chicago, IL",ABE,"Allentown/Bethlehem/Easton, PA",1410,"","","",1656,"",1,654
2000-01-20,373,"Chicago, IL",AUS,"Austin, TX",1914,1916,2149,4,2155,2153,0,978
2000-01-20,589,"Chicago, IL",AUS,"Austin, TX",922,1020,1247,3,1202,1250,0,978
2000-01-20,394,"Chicago, IL",BDL,"Hartford, CT",1650,1744,2032,6,1950,2038,0,783
2000-01-20,398,"Chicago, IL",BDL,"Hartford, CT",910,1000,1254,6,1204,1300,0,783
2000-01-20,1126,"Chicago, IL",BDL,"Hartford, CT",2050,2050,2340,7,2351,2347,0,783
2000-01-20,1228,"Chicago, IL",BDL,"Hartford, CT",1320,"","","",1621,"",1,783
2000-01-20,1404,"Chicago, IL",BDL,"Hartford, CT",1035,1040,1330,6,1332,1336,0,783
2000-01-20,1522,"Chicago, IL",BDL,"Hartford, CT",600,615,915,7,856,922,0,783
2000-01-20,502,"Chicago, IL",BOS,"Boston, MA",645,"","","",956,"",1,867
2000-01-20,504,"Chicago, IL",BOS,"Boston, MA",744,809,1127,3,1053,1130,0,867
2000-01-20,506,"Chicago, IL",BOS,"Boston, MA",845,907,1219,5,1154,1224,0,867
2000-01-20,508,"Chicago, IL",BOS,"Boston, MA",945,"","","",1254,"",1,867
2000-01-20,512,"Chicago, IL",BOS,"Boston, MA",1144,"","","",1457,"",1,867
2000-01-20,514,"Chicago, IL",BOS,"Boston, MA",1245,1252,1608,4,1554,1612,0,867
2000-01-20,516,"Chicago, IL",BOS,"Boston, MA",1644,1704,2035,4,1959,2039,0,867
2000-01-20,518,"Chicago, IL",BOS,"Boston, MA",1344,1345,1703,12,1707,1715,0,867
2000-01-20,522,"Chicago, IL",BOS,"Boston, MA",1544,1832,2211,9,1858,2220,0,867
2000-01-20,524,"Chicago, IL",BOS,"Boston, MA",1744,1759,2131,6,2059,2137,0,867
2000-01-20,526,"Chicago, IL",BOS,"Boston, MA",1845,"","","",2156,"",1,867
2000-01-20,528,"Chicago, IL",BOS,"Boston, MA",1444,"","","",1759,"",1,867
2000-01-20,884,"Chicago, IL",BOS,"Boston, MA",1044,1057,1358,6,1355,1404,0,867
2000-01-20,1018,"Chicago, IL",BOS,"Boston, MA",2045,"","","",2355,"",1,867
2000-01-20,138,"Chicago, IL",CMH,"Columbus, OH",1310,1316,1512,7,1516,1519,0,296
2000-01-20,601,"Chicago, IL",CMH,"Columbus, OH",805,837,1055,6,1010,1101,0,296
2000-01-20,1118,"Chicago, IL",CMH,"Columbus, OH",655,653,852,5,901,857,0,296
2000-01-20,1452,"Chicago, IL",CMH,"Columbus, OH",1105,1100,1258,5,1310,1303,0,296
2000-01-20,1518,"Chicago, IL",CMH,"Columbus, OH",1644,1648,1853,7,1854,1900,0,296
2000-01-20,1548,"Chicago, IL",CMH,"Columbus, OH",2115,2111,2311,6,2325,2317,0,296
2000-01-20,600,"Chicago, IL",DCA,"Washington, DC",630,"","","",907,"",1,612
2000-01-20,602,"Chicago, IL",DCA,"Washington, DC",730,1033,1319,3,1010,1322,0,612
2000-01-20,604,"Chicago, IL",DCA,"Washington, DC",830,"","","",1111,"",1,612
2000-01-20,606,"Chicago, IL",DCA,"Washington, DC",930,1035,1308,4,1209,1312,0,612
2000-01-20,608,"Chicago, IL",DCA,"Washington, DC",1030,"","","",1309,"",1,612
2000-01-20,610,"Chicago, IL",DCA,"Washington, DC",1130,"","","",1403,"",1,612
2000-01-20,612,"Chicago, IL",DCA,"Washington, DC",1230,1310,1542,2,1506,1544,0,612
2000-01-20,614,"Chicago, IL",DCA,"Washington, DC",1314,"","","",1558,"",1,612
2000-01-20,616,"Chicago, IL",DCA,"Washington, DC",1330,1407,1637,2,1617,1639,0,612
2000-01-20,618,"Chicago, IL",DCA,"Washington, DC",1430,"","","",1711,"",1,612
2000-01-20,620,"Chicago, IL",DCA,"Washington, DC",1530,1530,1802,2,1810,1804,0,612
2000-01-20,622,"Chicago, IL",DCA,"Washington, DC",1630,1636,1912,3,1908,1915,0,612
2000-01-20,624,"Chicago, IL",DCA,"Washington, DC",1700,"","","",1947,"",1,612
2000-01-20,626,"Chicago, IL",DCA,"Washington, DC",1730,"","","",2016,"",1,612
2000-01-20,628,"Chicago, IL",DCA,"Washington, DC",1830,1832,2102,3,2108,2105,0,612
2000-01-20,630,"Chicago, IL",DCA,"Washington, DC",1930,"","","",2208,"",1,612
2000-01-20,632,"Chicago, IL",DCA,"Washington, DC",2045,2048,2314,3,2323,2317,0,612
2000-01-20,321,"Chicago, IL",DFW,"Dallas/Fort Worth, TX",945,1009,1224,4,1208,1228,0,802
2000-01-20,495,"Chicago, IL",DFW,"Dallas/Fort Worth, TX",655,651,856,4,916,900,0,802
2000-01-20,685,"Chicago, IL",DFW,"Dallas/Fort Worth, TX",1405,1437,1652,5,1629,1657,0,802
2000-01-20,789,"Chicago, IL",DFW,"Dallas/Fort Worth, TX",1514,1632,1829,3,1738,1832,0,802
2000-01-20,1115,"Chicago, IL",DFW,"Dallas/Fort Worth, TX",830,912,1127,11,1051,1138,0,802
2000-01-20,1281,"Chicago, IL",DFW,"Dallas/Fort Worth, TX",1800,1917,2121,5,2015,2126,0,802
2000-01-20,1621,"Chicago, IL",DFW,"Dallas/Fort Worth, TX",1925,1925,2138,10,2147,2148,0,802
2000-01-20,1707,"Chicago, IL",DFW,"Dallas/Fort Worth, TX",1155,"","","",1421,"",1,802
2000-01-20,634,"Chicago, IL",EWR,"Newark, NJ",630,627,922,12,928,934,0,719
2000-01-20,636,"Chicago, IL",EWR,"Newark, NJ",730,"","","",1027,"",1,719
2000-01-20,638,"Chicago, IL",EWR,"Newark, NJ",830,829,1133,9,1128,1142,0,719
2000-01-20,640,"Chicago, IL",EWR,"Newark, NJ",930,"","","",1225,"",1,719
2000-01-20,642,"Chicago, IL",EWR,"Newark, NJ",1030,1049,1339,10,1328,1349,0,719
2000-01-20,644,"Chicago, IL",EWR,"Newark, NJ",1130,"","","",1429,"",1,719
2000-01-20,646,"Chicago, IL",EWR,"Newark, NJ",1230,1230,1538,12,1533,1550,0,719
2000-01-20,648,"Chicago, IL",EWR,"Newark, NJ",1330,"","","",1644,"",1,719
2000-01-20,652,"Chicago, IL",EWR,"Newark, NJ",1430,1658,1948,13,1738,2001,0,719
2000-01-20,654,"Chicago, IL",EWR,"Newark, NJ",1530,"","","",1840,"",1,719
2000-01-20,656,"Chicago, IL",EWR,"Newark, NJ",1644,"","","",1947,"",1,719
2000-01-20,658,"Chicago, IL",EWR,"Newark, NJ",1730,"","","",2033,"",1,719
2000-01-20,660,"Chicago, IL",EWR,"Newark, NJ",1830,1950,2250,8,2126,2258,0,719
2000-01-20,664,"Chicago, IL",EWR,"Newark, NJ",2045,2046,2333,9,2343,2342,0,719
2000-01-20,561,"Chicago, IL",ICT,"Wichita, KS",1915,1911,2053,4,2104,2057,0,588
2000-01-20,649,"Chicago, IL",ICT,"Wichita, KS",1514,1512,1708,3,1700,1711,0,588
2000-01-20,795,"Chicago, IL",ICT,"Wichita, KS",915,1015,1152,4,1104,1156,0,588
2000-01-20,292,"Chicago, IL",IND,"Indianapolis, IN",700,658,846,14,856,900,0,177
2000-01-20,314,"Chicago, IL",IND,"Indianapolis, IN",1655,1653,1842,5,1851,1847,0,177
2000-01-20,500,"Chicago, IL",IND,"Indianapolis, IN",1144,1159,1349,4,1341,1353,0,177
2000-01-20,1590,"Chicago, IL",IND,"Indianapolis, IN",1520,"","","",1716,"",1,177
2000-01-20,1608,"Chicago, IL",IND,"Indianapolis, IN",1310,1535,1725,5,1505,1730,0,177
2000-01-20,1758,"Chicago, IL",IND,"Indianapolis, IN",2105,2223,7,11,2303,18,0,177
2000-01-20,1808,"Chicago, IL",IND,"Indianapolis, IN",2225,2236,22,9,20,31,0,177
2000-01-20,707,"Chicago, IL",LAS,"Las Vegas, NV",2230,2227,18,7,16,25,0,1515
2000-01-20,711,"Chicago, IL",LAS,"Las Vegas, NV",1935,2026,2216,5,2121,2221,0,1515
2000-01-20,715,"Chicago, IL",LAS,"Las Vegas, NV",1514,1633,1821,10,1656,1831,0,1515
2000-01-20,717,"Chicago, IL",LAS,"Las Vegas, NV",800,756,946,5,936,951,0,1515
2000-01-20,721,"Chicago, IL",LAS,"Las Vegas, NV",1150,1203,1348,4,1330,1352,0,1515
2000-01-20,101,"Chicago, IL",LAX,"Los Angeles, CA",800,803,1015,9,1021,1024,0,1745
2000-01-20,105,"Chicago, IL",LAX,"Los Angeles, CA",1530,1530,1732,14,1742,1746,0,1745
2000-01-20,107,"Chicago, IL",LAX,"Los Angeles, CA",1630,"","","",1849,"",1,1745
2000-01-20,111,"Chicago, IL",LAX,"Los Angeles, CA",1245,1301,1532,6,1508,1538,0,1745
2000-01-20,115,"Chicago, IL",LAX,"Los Angeles, CA",930,929,1144,7,1148,1151,0,1745
2000-01-20,117,"Chicago, IL",LAX,"Los Angeles, CA",1155,1208,1419,4,1409,1423,0,1745
2000-01-20,119,"Chicago, IL",LAX,"Los Angeles, CA",1330,1339,1556,4,1550,1600,0,1745
2000-01-20,121,"Chicago, IL",LAX,"Los Angeles, CA",1430,"","","",1644,"",1,1745
2000-01-20,125,"Chicago, IL",LAX,"Los Angeles, CA",1210,"","","",1433,"",1,1745
2000-01-20,127,"Chicago, IL",LAX,"Los Angeles, CA",2220,2220,104,4,40,108,0,1745
2000-01-20,129,"Chicago, IL",LAX,"Los Angeles, CA",2030,"","","",2250,"",1,1745
2000-01-20,607,"Chicago, IL",LAX,"Los Angeles, CA",1040,1124,1357,9,1303,1406,0,1745
2000-01-20,762,"Chicago, IL",LAX,"Los Angeles, CA",700,720,943,5,917,948,0,1745
2000-01-20,815,"Chicago, IL",LAX,"Los Angeles, CA",1755,1917,2138,7,2012,2145,0,1745
2000-01-20,841,"Chicago, IL",LAX,"Los Angeles, CA",1925,2028,2243,9,2145,2252,0,1745
2000-01-20,953,"Chicago, IL",LAX,"Los Angeles, CA",2000,2226,101,9,2218,110,0,1745
2000-01-20,393,"Chicago, IL",MCI,"Kansas City, MO",914,934,1055,4,1034,1059,0,403
2000-01-20,455,"Chicago, IL",MCI,"Kansas City, MO",1144,1249,1357,4,1305,1401,0,403
2000-01-20,1147,"Chicago, IL",MCI,"Kansas City, MO",804,822,951,4,926,955,0,403
2000-01-20,1597,"Chicago, IL",MCI,"Kansas City, MO",1530,1529,1649,4,1651,1653,0,403
2000-01-20,1747,"Chicago, IL",MCI,"Kansas City, MO",1945,1944,2101,3,2112,2104,0,403
2000-01-20,1895,"Chicago, IL",MCI,"Kansas City, MO",1814,1832,1952,5,1941,1957,0,403
2000-01-20,421,"Chicago, IL",MEM,"Memphis, TN",1510,1512,1646,3,1644,1649,0,491
2000-01-20,1151,"Chicago, IL",MEM,"Memphis, TN",920,947,1115,3,1054,1118,0,491
2000-01-20,1795,"Chicago, IL",MEM,"Memphis, TN",1914,1911,2036,3,2049,2039,0,491
2000-01-20,379,"Chicago, IL",OAK,"Oakland, CA",1535,1626,1833,4,1802,1837,0,1836
2000-01-20,469,"Chicago, IL",OAK,"Oakland, CA",1944,2001,2231,5,2223,2236,0,1836
2000-01-20,1455,"Chicago, IL",OAK,"Oakland, CA",928,943,1237,4,1206,1241,0,1836
2000-01-20,556,"Chicago, IL",PIT,"Pittsburgh, PA",739,738,953,19,957,1012,0,412
2000-01-20,576,"Chicago, IL",PIT,"Pittsburgh, PA",1040,1153,1416,7,1255,1423,0,412
2000-01-20,582,"Chicago, IL",PIT,"Pittsburgh, PA",1308,"","","",1528,"",1,412
2000-01-20,734,"Chicago, IL",PIT,"Pittsburgh, PA",1444,1444,1702,10,1704,1712,0,412
2000-01-20,760,"Chicago, IL",PIT,"Pittsburgh, PA",2055,2053,2256,10,2314,2306,0,412
2000-01-20,1204,"Chicago, IL",PIT,"Pittsburgh, PA",1644,1839,2056,9,1908,2105,0,412
2000-01-20,1174,"Chicago, IL",RSW,"Fort Myers, FL",1455,1704,2029,5,1836,2034,0,1120
2000-01-20,1206,"Chicago, IL",RSW,"Fort Myers, FL",739,744,1117,4,1120,1121,0,1120
2000-01-20,315,"Chicago, IL",SAN,"San Diego, CA",815,813,1043,3,1024,1046,0,1723
2000-01-20,477,"Chicago, IL",SAN,"San Diego, CA",1144,1144,1404,3,1354,1407,0,1723
2000-01-20,741,"Chicago, IL",SAN,"San Diego, CA",937,939,1158,3,1148,1201,0,1723
2000-01-20,929,"Chicago, IL",SAN,"San Diego, CA",1514,1651,1909,2,1727,1911,0,1723
2000-01-20,1121,"Chicago, IL",SAN,"San Diego, CA",1755,1930,2151,2,2009,2153,0,1723
2000-01-20,1277,"Chicago, IL",SAN,"San Diego, CA",1940,2018,2304,5,2155,2309,0,1723
2000-01-20,333,"Chicago, IL",SEA,"Seattle, WA",925,1006,1236,5,1146,1241,0,1721
2000-01-20,337,"Chicago, IL",SEA,"Seattle, WA",1914,2018,2246,3,2142,2249,0,1721
2000-01-20,383,"Chicago, IL",SEA,"Seattle, WA",1750,1822,2109,5,2019,2114,0,1721
2000-01-20,537,"Chicago, IL",SEA,"Seattle, WA",2225,47,309,3,44,312,0,1721
2000-01-20,755,"Chicago, IL",SEA,"Seattle, WA",810,808,1047,3,1031,1050,0,1721
2000-01-20,939,"Chicago, IL",SEA,"Seattle, WA",1144,1202,1444,6,1405,1450,0,1721
2000-01-20,943,"Chicago, IL",SEA,"Seattle, WA",1530,1605,1839,5,1746,1844,0,1721
2000-01-20,1748,"Chicago, IL",SJU,"San Juan, PR",739,744,1351,4,1405,1355,0,2072
2000-01-20,1671,"Chicago, IL",STL,"St. Louis, MO",1520,1525,1635,3,1629,1638,0,258
2000-01-20,356,"Chicago, IL",SYR,"Syracuse, NY",1320,"","","",1604,"",1,607
2000-01-20,1498,"Chicago, IL",SYR,"Syracuse, NY",1730,1803,2040,5,2010,2045,0,607
2000-01-20,1620,"Chicago, IL",SYR,"Syracuse, NY",630,629,903,5,904,908,0,607
2000-01-20,352,"Chicago, IL",ALB,"Albany, NY",1320,"","","",1614,"",1,723
2000-01-20,1104,"Chicago, IL",ALB,"Albany, NY",620,625,913,4,910,917,0,723
2000-01-20,1454,"Chicago, IL",ALB,"Albany, NY",1720,1719,2005,3,2014,2008,0,723
2000-01-20,364,"Chicago, IL",ATL,"Atlanta, GA",1914,1914,2141,5,2204,2146,0,606
2000-01-20,446,"Chicago, IL",ATL,"Atlanta, GA",925,925,1157,5,1209,1202,0,606
2000-01-20,527,"Chicago, IL",ATL,"Atlanta, GA",2100,2058,2336,5,2345,2341,0,606
2000-01-20,796,"Chicago, IL",ATL,"Atlanta, GA",1330,1632,1906,6,1633,1912,0,606
2000-01-20,1268,"Chicago, IL",ATL,"Atlanta, GA",650,648,918,7,941,925,0,606
2000-01-20,1628,"Chicago, IL",ATL,"Atlanta, GA",1035,1043,1311,4,1324,1315,0,606
2000-01-20,1690,"Chicago, IL",ATL,"Atlanta, GA",1655,1733,2013,11,1948,2024,0,606
2000-01-20,1162,"Chicago, IL",BHM,"Birmingham, AL",2125,2121,2259,4,2306,2303,0,584
2000-01-20,1166,"Chicago, IL",BHM,"Birmingham, AL",900,904,1037,3,1040,1040,0,584
2000-01-20,669,"Chicago, IL",CID,"Cedar Rapids/Iowa City, IA",2230,2229,2323,4,2324,2327,0,196
2000-01-20,681,"Chicago, IL",CID,"Cedar Rapids/Iowa City, IA",1600,1606,1653,4,1655,1657,0,196
2000-01-20,743,"Chicago, IL",CID,"Cedar Rapids/Iowa City, IA",1920,1920,2012,4,2018,2016,0,196
2000-01-20,1823,"Chicago, IL",CID,"Cedar Rapids/Iowa City, IA",1145,"","","",1241,"",1,196
2000-01-20,1827,"Chicago, IL",CID,"Cedar Rapids/Iowa City, IA",926,951,1050,4,1022,1054,0,196
2000-01-20,1019,"Chicago, IL",COS,"Colorado Springs, CO",1920,1930,2044,4,2045,2048,0,911
2000-01-20,1785,"Chicago, IL",COS,"Colorado Springs, CO",950,1034,1204,5,1121,1209,0,911
2000-01-20,490,"Chicago, IL",CVG,"Cincinnati, OH",739,757,1005,4,948,1009,0,264
2000-01-20,529,"Chicago, IL",CVG,"Cincinnati, OH",2115,2129,2331,7,2324,2338,0,264
2000-01-20,772,"Chicago, IL",CVG,"Cincinnati, OH",1415,1416,1618,5,1618,1623,0,264
2000-01-20,1140,"Chicago, IL",CVG,"Cincinnati, OH",600,559,813,5,809,818,0,264
2000-01-20,1810,"Chicago, IL",CVG,"Cincinnati, OH",1110,1125,1325,4,1311,1329,0,264
2000-01-20,1892,"Chicago, IL",CVG,"Cincinnati, OH",1655,1711,1907,7,1901,1914,0,264
2000-01-20,241,"Chicago, IL",DEN,"Denver, CO",600,603,744,3,724,747,0,888
2000-01-20,243,"Chicago, IL",DEN,"Denver, CO",700,706,847,5,829,852,0,888
2000-01-20,245,"Chicago, IL",DEN,"Denver, CO",755,941,1107,5,923,1112,0,888
2000-01-20,247,"Chicago, IL",DEN,"Denver, CO",910,913,1048,7,1038,1055,0,888
2000-01-20,251,"Chicago, IL",DEN,"Denver, CO",945,1006,1145,8,1117,1153,0,888
2000-01-20,253,"Chicago, IL",DEN,"Denver, CO",1245,1556,1728,6,1418,1734,0,888
2000-01-20,255,"Chicago, IL",DEN,"Denver, CO",1530,1555,1725,5,1701,1730,0,888
2000-01-20,259,"Chicago, IL",DEN,"Denver, CO",1525,1632,1758,30,1656,1828,0,888
2000-01-20,531,"Chicago, IL",DEN,"Denver, CO",2220,2226,2352,5,2347,2357,0,888
2000-01-20,941,"Chicago, IL",DEN,"Denver, CO",1920,2329,54,4,2052,58,0,888
2000-01-20,945,"Chicago, IL",DEN,"Denver, CO",1150,1211,1339,8,1325,1347,0,888
2000-01-20,959,"Chicago, IL",DEN,"Denver, CO",1745,1744,1905,6,1910,1911,0,888
2000-01-20,368,"Chicago, IL",FLL,"Fort Lauderdale, FL",741,742,1117,5,1129,1122,0,1182
2000-01-20,426,"Chicago, IL",FLL,"Fort Lauderdale, FL",2110,2108,54,4,56,58,0,1182
2000-01-20,1948,"Chicago, IL",FLL,"Fort Lauderdale, FL",1415,1504,1847,5,1804,1852,0,1182
2000-01-20,573,"Chicago, IL",IAH,"Houston, TX",914,954,1204,4,1147,1208,0,925
2000-01-20,703,"Chicago, IL",IAH,"Houston, TX",1200,"","","",1434,"",1,925
2000-01-20,705,"Chicago, IL",IAH,"Houston, TX",700,658,919,6,932,925,0,925
2000-01-20,1169,"Chicago, IL",IAH,"Houston, TX",1514,1619,1832,6,1746,1838,0,925
2000-01-20,1897,"Chicago, IL",IAH,"Houston, TX",1925,1942,2157,5,2156,2202,0,925
2000-01-20,1957,"Chicago, IL",IAH,"Houston, TX",1750,1810,2025,4,2021,2029,0,925
2000-01-20,670,"Chicago, IL",LGA,"New York, NY",2100,2058,2349,6,2349,2355,0,733
2000-01-20,672,"Chicago, IL",LGA,"New York, NY",1900,1918,2159,5,2157,2204,0,733
2000-01-20,674,"Chicago, IL",LGA,"New York, NY",1800,"","","",2058,"",1,733
2000-01-20,676,"Chicago, IL",LGA,"New York, NY",1700,"","","",2000,"",1,733
2000-01-20,678,"Chicago, IL",LGA,"New York, NY",1600,"","","",1900,"",1,733
2000-01-20,680,"Chicago, IL",LGA,"New York, NY",1500,"","","",1758,"",1,733
2000-01-20,682,"Chicago, IL",LGA,"New York, NY",1400,"","","",1700,"",1,733
2000-01-20,342,"Chicago, IL",MCO,"Orlando, FL",2115,2206,115,7,43,122,0,1005
2000-01-20,1044,"Chicago, IL",MCO,"Orlando, FL",1655,1700,2006,6,2014,2012,0,1005
2000-01-20,1500,"Chicago, IL",MCO,"Orlando, FL",1344,1344,1652,5,1709,1657,0,1005
2000-01-20,1614,"Chicago, IL",MCO,"Orlando, FL",1035,1032,1338,6,1358,1344,0,1005
2000-01-20,1832,"Chicago, IL",MCO,"Orlando, FL",800,809,1141,5,1131,1146,0,1005
2000-01-20,299,"Chicago, IL",MSP,"Minneapolis, MN",1145,1415,1524,3,1303,1527,0,334
2000-01-20,353,"Chicago, IL",MSP,"Minneapolis, MN",744,801,923,4,903,927,0,334
2000-01-20,359,"Chicago, IL",MSP,"Minneapolis, MN",1344,1457,1621,4,1503,1625,0,334
2000-01-20,457,"Chicago, IL",MSP,"Minneapolis, MN",1044,1043,1213,3,1202,1216,0,334
2000-01-20,583,"Chicago, IL",MSP,"Minneapolis, MN",1545,"","","",1708,"",1,334
2000-01-20,599,"Chicago, IL",MSP,"Minneapolis, MN",945,"","","",1104,"",1,334
2000-01-20,719,"Chicago, IL",MSP,"Minneapolis, MN",1444,"","","",1604,"",1,334
2000-01-20,765,"Chicago, IL",MSP,"Minneapolis, MN",1644,1645,1810,7,1805,1817,0,334
2000-01-20,799,"Chicago, IL",MSP,"Minneapolis, MN",645,644,808,20,808,828,0,334
2000-01-20,1067,"Chicago, IL",MSP,"Minneapolis, MN",1744,1742,1905,7,1912,1912,0,334
2000-01-20,1107,"Chicago, IL",MSP,"Minneapolis, MN",1945,1947,2104,3,2103,2107,0,334
2000-01-20,1139,"Chicago, IL",MSP,"Minneapolis, MN",1845,"","","",2007,"",1,334
2000-01-20,1583,"Chicago, IL",MSP,"Minneapolis, MN",1245,"","","",1404,"",1,334
2000-01-20,1889,"Chicago, IL",MSP,"Minneapolis, MN",2225,2325,33,4,2341,37,0,334
2000-01-20,1917,"Chicago, IL",MSP,"Minneapolis, MN",845,"","","",1008,"",1,334
2000-01-20,535,"Chicago, IL",OMA,"Omaha, NE",1210,"","","",1334,"",1,416
2000-01-20,635,"Chicago, IL",OMA,"Omaha, NE",816,811,944,3,940,947,0,416
2000-01-20,775,"Chicago, IL",OMA,"Omaha, NE",1950,2117,2249,3,2117,2252,0,416
2000-01-20,1129,"Chicago, IL",OMA,"Omaha, NE",912,1122,1239,3,1031,1242,0,416
2000-01-20,1499,"Chicago, IL",OMA,"Omaha, NE",1540,1542,1707,4,1700,1711,0,416
2000-01-20,1149,"Chicago, IL",ONT,"Ontario, CA",1914,1914,2143,2,2131,2145,0,1700
2000-01-20,1733,"Chicago, IL",ONT,"Ontario, CA",1155,"","","",1413,"",1,1700
2000-01-20,1850,"Chicago, IL",PHL,"Philadelphia, PA",600,607,929,6,854,935,0,678
2000-01-20,1852,"Chicago, IL",PHL,"Philadelphia, PA",700,659,1016,19,949,1035,0,678
2000-01-20,1854,"Chicago, IL",PHL,"Philadelphia, PA",815,812,1113,10,1102,1123,0,678
2000-01-20,1856,"Chicago, IL",PHL,"Philadelphia, PA",900,"","","",1149,"",1,678
2000-01-20,1858,"Chicago, IL",PHL,"Philadelphia, PA",1000,1039,1330,6,1249,1336,0,678
2000-01-20,1860,"Chicago, IL",PHL,"Philadelphia, PA",1100,"","","",1349,"",1,678
2000-01-20,1862,"Chicago, IL",PHL,"Philadelphia, PA",1200,1238,1533,8,1449,1541,0,678
2000-01-20,1864,"Chicago, IL",PHL,"Philadelphia, PA",1310,"","","",1607,"",1,678
2000-01-20,1866,"Chicago, IL",PHL,"Philadelphia, PA",1410,1550,2006,5,1706,2011,0,678
2000-01-20,1868,"Chicago, IL",PHL,"Philadelphia, PA",1600,"","","",1854,"",1,678
2000-01-20,1872,"Chicago, IL",PHL,"Philadelphia, PA",1700,"","","",1958,"",1,678
2000-01-20,1874,"Chicago, IL",PHL,"Philadelphia, PA",1800,1817,2110,8,2050,2118,0,678
2000-01-20,1876,"Chicago, IL",PHL,"Philadelphia, PA",1900,1903,2204,16,2150,2220,0,678
2000-01-20,1878,"Chicago, IL",PHL,"Philadelphia, PA",2050,2058,12,8,2334,20,0,678
2000-01-20,345,"Chicago, IL",PHX,"Phoenix, AZ",1144,1147,1440,6,1423,1446,0,1440
2000-01-20,423,"Chicago, IL",PHX,"Phoenix, AZ",1514,1516,1809,5,1757,1814,0,1440
2000-01-20,667,"Chicago, IL",PHX,"Phoenix, AZ",1935,1948,2223,4,2213,2227,0,1440
2000-01-20,1273,"Chicago, IL",PHX,"Phoenix, AZ",1805,1817,2046,7,2037,2053,0,1440
2000-01-20,1419,"Chicago, IL",PHX,"Phoenix, AZ",920,935,1231,3,1159,1234,0,1440
2000-01-20,1969,"Chicago, IL",PHX,"Phoenix, AZ",750,755,1050,4,1029,1054,0,1440
2000-01-20,546,"Chicago, IL",PVD,"Providence, RI",1714,1714,2007,4,2021,2011,0,849
2000-01-20,1276,"Chicago, IL",PVD,"Providence, RI",850,1020,1319,4,1152,1323,0,849
2000-01-20,1734,"Chicago, IL",PVD,"Providence, RI",1308,1308,1558,3,1613,1601,0,849
2000-01-20,798,"Chicago, IL",PWM,"Portland, ME",2045,2047,2347,3,2357,2350,0,900
2000-01-20,1130,"Chicago, IL",PWM,"Portland, ME",1310,"","","",1619,"",1,900
2000-01-20,1230,"Chicago, IL",PWM,"Portland, ME",740,808,1120,3,1043,1123,0,900
2000-01-20,586,"Chicago, IL",RDU,"Raleigh/Durham, NC",1330,1329,1606,6,1618,1612,0,647
2000-01-20,588,"Chicago, IL",RDU,"Raleigh/Durham, NC",2100,"","","",2347,"",1,647
2000-01-20,1108,"Chicago, IL",RDU,"Raleigh/Durham, NC",1644,"","","",1931,"",1,647
2000-01-20,1114,"Chicago, IL",RDU,"Raleigh/Durham, NC",625,624,906,6,912,912,0,647
2000-01-20,590,"Chicago, IL",SDF,"Louisville, KY",2115,2116,2326,3,2324,2329,0,286
2000-01-20,1650,"Chicago, IL",SDF,"Louisville, KY",1355,1353,1549,7,1602,1556,0,286
2000-01-20,271,"Chicago, IL",SJC,"San Jose, CA",920,941,1237,4,1152,1241,0,1830
2000-01-20,559,"Chicago, IL",SJC,"San Jose, CA",1535,1606,1835,6,1803,1841,0,1830
2000-01-20,661,"Chicago, IL",SJC,"San Jose, CA",1935,2029,2304,6,2209,2310,0,1830
2000-01-20,691,"Chicago, IL",SJC,"San Jose, CA",1205,1232,1508,8,1437,1516,0,1830
2000-01-20,324,"Chicago, IL",TPA,"Tampa, FL",1030,1033,1345,2,1352,1347,0,1012
2000-01-20,1070,"Chicago, IL",TPA,"Tampa, FL",1725,1850,2150,2,2050,2152,0,1012
2000-01-20,1090,"Chicago, IL",TPA,"Tampa, FL",1316,1314,1622,3,1641,1625,0,1012
2000-01-20,1676,"Chicago, IL",TPA,"Tampa, FL",739,922,1245,3,1110,1248,0,1012
2000-01-20,1930,"Chicago, IL",TPA,"Tampa, FL",2115,2114,39,3,45,42,0,1012
2000-01-20,560,"Chicago, IL",BNA,"Nashville, TN",740,740,852,4,902,856,0,409
2000-01-20,1050,"Chicago, IL",BNA,"Nashville, TN",1914,1926,2037,4,2034,2041,0,409
2000-01-20,1550,"Chicago, IL",BNA,"Nashville, TN",1444,"","","",1601,"",1,409
2000-01-20,1069,"Chicago, IL",BOI,"Boise, ID",1914,1914,2227,3,2157,2230,0,1437
2000-01-20,418,"Chicago, IL",BWI,"Baltimore, MD",1115,"","","",1354,"",1,621
2000-01-20,756,"Chicago, IL",BWI,"Baltimore, MD",2100,2103,2341,3,2343,2344,0,621
2000-01-20,770,"Chicago, IL",BWI,"Baltimore, MD",1705,"","","",1948,"",1,621
2000-01-20,1298,"Chicago, IL",BWI,"Baltimore, MD",1325,1429,1707,4,1613,1711,0,621
2000-01-20,1428,"Chicago, IL",BWI,"Baltimore, MD",605,605,843,9,845,852,0,621
2000-01-20,432,"Chicago, IL",CLT,"Charlotte, NC",1314,"","","",1554,"",1,599
2000-01-20,462,"Chicago, IL",CLT,"Charlotte, NC",615,613,854,7,855,901,0,599
2000-01-20,536,"Chicago, IL",CLT,"Charlotte, NC",1644,1647,1909,3,1920,1912,0,599
2000-01-20,1616,"Chicago, IL",CLT,"Charlotte, NC",2045,2045,2318,6,2325,2324,0,599
2000-01-20,515,"Chicago, IL",DAY,"Dayton, OH",1410,1501,1700,5,1610,1705,0,240
2000-01-20,657,"Chicago, IL",DAY,"Dayton, OH",2115,2113,2310,7,2318,2317,0,240
2000-01-20,1128,"Chicago, IL",DAY,"Dayton, OH",1120,1202,1358,5,1319,1403,0,240
2000-01-20,1552,"Chicago, IL",DAY,"Dayton, OH",800,"","","",1000,"",1,240
2000-01-20,1754,"Chicago, IL",DAY,"Dayton, OH",1705,1952,2146,7,1907,2153,0,240
2000-01-20,302,"Chicago, IL",DTW,"Detroit, MI",1040,1049,1301,6,1249,1307,0,235
2000-01-20,350,"Chicago, IL",DTW,"Detroit, MI",1710,1714,1911,5,1923,1916,0,235
2000-01-20,396,"Chicago, IL",DTW,"Detroit, MI",1309,1352,1551,12,1524,1603,0,235
2000-01-20,440,"Chicago, IL",DTW,"Detroit, MI",750,828,1052,5,1001,1057,0,235
2000-01-20,454,"Chicago, IL",DTW,"Detroit, MI",630,626,840,5,834,845,0,235
2000-01-20,671,"Chicago, IL",DTW,"Detroit, MI",2115,2113,2313,6,2320,2319,0,235
2000-01-20,1425,"Chicago, IL",GEG,"Spokane, WA",1920,1921,2124,4,2118,2128,0,1498
2000-01-20,422,"Chicago, IL",GRR,"Grand Rapids, MI",1925,1927,2103,3,2112,2106,0,137
2000-01-20,494,"Chicago, IL",GRR,"Grand Rapids, MI",851,856,1042,3,1036,1045,0,137
2000-01-20,633,"Chicago, IL",GRR,"Grand Rapids, MI",2115,2301,43,4,2303,47,0,137
2000-01-20,1260,"Chicago, IL",GRR,"Grand Rapids, MI",1444,"","","",1630,"",1,137
2000-01-20,1446,"Chicago, IL",GRR,"Grand Rapids, MI",1144,1153,1336,3,1329,1339,0,137
2000-01-20,540,"Chicago, IL",GSO,"Greensboro/High Point, NC",900,909,1139,3,1138,1142,0,590
2000-01-20,750,"Chicago, IL",GSO,"Greensboro/High Point, NC",1744,1808,2042,6,2019,2048,0,590
2000-01-20,1538,"Chicago, IL",GSO,"Greensboro/High Point, NC",1420,"","","",1658,"",1,590
2000-01-20,392,"Chicago, IL",MDT,"Harrisburg, PA",1714,1812,2035,3,1949,2038,0,594
2000-01-20,482,"Chicago, IL",MDT,"Harrisburg, PA",900,1003,1234,5,1140,1239,0,594
2000-01-20,542,"Chicago, IL",MDT,"Harrisburg, PA",1314,1315,1546,4,1554,1550,0,594
2000-01-20,728,"Chicago, IL",MDT,"Harrisburg, PA",2100,2108,2337,4,2340,2341,0,594
2000-01-20,869,"Chicago, IL",MIA,"Miami, FL",1444,1511,1901,5,1839,1906,0,1197
2000-01-20,1088,"Chicago, IL",MIA,"Miami, FL",739,739,1128,5,1130,1133,0,1197
2000-01-20,1636,"Chicago, IL",MIA,"Miami, FL",1030,1159,1530,4,1415,1534,0,1197
2000-01-20,1984,"Chicago, IL",MIA,"Miami, FL",1805,1806,2135,5,2150,2140,0,1197
2000-01-20,647,"Chicago, IL",MKE,"Milwaukee, WI",1414,"","","",1451,"",1,67
2000-01-20,1564,"Chicago, IL",MKE,"Milwaukee, WI",2230,2229,2300,3,2307,2303,0,67
2000-01-20,675,"Chicago, IL",MSN,"Madison, WI",2055,2100,2139,6,2141,2145,0,109
2000-01-20,1249,"Chicago, IL",MSN,"Madison, WI",2230,2234,2309,4,2315,2313,0,109
2000-01-20,1581,"Chicago, IL",MSN,"Madison, WI",1410,"","","",1451,"",1,109
2000-01-20,367,"Chicago, IL",MSY,"New Orleans, LA",1200,1343,1535,5,1409,1540,0,837
2000-01-20,1789,"Chicago, IL",MSY,"New Orleans, LA",1930,1935,2137,6,2140,2143,0,837
2000-01-20,1867,"Chicago, IL",MSY,"New Orleans, LA",1000,1021,1214,5,1211,1219,0,837
2000-01-20,503,"Chicago, IL",PDX,"Portland, OR",1744,1753,2049,6,2006,2055,0,1739
2000-01-20,569,"Chicago, IL",PDX,"Portland, OR",1544,1547,1821,5,1800,1826,0,1739
2000-01-20,577,"Chicago, IL",PDX,"Portland, OR",1914,1925,2157,5,2140,2202,0,1739
2000-01-20,1401,"Chicago, IL",PDX,"Portland, OR",1200,1249,1518,4,1431,1522,0,1739
2000-01-20,1891,"Chicago, IL",PDX,"Portland, OR",945,1003,1254,4,1212,1258,0,1739
2000-01-20,749,"Chicago, IL",SAT,"San Antonio, TX",925,958,1228,4,1208,1232,0,1041
2000-01-20,1415,"Chicago, IL",SAT,"San Antonio, TX",1940,2008,2234,5,2224,2239,0,1041
2000-01-20,137,"Chicago, IL",SFO,"San Francisco, CA",1030,1055,1323,4,1306,1327,0,1846
2000-01-20,139,"Chicago, IL",SFO,"San Francisco, CA",2220,2239,122,5,51,127,0,1846
2000-01-20,141,"Chicago, IL",SFO,"San Francisco, CA",1210,1305,1547,5,1448,1552,0,1846
2000-01-20,143,"Chicago, IL",SFO,"San Francisco, CA",1144,"","","",1407,"",1,1846
2000-01-20,145,"Chicago, IL",SFO,"San Francisco, CA",930,930,1153,7,1200,1200,0,1846
2000-01-20,147,"Chicago, IL",SFO,"San Francisco, CA",1530,1535,1800,5,1753,1805,0,1846
2000-01-20,149,"Chicago, IL",SFO,"San Francisco, CA",1805,1807,2042,5,2038,2047,0,1846
2000-01-20,151,"Chicago, IL",SFO,"San Francisco, CA",1920,2005,2239,4,2157,2243,0,1846
2000-01-20,155,"Chicago, IL",SFO,"San Francisco, CA",2030,"","","",2304,"",1,1846
2000-01-20,157,"Chicago, IL",SFO,"San Francisco, CA",800,759,1055,4,1028,1059,0,1846
2000-01-20,525,"Chicago, IL",SFO,"San Francisco, CA",1925,1947,2222,6,2205,2228,0,1846
2000-01-20,399,"Chicago, IL",SLC,"Salt Lake City, UT",1205,1302,1508,2,1419,1510,0,1249
2000-01-20,533,"Chicago, IL",SLC,"Salt Lake City, UT",1914,1926,2148,3,2123,2151,0,1249
2000-01-20,1439,"Chicago, IL",SLC,"Salt Lake City, UT",914,924,1151,6,1124,1157,0,1249
2000-01-20,1110,"Chicago, IL",TYS,"Knoxville, TN",1314,"","","",1538,"",1,475
2000-01-20,1818,"Chicago, IL",TYS,"Knoxville, TN",2120,2145,1,5,2347,6,0,475
2000-01-21,560,"Chicago, IL",BNA,"Nashville, TN",740,738,846,4,902,850,0,409
2000-01-21,1050,"Chicago, IL",BNA,"Nashville, TN",1914,1915,2024,6,2034,2030,0,409
2000-01-21,1550,"Chicago, IL",BNA,"Nashville, TN",1444,1454,1606,3,1601,1609,0,409
2000-01-21,1069,"Chicago, IL",BOI,"Boise, ID",1914,1932,2224,3,2157,2227,0,1437
2000-01-21,418,"Chicago, IL",BWI,"Baltimore, MD",1115,1116,1345,4,1354,1349,0,621
2000-01-21,756,"Chicago, IL",BWI,"Baltimore, MD",2100,2057,2324,3,2343,2327,0,621
2000-01-21,770,"Chicago, IL",BWI,"Baltimore, MD",1705,1704,1934,5,1948,1939,0,621
2000-01-21,1298,"Chicago, IL",BWI,"Baltimore, MD",1325,1336,1616,3,1613,1619,0,621
2000-01-21,1428,"Chicago, IL",BWI,"Baltimore, MD",605,616,856,4,845,900,0,621
2000-01-21,432,"Chicago, IL",CLT,"Charlotte, NC",1314,1337,1612,4,1554,1616,0,599
2000-01-21,462,"Chicago, IL",CLT,"Charlotte, NC",615,624,850,3,855,853,0,599
2000-01-21,536,"Chicago, IL",CLT,"Charlotte, NC",1645,1642,1907,6,1921,1913,0,599
2000-01-21,1616,"Chicago, IL",CLT,"Charlotte, NC",2045,2045,2329,7,2325,2336,0,599
2000-01-21,515,"Chicago, IL",DAY,"Dayton, OH",1410,1409,1559,4,1610,1603,0,240
2000-01-21,657,"Chicago, IL",DAY,"Dayton, OH",2115,2117,2309,5,2318,2314,0,240
2000-01-21,1128,"Chicago, IL",DAY,"Dayton, OH",1120,1120,1307,4,1319,1311,0,240
2000-01-21,1552,"Chicago, IL",DAY,"Dayton, OH",800,757,944,5,1000,949,0,240
2000-01-21,1754,"Chicago, IL",DAY,"Dayton, OH",1705,1704,1854,3,1907,1857,0,240
2000-01-21,302,"Chicago, IL",DTW,"Detroit, MI",1040,1043,1240,4,1249,1244,0,235
2000-01-21,350,"Chicago, IL",DTW,"Detroit, MI",1710,1714,1915,6,1923,1921,0,235
2000-01-21,396,"Chicago, IL",DTW,"Detroit, MI",1309,1307,1503,4,1524,1507,0,235
2000-01-21,440,"Chicago, IL",DTW,"Detroit, MI",750,751,948,11,1001,959,0,235
2000-01-21,454,"Chicago, IL",DTW,"Detroit, MI",630,632,823,4,834,827,0,235
2000-01-21,671,"Chicago, IL",DTW,"Detroit, MI",2115,2121,2315,8,2320,2323,0,235
2000-01-21,1425,"Chicago, IL",GEG,"Spokane, WA",1920,1925,2117,5,2118,2122,0,1498
2000-01-21,422,"Chicago, IL",GRR,"Grand Rapids, MI",1925,1924,2100,2,2112,2102,0,137
2000-01-21,494,"Chicago, IL",GRR,"Grand Rapids, MI",851,858,1034,3,1036,1037,0,137
2000-01-21,633,"Chicago, IL",GRR,"Grand Rapids, MI",2115,2110,2249,5,2303,2254,0,137
2000-01-21,1260,"Chicago, IL",GRR,"Grand Rapids, MI",1444,1451,1630,3,1630,1633,0,137
2000-01-21,1446,"Chicago, IL",GRR,"Grand Rapids, MI",1144,1141,1315,4,1329,1319,0,137
2000-01-21,540,"Chicago, IL",GSO,"Greensboro/High Point, NC",900,900,1131,3,1138,1134,0,590
2000-01-21,750,"Chicago, IL",GSO,"Greensboro/High Point, NC",1744,1823,2048,2,2019,2050,0,590
2000-01-21,1538,"Chicago, IL",GSO,"Greensboro/High Point, NC",1420,1417,1638,4,1658,1642,0,590
2000-01-21,392,"Chicago, IL",MDT,"Harrisburg, PA",1714,1735,2007,5,1949,2012,0,594
2000-01-21,482,"Chicago, IL",MDT,"Harrisburg, PA",900,904,1127,4,1140,1131,0,594
2000-01-21,542,"Chicago, IL",MDT,"Harrisburg, PA",1314,1317,1544,3,1554,1547,0,594
2000-01-21,728,"Chicago, IL",MDT,"Harrisburg, PA",2100,2056,2321,6,2340,2327,0,594
2000-01-21,869,"Chicago, IL",MIA,"Miami, FL",1444,1454,1834,6,1839,1840,0,1197
2000-01-21,1088,"Chicago, IL",MIA,"Miami, FL",739,742,1110,3,1130,1113,0,1197
2000-01-21,1636,"Chicago, IL",MIA,"Miami, FL",1030,1037,1419,5,1415,1424,0,1197
2000-01-21,1984,"Chicago, IL",MIA,"Miami, FL",1805,1807,2132,5,2150,2137,0,1197
2000-01-21,647,"Chicago, IL",MKE,"Milwaukee, WI",1414,1413,1445,5,1451,1450,0,67
2000-01-21,1564,"Chicago, IL",MKE,"Milwaukee, WI",2230,2255,2337,4,2307,2341,0,67
2000-01-21,675,"Chicago, IL",MSN,"Madison, WI",2055,2055,2138,6,2141,2144,0,109
2000-01-21,1249,"Chicago, IL",MSN,"Madison, WI",2230,2228,2324,3,2315,2327,0,109
2000-01-21,1581,"Chicago, IL",MSN,"Madison, WI",1410,1411,1446,3,1451,1449,0,109
2000-01-21,367,"Chicago, IL",MSY,"New Orleans, LA",1200,1158,1412,2,1409,1414,0,837
2000-01-21,1789,"Chicago, IL",MSY,"New Orleans, LA",1930,1932,2133,4,2140,2137,0,837
2000-01-21,1867,"Chicago, IL",MSY,"New Orleans, LA",1000,959,1155,2,1211,1157,0,837
2000-01-21,503,"Chicago, IL",PDX,"Portland, OR",1745,1749,2016,4,2007,2020,0,1739
2000-01-21,569,"Chicago, IL",PDX,"Portland, OR",1544,1555,1812,5,1800,1817,0,1739
2000-01-21,577,"Chicago, IL",PDX,"Portland, OR",1914,1921,2148,4,2140,2152,0,1739
2000-01-21,1401,"Chicago, IL",PDX,"Portland, OR",1200,1204,1445,3,1431,1448,0,1739
2000-01-21,1891,"Chicago, IL",PDX,"Portland, OR",945,943,1224,3,1212,1227,0,1739
2000-01-21,749,"Chicago, IL",SAT,"San Antonio, TX",925,920,1201,3,1208,1204,0,1041
2000-01-21,1415,"Chicago, IL",SAT,"San Antonio, TX",1940,1939,2220,6,2224,2226,0,1041
2000-01-21,137,"Chicago, IL",SFO,"San Francisco, CA",1030,1028,1255,4,1306,1259,0,1846
2000-01-21,139,"Chicago, IL",SFO,"San Francisco, CA",2220,2355,238,4,51,242,0,1846
2000-01-21,141,"Chicago, IL",SFO,"San Francisco, CA",1210,1208,1508,6,1448,1514,0,1846
2000-01-21,143,"Chicago, IL",SFO,"San Francisco, CA",1144,1147,1425,5,1407,1430,0,1846
2000-01-21,145,"Chicago, IL",SFO,"San Francisco, CA",930,928,1201,4,1200,1205,0,1846
2000-01-21,147,"Chicago, IL",SFO,"San Francisco, CA",1530,1532,1805,5,1753,1810,0,1846
2000-01-21,149,"Chicago, IL",SFO,"San Francisco, CA",1805,1809,2055,6,2038,2101,0,1846
2000-01-21,151,"Chicago, IL",SFO,"San Francisco, CA",1920,1930,2203,6,2157,2209,0,1846
2000-01-21,155,"Chicago, IL",SFO,"San Francisco, CA",2030,2126,8,8,2304,16,0,1846
2000-01-21,157,"Chicago, IL",SFO,"San Francisco, CA",800,801,1033,4,1028,1037,0,1846
2000-01-21,525,"Chicago, IL",SFO,"San Francisco, CA",1925,1934,2208,7,2205,2215,0,1846
2000-01-21,399,"Chicago, IL",SLC,"Salt Lake City, UT",1205,1208,1435,4,1419,1439,0,1249
2000-01-21,533,"Chicago, IL",SLC,"Salt Lake City, UT",1914,1959,2207,4,2123,2211,0,1249
2000-01-21,1439,"Chicago, IL",SLC,"Salt Lake City, UT",914,914,1131,3,1124,1134,0,1249
2000-01-21,1110,"Chicago, IL",TYS,"Knoxville, TN",1314,1312,1525,4,1538,1529,0,475
2000-01-21,1818,"Chicago, IL",TYS,"Knoxville, TN",2120,2127,2338,4,2347,2342,0,475
2000-01-21,352,"Chicago, IL",ALB,"Albany, NY",1320,1320,1604,4,1614,1608,0,723
2000-01-21,1104,"Chicago, IL",ALB,"Albany, NY",620,620,905,2,910,907,0,723
2000-01-21,1454,"Chicago, IL",ALB,"Albany, NY",1720,1717,1958,3,2014,2001,0,723
2000-01-21,364,"Chicago, IL",ATL,"Atlanta, GA",1914,1914,2147,11,2204,2158,0,606
2000-01-21,446,"Chicago, IL",ATL,"Atlanta, GA",925,941,1204,9,1209,1213,0,606
2000-01-21,527,"Chicago, IL",ATL,"Atlanta, GA",2100,2130,3,4,2345,7,0,606
2000-01-21,796,"Chicago, IL",ATL,"Atlanta, GA",1330,1330,1611,10,1633,1621,0,606
2000-01-21,1268,"Chicago, IL",ATL,"Atlanta, GA",650,648,926,5,941,931,0,606
2000-01-21,1628,"Chicago, IL",ATL,"Atlanta, GA",1035,1029,1303,5,1324,1308,0,606
2000-01-21,1690,"Chicago, IL",ATL,"Atlanta, GA",1655,1705,1941,5,1948,1946,0,606
2000-01-21,1162,"Chicago, IL",BHM,"Birmingham, AL",2125,2136,2305,4,2306,2309,0,584
2000-01-21,1166,"Chicago, IL",BHM,"Birmingham, AL",900,857,1026,3,1040,1029,0,584
2000-01-21,669,"Chicago, IL",CID,"Cedar Rapids/Iowa City, IA",2230,2230,2335,3,2324,2338,0,196
2000-01-21,681,"Chicago, IL",CID,"Cedar Rapids/Iowa City, IA",1600,1721,1810,3,1655,1813,0,196
2000-01-21,743,"Chicago, IL",CID,"Cedar Rapids/Iowa City, IA",1920,1926,2019,3,2018,2022,0,196
2000-01-21,1823,"Chicago, IL",CID,"Cedar Rapids/Iowa City, IA",1145,1145,1230,3,1241,1233,0,196
2000-01-21,1827,"Chicago, IL",CID,"Cedar Rapids/Iowa City, IA",926,926,1023,4,1022,1027,0,196
2000-01-21,1019,"Chicago, IL",COS,"Colorado Springs, CO",1920,1949,2103,5,2045,2108,0,911
2000-01-21,1785,"Chicago, IL",COS,"Colorado Springs, CO",950,948,1117,6,1121,1123,0,911
2000-01-21,490,"Chicago, IL",CVG,"Cincinnati, OH",739,738,930,5,948,935,0,264
2000-01-21,529,"Chicago, IL",CVG,"Cincinnati, OH",2115,2216,10,6,2324,16,0,264
2000-01-21,772,"Chicago, IL",CVG,"Cincinnati, OH",1415,1425,1618,5,1618,1623,0,264
2000-01-21,1140,"Chicago, IL",CVG,"Cincinnati, OH",600,613,814,6,809,820,0,264
2000-01-21,1810,"Chicago, IL",CVG,"Cincinnati, OH",1110,1108,1305,4,1311,1309,0,264
2000-01-21,1892,"Chicago, IL",CVG,"Cincinnati, OH",1655,1704,1856,5,1901,1901,0,264
2000-01-21,241,"Chicago, IL",DEN,"Denver, CO",600,612,724,5,724,729,0,888
2000-01-21,243,"Chicago, IL",DEN,"Denver, CO",700,702,827,6,829,833,0,888
2000-01-21,245,"Chicago, IL",DEN,"Denver, CO",755,759,912,8,923,920,0,888
2000-01-21,247,"Chicago, IL",DEN,"Denver, CO",910,911,1044,7,1038,1051,0,888
2000-01-21,251,"Chicago, IL",DEN,"Denver, CO",945,949,1118,8,1117,1126,0,888
2000-01-21,253,"Chicago, IL",DEN,"Denver, CO",1245,1248,1410,8,1418,1418,0,888
2000-01-21,255,"Chicago, IL",DEN,"Denver, CO",1530,1535,1707,8,1701,1715,0,888
2000-01-21,259,"Chicago, IL",DEN,"Denver, CO",1525,1826,1949,7,1656,1956,0,888
2000-01-21,531,"Chicago, IL",DEN,"Denver, CO",2220,2241,10,5,2347,15,0,888
2000-01-21,941,"Chicago, IL",DEN,"Denver, CO",1920,1924,2042,21,2052,2103,0,888
2000-01-21,945,"Chicago, IL",DEN,"Denver, CO",1150,1211,1342,7,1325,1349,0,888
2000-01-21,959,"Chicago, IL",DEN,"Denver, CO",1745,1746,1904,5,1910,1909,0,888
2000-01-21,368,"Chicago, IL",FLL,"Fort Lauderdale, FL",741,744,1116,4,1129,1120,0,1182
2000-01-21,426,"Chicago, IL",FLL,"Fort Lauderdale, FL",2110,2108,50,7,56,57,0,1182
2000-01-21,1948,"Chicago, IL",FLL,"Fort Lauderdale, FL",1415,1417,1756,5,1804,1801,0,1182
2000-01-21,573,"Chicago, IL",IAH,"Houston, TX",914,"","","",1147,"",1,925
2000-01-21,703,"Chicago, IL",IAH,"Houston, TX",1200,1157,1437,5,1434,1442,0,925
2000-01-21,705,"Chicago, IL",IAH,"Houston, TX",700,719,944,7,932,951,0,925
2000-01-21,1169,"Chicago, IL",IAH,"Houston, TX",1514,1542,1825,6,1746,1831,0,925
2000-01-21,1897,"Chicago, IL",IAH,"Houston, TX",1925,1923,2152,7,2156,2159,0,925
2000-01-21,1957,"Chicago, IL",IAH,"Houston, TX",1750,1805,2027,8,2021,2035,0,925
2000-01-21,1780,"Chicago, IL",JFK,"New York, NY",2235,2354,249,5,140,254,0,740
2000-01-21,670,"Chicago, IL",LGA,"New York, NY",2100,2059,2339,3,2349,2342,0,733
2000-01-21,672,"Chicago, IL",LGA,"New York, NY",1900,1918,2157,6,2157,2203,0,733
2000-01-21,674,"Chicago, IL",LGA,"New York, NY",1800,1802,2044,3,2058,2047,0,733
2000-01-21,676,"Chicago, IL",LGA,"New York, NY",1700,1722,2010,3,2000,2013,0,733
2000-01-21,678,"Chicago, IL",LGA,"New York, NY",1600,1605,1904,5,1900,1909,0,733
2000-01-21,680,"Chicago, IL",LGA,"New York, NY",1500,1537,1815,3,1758,1818,0,733
2000-01-21,682,"Chicago, IL",LGA,"New York, NY",1400,1400,1630,2,1700,1632,0,733
2000-01-21,342,"Chicago, IL",MCO,"Orlando, FL",2115,2114,31,8,43,39,0,1005
2000-01-21,1044,"Chicago, IL",MCO,"Orlando, FL",1655,1652,2001,3,2014,2004,0,1005
2000-01-21,1500,"Chicago, IL",MCO,"Orlando, FL",1344,1344,1701,7,1709,1708,0,1005
2000-01-21,1614,"Chicago, IL",MCO,"Orlando, FL",1035,1038,1345,4,1358,1349,0,1005
2000-01-21,1832,"Chicago, IL",MCO,"Orlando, FL",800,758,1109,8,1131,1117,0,1005
2000-01-21,299,"Chicago, IL",MSP,"Minneapolis, MN",1145,1234,1347,4,1303,1351,0,334
2000-01-21,353,"Chicago, IL",MSP,"Minneapolis, MN",744,743,904,4,903,908,0,334
2000-01-21,359,"Chicago, IL",MSP,"Minneapolis, MN",1344,1349,1510,5,1503,1515,0,334
2000-01-21,457,"Chicago, IL",MSP,"Minneapolis, MN",1044,1043,1209,3,1202,1212,0,334
2000-01-21,583,"Chicago, IL",MSP,"Minneapolis, MN",1544,1541,1707,4,1707,1711,0,334
2000-01-21,599,"Chicago, IL",MSP,"Minneapolis, MN",945,944,1107,4,1104,1111,0,334
2000-01-21,719,"Chicago, IL",MSP,"Minneapolis, MN",1444,1455,1625,3,1604,1628,0,334
2000-01-21,765,"Chicago, IL",MSP,"Minneapolis, MN",1644,1640,1804,7,1805,1811,0,334
2000-01-21,799,"Chicago, IL",MSP,"Minneapolis, MN",645,650,809,4,808,813,0,334
2000-01-21,1067,"Chicago, IL",MSP,"Minneapolis, MN",1744,1835,2007,4,1912,2011,0,334
2000-01-21,1107,"Chicago, IL",MSP,"Minneapolis, MN",1945,2045,2159,4,2103,2203,0,334
2000-01-21,1139,"Chicago, IL",MSP,"Minneapolis, MN",1845,1847,2011,8,2007,2019,0,334
2000-01-21,1583,"Chicago, IL",MSP,"Minneapolis, MN",1245,1242,1401,4,1404,1405,0,334
2000-01-21,1889,"Chicago, IL",MSP,"Minneapolis, MN",2225,2227,2351,4,2341,2355,0,334
2000-01-21,1917,"Chicago, IL",MSP,"Minneapolis, MN",845,"","","",1008,"",1,334
2000-01-21,535,"Chicago, IL",OMA,"Omaha, NE",1210,1211,1333,4,1334,1337,0,416
2000-01-21,635,"Chicago, IL",OMA,"Omaha, NE",816,814,933,4,940,937,0,416
2000-01-21,775,"Chicago, IL",OMA,"Omaha, NE",1950,1949,2115,3,2117,2118,0,416
2000-01-21,1129,"Chicago, IL",OMA,"Omaha, NE",912,934,1051,3,1031,1054,0,416
2000-01-21,1499,"Chicago, IL",OMA,"Omaha, NE",1540,1538,1658,4,1700,1702,0,416
2000-01-21,1149,"Chicago, IL",ONT,"Ontario, CA",1914,2034,2239,2,2131,2241,0,1700
2000-01-21,1733,"Chicago, IL",ONT,"Ontario, CA",1155,1156,1434,2,1413,1436,0,1700
2000-01-21,1850,"Chicago, IL",PHL,"Philadelphia, PA",600,557,837,10,854,847,0,678
2000-01-21,1852,"Chicago, IL",PHL,"Philadelphia, PA",700,701,938,5,949,943,0,678
2000-01-21,1854,"Chicago, IL",PHL,"Philadelphia, PA",815,812,1047,6,1102,1053,0,678
2000-01-21,1856,"Chicago, IL",PHL,"Philadelphia, PA",900,913,1147,7,1149,1154,0,678
2000-01-21,1858,"Chicago, IL",PHL,"Philadelphia, PA",1000,958,1242,13,1249,1255,0,678
2000-01-21,1860,"Chicago, IL",PHL,"Philadelphia, PA",1100,1057,1356,7,1349,1403,0,678
2000-01-21,1862,"Chicago, IL",PHL,"Philadelphia, PA",1200,1157,1437,6,1449,1443,0,678
2000-01-21,1864,"Chicago, IL",PHL,"Philadelphia, PA",1310,1308,1554,6,1607,1600,0,678
2000-01-21,1866,"Chicago, IL",PHL,"Philadelphia, PA",1410,1411,1700,6,1706,1706,0,678
2000-01-21,1868,"Chicago, IL",PHL,"Philadelphia, PA",1600,1600,1847,6,1854,1853,0,678
2000-01-21,1872,"Chicago, IL",PHL,"Philadelphia, PA",1700,1658,1932,5,1958,1937,0,678
2000-01-21,1874,"Chicago, IL",PHL,"Philadelphia, PA",1800,1757,2033,7,2050,2040,0,678
2000-01-21,1876,"Chicago, IL",PHL,"Philadelphia, PA",1900,"","","",2150,"",1,678
2000-01-21,1878,"Chicago, IL",PHL,"Philadelphia, PA",2050,2048,2321,5,2334,2326,0,678
2000-01-21,345,"Chicago, IL",PHX,"Phoenix, AZ",1144,1145,1435,3,1423,1438,0,1440
2000-01-21,423,"Chicago, IL",PHX,"Phoenix, AZ",1514,1513,1758,3,1757,1801,0,1440
2000-01-21,667,"Chicago, IL",PHX,"Phoenix, AZ",1935,1944,2225,3,2213,2228,0,1440
2000-01-21,1273,"Chicago, IL",PHX,"Phoenix, AZ",1805,1938,2205,3,2037,2208,0,1440
2000-01-21,1419,"Chicago, IL",PHX,"Phoenix, AZ",920,950,1226,3,1159,1229,0,1440
2000-01-21,1969,"Chicago, IL",PHX,"Phoenix, AZ",750,753,1032,4,1029,1036,0,1440
2000-01-21,546,"Chicago, IL",PVD,"Providence, RI",1715,1715,2013,5,2022,2018,0,849
2000-01-21,1276,"Chicago, IL",PVD,"Providence, RI",850,848,1139,3,1152,1142,0,849
2000-01-21,1734,"Chicago, IL",PVD,"Providence, RI",1308,1309,1602,3,1613,1605,0,849
2000-01-21,798,"Chicago, IL",PWM,"Portland, ME",2045,2047,2347,6,2357,2353,0,900
2000-01-21,1130,"Chicago, IL",PWM,"Portland, ME",1310,"","","",1619,"",1,900
2000-01-21,1230,"Chicago, IL",PWM,"Portland, ME",740,756,1056,4,1043,1100,0,900
2000-01-21,586,"Chicago, IL",RDU,"Raleigh/Durham, NC",1330,1328,1618,3,1618,1621,0,647
2000-01-21,588,"Chicago, IL",RDU,"Raleigh/Durham, NC",2100,2058,2337,11,2347,2348,0,647
2000-01-21,1108,"Chicago, IL",RDU,"Raleigh/Durham, NC",1644,1645,1917,5,1931,1922,0,647
2000-01-21,1114,"Chicago, IL",RDU,"Raleigh/Durham, NC",625,627,859,3,912,902,0,647
2000-01-21,590,"Chicago, IL",SDF,"Louisville, KY",2115,2117,2320,5,2324,2325,0,286
2000-01-21,1650,"Chicago, IL",SDF,"Louisville, KY",1355,1353,1552,7,1602,1559,0,286
2000-01-21,271,"Chicago, IL",SJC,"San Jose, CA",920,920,1154,5,1152,1159,0,1830
2000-01-21,559,"Chicago, IL",SJC,"San Jose, CA",1535,1535,1759,5,1803,1804,0,1830
2000-01-21,661,"Chicago, IL",SJC,"San Jose, CA",1935,2038,2314,6,2209,2320,0,1830
2000-01-21,691,"Chicago, IL",SJC,"San Jose, CA",1205,1357,1619,5,1437,1624,0,1830
2000-01-21,324,"Chicago, IL",TPA,"Tampa, FL",1030,1056,1409,1,1352,1410,0,1012
2000-01-21,1070,"Chicago, IL",TPA,"Tampa, FL",1725,1823,2124,4,2050,2128,0,1012
2000-01-21,1090,"Chicago, IL",TPA,"Tampa, FL",1316,1316,1631,2,1641,1633,0,1012
2000-01-21,1676,"Chicago, IL",TPA,"Tampa, FL",739,743,1059,3,1110,1102,0,1012
2000-01-21,1930,"Chicago, IL",TPA,"Tampa, FL",2115,2141,56,2,45,58,0,1012
2000-01-21,1122,"Chicago, IL",ABE,"Allentown/Bethlehem/Easton, PA",1650,1649,1918,5,1934,1923,0,654
2000-01-21,1656,"Chicago, IL",ABE,"Allentown/Bethlehem/Easton, PA",1410,1438,1658,3,1656,1701,0,654
2000-01-21,373,"Chicago, IL",AUS,"Austin, TX",1914,1912,2146,3,2155,2149,0,978
2000-01-21,589,"Chicago, IL",AUS,"Austin, TX",922,921,1156,4,1202,1200,0,978
2000-01-21,394,"Chicago, IL",BDL,"Hartford, CT",1650,1650,1936,5,1950,1941,0,783
2000-01-21,398,"Chicago, IL",BDL,"Hartford, CT",910,906,1204,5,1204,1209,0,783
2000-01-21,1126,"Chicago, IL",BDL,"Hartford, CT",2050,2050,2344,5,2351,2349,0,783
2000-01-21,1228,"Chicago, IL",BDL,"Hartford, CT",1320,1328,1630,3,1621,1633,0,783
2000-01-21,1404,"Chicago, IL",BDL,"Hartford, CT",1035,1116,1359,4,1332,1403,0,783
2000-01-21,1522,"Chicago, IL",BDL,"Hartford, CT",600,601,859,4,856,903,0,783
2000-01-21,502,"Chicago, IL",BOS,"Boston, MA",645,644,955,3,956,958,0,867
2000-01-21,504,"Chicago, IL",BOS,"Boston, MA",744,915,1245,4,1053,1249,0,867
2000-01-21,506,"Chicago, IL",BOS,"Boston, MA",845,"","","",1154,"",1,867
2000-01-21,508,"Chicago, IL",BOS,"Boston, MA",945,"","","",1254,"",1,867
2000-01-21,512,"Chicago, IL",BOS,"Boston, MA",1144,"","","",1457,"",1,867
2000-01-21,514,"Chicago, IL",BOS,"Boston, MA",1245,1251,1603,3,1554,1606,0,867
2000-01-21,516,"Chicago, IL",BOS,"Boston, MA",1644,1715,2040,6,1959,2046,0,867
2000-01-21,518,"Chicago, IL",BOS,"Boston, MA",1344,"","","",1707,"",1,867
2000-01-21,522,"Chicago, IL",BOS,"Boston, MA",1544,"","","",1858,"",1,867
2000-01-21,524,"Chicago, IL",BOS,"Boston, MA",1744,"","","",2059,"",1,867
2000-01-21,526,"Chicago, IL",BOS,"Boston, MA",1845,1927,2236,3,2156,2239,0,867
2000-01-21,528,"Chicago, IL",BOS,"Boston, MA",1444,1455,1942,6,1759,1948,0,867
2000-01-21,884,"Chicago, IL",BOS,"Boston, MA",1044,1042,1350,4,1355,1354,0,867
2000-01-21,1018,"Chicago, IL",BOS,"Boston, MA",2045,2043,15,3,2355,18,0,867
2000-01-21,138,"Chicago, IL",CMH,"Columbus, OH",1310,1309,1508,5,1516,1513,0,296
2000-01-21,601,"Chicago, IL",CMH,"Columbus, OH",805,818,1018,6,1010,1024,0,296
2000-01-21,1118,"Chicago, IL",CMH,"Columbus, OH",655,717,909,7,901,916,0,296
2000-01-21,1452,"Chicago, IL",CMH,"Columbus, OH",1105,1103,1259,6,1310,1305,0,296
2000-01-21,1518,"Chicago, IL",CMH,"Columbus, OH",1644,1643,1839,14,1854,1853,0,296
2000-01-21,1548,"Chicago, IL",CMH,"Columbus, OH",2115,2114,2308,5,2325,2313,0,296
2000-01-21,600,"Chicago, IL",DCA,"Washington, DC",630,628,908,2,907,910,0,612
2000-01-21,602,"Chicago, IL",DCA,"Washington, DC",730,"","","",1010,"",1,612
2000-01-21,604,"Chicago, IL",DCA,"Washington, DC",830,"","","",1111,"",1,612
2000-01-21,606,"Chicago, IL",DCA,"Washington, DC",930,931,1205,3,1209,1208,0,612
2000-01-21,608,"Chicago, IL",DCA,"Washington, DC",1030,1028,1253,2,1309,1255,0,612
2000-01-21,610,"Chicago, IL",DCA,"Washington, DC",1130,"","","",1403,"",1,612
2000-01-21,612,"Chicago, IL",DCA,"Washington, DC",1230,1251,1512,7,1506,1519,0,612
2000-01-21,614,"Chicago, IL",DCA,"Washington, DC",1314,1323,1557,4,1558,1601,0,612
2000-01-21,616,"Chicago, IL",DCA,"Washington, DC",1330,1327,1613,2,1617,1615,0,612
2000-01-21,618,"Chicago, IL",DCA,"Washington, DC",1430,1447,1713,3,1711,1716,0,612
2000-01-21,620,"Chicago, IL",DCA,"Washington, DC",1530,1528,1758,2,1810,1800,0,612
2000-01-21,622,"Chicago, IL",DCA,"Washington, DC",1630,1634,1900,9,1908,1909,0,612
2000-01-21,624,"Chicago, IL",DCA,"Washington, DC",1700,1702,1932,3,1947,1935,0,612
2000-01-21,626,"Chicago, IL",DCA,"Washington, DC",1730,1729,1958,4,2016,2002,0,612
2000-01-21,628,"Chicago, IL",DCA,"Washington, DC",1830,1828,2051,3,2108,2054,0,612
2000-01-21,630,"Chicago, IL",DCA,"Washington, DC",1930,1941,2203,2,2208,2205,0,612
2000-01-21,632,"Chicago, IL",DCA,"Washington, DC",2045,2109,2332,2,2323,2334,0,612
2000-01-21,321,"Chicago, IL",DFW,"Dallas/Fort Worth, TX",945,947,1159,5,1208,1204,0,802
2000-01-21,495,"Chicago, IL",DFW,"Dallas/Fort Worth, TX",655,654,901,6,916,907,0,802
2000-01-21,685,"Chicago, IL",DFW,"Dallas/Fort Worth, TX",1405,1403,1616,6,1629,1622,0,802
2000-01-21,789,"Chicago, IL",DFW,"Dallas/Fort Worth, TX",1514,1520,1724,12,1738,1736,0,802
2000-01-21,1115,"Chicago, IL",DFW,"Dallas/Fort Worth, TX",830,828,1033,6,1051,1039,0,802
2000-01-21,1281,"Chicago, IL",DFW,"Dallas/Fort Worth, TX",1800,1850,2048,12,2015,2100,0,802
2000-01-21,1621,"Chicago, IL",DFW,"Dallas/Fort Worth, TX",1925,1944,2152,4,2147,2156,0,802
2000-01-21,1707,"Chicago, IL",DFW,"Dallas/Fort Worth, TX",1155,1208,1424,10,1421,1434,0,802
2000-01-21,634,"Chicago, IL",EWR,"Newark, NJ",630,"","","",928,"",1,719
2000-01-21,636,"Chicago, IL",EWR,"Newark, NJ",730,733,1014,9,1027,1023,0,719
2000-01-21,638,"Chicago, IL",EWR,"Newark, NJ",830,830,1125,10,1128,1135,0,719
2000-01-21,640,"Chicago, IL",EWR,"Newark, NJ",930,928,1214,11,1225,1225,0,719
2000-01-21,642,"Chicago, IL",EWR,"Newark, NJ",1030,1034,1315,11,1328,1326,0,719
2000-01-21,644,"Chicago, IL",EWR,"Newark, NJ",1130,1129,1417,10,1429,1427,0,719
2000-01-21,646,"Chicago, IL",EWR,"Newark, NJ",1230,1259,1542,12,1533,1554,0,719
2000-01-21,648,"Chicago, IL",EWR,"Newark, NJ",1330,1328,1804,17,1644,1821,0,719
2000-01-21,652,"Chicago, IL",EWR,"Newark, NJ",1430,1618,2006,10,1738,2016,0,719
2000-01-21,654,"Chicago, IL",EWR,"Newark, NJ",1530,"","","",1840,"",1,719
2000-01-21,656,"Chicago, IL",EWR,"Newark, NJ",1644,"","","",1947,"",1,719
2000-01-21,658,"Chicago, IL",EWR,"Newark, NJ",1730,1827,2154,10,2033,2204,0,719
2000-01-21,660,"Chicago, IL",EWR,"Newark, NJ",1830,1858,2147,11,2126,2158,0,719
2000-01-21,664,"Chicago, IL",EWR,"Newark, NJ",2045,2044,2328,12,2343,2340,0,719
2000-01-21,561,"Chicago, IL",ICT,"Wichita, KS",1915,1915,2059,3,2104,2102,0,588
2000-01-21,649,"Chicago, IL",ICT,"Wichita, KS",1514,1516,1659,3,1700,1702,0,588
2000-01-21,795,"Chicago, IL",ICT,"Wichita, KS",915,916,1100,3,1104,1103,0,588
2000-01-21,292,"Chicago, IL",IND,"Indianapolis, IN",700,702,844,10,856,854,0,177
2000-01-21,314,"Chicago, IL",IND,"Indianapolis, IN",1655,1658,1837,8,1851,1845,0,177
2000-01-21,500,"Chicago, IL",IND,"Indianapolis, IN",1144,1235,1419,10,1341,1429,0,177
2000-01-21,1590,"Chicago, IL",IND,"Indianapolis, IN",1520,1540,1725,8,1716,1733,0,177
2000-01-21,1608,"Chicago, IL",IND,"Indianapolis, IN",1310,1326,1505,7,1505,1512,0,177
2000-01-21,1758,"Chicago, IL",IND,"Indianapolis, IN",2105,2104,2254,10,2303,2304,0,177
2000-01-21,1808,"Chicago, IL",IND,"Indianapolis, IN",2225,2227,12,9,20,21,0,177
2000-01-21,707,"Chicago, IL",LAS,"Las Vegas, NV",2230,2244,34,4,16,38,0,1515
2000-01-21,711,"Chicago, IL",LAS,"Las Vegas, NV",1935,1947,2126,5,2121,2131,0,1515
2000-01-21,715,"Chicago, IL",LAS,"Las Vegas, NV",1514,1545,1713,6,1656,1719,0,1515
2000-01-21,717,"Chicago, IL",LAS,"Las Vegas, NV",800,912,1052,8,936,1100,0,1515
2000-01-21,721,"Chicago, IL",LAS,"Las Vegas, NV",1150,1154,1334,5,1330,1339,0,1515
2000-01-21,101,"Chicago, IL",LAX,"Los Angeles, CA",800,808,1025,14,1021,1039,0,1745
2000-01-21,105,"Chicago, IL",LAX,"Los Angeles, CA",1530,1534,1750,8,1742,1758,0,1745
2000-01-21,107,"Chicago, IL",LAX,"Los Angeles, CA",1630,1632,1852,16,1849,1908,0,1745
2000-01-21,111,"Chicago, IL",LAX,"Los Angeles, CA",1245,1243,1509,7,1508,1516,0,1745
2000-01-21,115,"Chicago, IL",LAX,"Los Angeles, CA",930,926,1151,26,1148,1217,0,1745
2000-01-21,117,"Chicago, IL",LAX,"Los Angeles, CA",1155,1159,1416,6,1409,1422,0,1745
2000-01-21,119,"Chicago, IL",LAX,"Los Angeles, CA",1330,1329,1602,6,1550,1608,0,1745
2000-01-21,121,"Chicago, IL",LAX,"Los Angeles, CA",1430,1431,1700,5,1644,1705,0,1745
2000-01-21,125,"Chicago, IL",LAX,"Los Angeles, CA",1210,1209,1450,4,1433,1454,0,1745
2000-01-21,127,"Chicago, IL",LAX,"Los Angeles, CA",2220,2220,53,6,40,59,0,1745
2000-01-21,129,"Chicago, IL",LAX,"Los Angeles, CA",2030,2034,2252,3,2250,2255,0,1745
2000-01-21,607,"Chicago, IL",LAX,"Los Angeles, CA",1040,"","","",1303,"",1,1745
2000-01-21,762,"Chicago, IL",LAX,"Los Angeles, CA",700,716,930,11,917,941,0,1745
2000-01-21,815,"Chicago, IL",LAX,"Los Angeles, CA",1755,1758,2011,6,2012,2017,0,1745
2000-01-21,841,"Chicago, IL",LAX,"Los Angeles, CA",1925,2020,2230,6,2145,2236,0,1745
2000-01-21,953,"Chicago, IL",LAX,"Los Angeles, CA",2000,1959,2212,5,2218,2217,0,1745
2000-01-21,393,"Chicago, IL",MCI,"Kansas City, MO",914,912,1029,3,1034,1032,0,403
2000-01-21,455,"Chicago, IL",MCI,"Kansas City, MO",1144,1240,1349,3,1305,1352,0,403
2000-01-21,1147,"Chicago, IL",MCI,"Kansas City, MO",804,803,912,3,926,915,0,403
2000-01-21,1597,"Chicago, IL",MCI,"Kansas City, MO",1530,1537,1652,2,1651,1654,0,403
2000-01-21,1747,"Chicago, IL",MCI,"Kansas City, MO",1944,1950,2110,2,2111,2112,0,403
2000-01-21,1895,"Chicago, IL",MCI,"Kansas City, MO",1814,1811,1925,4,1941,1929,0,403
2000-01-21,421,"Chicago, IL",MEM,"Memphis, TN",1510,1551,1708,6,1644,1714,0,491
2000-01-21,1151,"Chicago, IL",MEM,"Memphis, TN",920,925,1054,4,1054,1058,0,491
2000-01-21,1795,"Chicago, IL",MEM,"Memphis, TN",1914,1912,2033,4,2049,2037,0,491
2000-01-21,379,"Chicago, IL",OAK,"Oakland, CA",1535,1555,1813,4,1802,1817,0,1836
2000-01-21,469,"Chicago, IL",OAK,"Oakland, CA",1944,1958,2257,5,2223,2302,0,1836
2000-01-21,1455,"Chicago, IL",OAK,"Oakland, CA",928,925,1203,4,1206,1207,0,1836
2000-01-21,556,"Chicago, IL",PIT,"Pittsburgh, PA",739,738,943,7,957,950,0,412
2000-01-21,576,"Chicago, IL",PIT,"Pittsburgh, PA",1040,1038,1244,7,1255,1251,0,412
2000-01-21,582,"Chicago, IL",PIT,"Pittsburgh, PA",1310,1310,1518,5,1530,1523,0,412
2000-01-21,734,"Chicago, IL",PIT,"Pittsburgh, PA",1444,1442,1657,4,1704,1701,0,412
2000-01-21,760,"Chicago, IL",PIT,"Pittsburgh, PA",2055,2056,2300,10,2314,2310,0,412
2000-01-21,1204,"Chicago, IL",PIT,"Pittsburgh, PA",1644,1659,1907,8,1908,1915,0,412
2000-01-21,1174,"Chicago, IL",RSW,"Fort Myers, FL",1455,1510,1832,5,1836,1837,0,1120
2000-01-21,1206,"Chicago, IL",RSW,"Fort Myers, FL",739,739,1106,4,1120,1110,0,1120
2000-01-21,315,"Chicago, IL",SAN,"San Diego, CA",815,814,1041,3,1024,1044,0,1723
2000-01-21,477,"Chicago, IL",SAN,"San Diego, CA",1144,1201,1421,2,1354,1423,0,1723
2000-01-21,741,"Chicago, IL",SAN,"San Diego, CA",937,936,1211,3,1148,1214,0,1723
2000-01-21,929,"Chicago, IL",SAN,"San Diego, CA",1514,1522,1751,3,1727,1754,0,1723
2000-01-21,1121,"Chicago, IL",SAN,"San Diego, CA",1755,1755,2017,3,2009,2020,0,1723
2000-01-21,1277,"Chicago, IL",SAN,"San Diego, CA",1940,1942,2202,2,2155,2204,0,1723
2000-01-21,333,"Chicago, IL",SEA,"Seattle, WA",925,1111,1340,6,1146,1346,0,1721
2000-01-21,337,"Chicago, IL",SEA,"Seattle, WA",1914,1916,2141,5,2142,2146,0,1721
2000-01-21,383,"Chicago, IL",SEA,"Seattle, WA",1750,1749,2010,3,2019,2013,0,1721
2000-01-21,537,"Chicago, IL",SEA,"Seattle, WA",2225,2312,121,4,44,125,0,1721
2000-01-21,755,"Chicago, IL",SEA,"Seattle, WA",810,807,1021,4,1031,1025,0,1721
2000-01-21,939,"Chicago, IL",SEA,"Seattle, WA",1144,1144,1402,5,1405,1407,0,1721
2000-01-21,943,"Chicago, IL",SEA,"Seattle, WA",1530,1534,1756,5,1746,1801,0,1721
2000-01-21,1748,"Chicago, IL",SJU,"San Juan, PR",739,741,1350,4,1405,1354,0,2072
2000-01-21,1671,"Chicago, IL",STL,"St. Louis, MO",1520,1554,1648,7,1629,1655,0,258
2000-01-21,356,"Chicago, IL",SYR,"Syracuse, NY",1320,1324,1558,9,1604,1607,0,607
2000-01-21,1498,"Chicago, IL",SYR,"Syracuse, NY",1730,1736,2007,5,2010,2012,0,607
2000-01-21,1620,"Chicago, IL",SYR,"Syracuse, NY",630,628,903,4,904,907,0,607
2000-01-21,568,"Chicago, IL",BTV,"Burlington, VT",1810,1924,2209,4,2059,2213,0,763
2000-01-21,1076,"Chicago, IL",BTV,"Burlington, VT",1325,1324,1621,4,1624,1625,0,763
2000-01-21,380,"Chicago, IL",BUF,"Buffalo, NY",1644,1652,1904,5,1907,1909,0,473
2000-01-21,786,"Chicago, IL",BUF,"Buffalo, NY",738,821,1034,3,957,1037,0,473
2000-01-21,790,"Chicago, IL",BUF,"Buffalo, NY",2100,2056,2306,2,2323,2308,0,473
2000-01-21,1576,"Chicago, IL",BUF,"Buffalo, NY",1450,1506,1714,4,1715,1718,0,473
2000-01-21,1881,"Chicago, IL",BUF,"Buffalo, NY",1105,1120,1328,4,1322,1332,0,473
2000-01-21,240,"Chicago, IL",CLE,"Cleveland, OH",1050,1050,1247,5,1259,1252,0,316
2000-01-21,348,"Chicago, IL",CLE,"Cleveland, OH",1714,1711,1913,4,1933,1917,0,316
2000-01-21,520,"Chicago, IL",CLE,"Cleveland, OH",625,624,836,6,842,842,0,316
2000-01-21,1184,"Chicago, IL",CLE,"Cleveland, OH",1310,1314,1528,7,1527,1535,0,316
2000-01-21,1588,"Chicago, IL",CLE,"Cleveland, OH",2115,2110,2318,6,2328,2324,0,316
2000-01-21,1922,"Chicago, IL",CLE,"Cleveland, OH",744,743,938,5,951,943,0,316
2000-01-21,699,"Chicago, IL",DSM,"Des Moines, IA",815,818,921,2,924,923,0,299
2000-01-21,773,"Chicago, IL",DSM,"Des Moines, IA",1514,1529,1627,3,1623,1630,0,299
2000-01-21,785,"Chicago, IL",DSM,"Des Moines, IA",2230,2229,2337,2,2338,2339,0,299
2000-01-21,1101,"Chicago, IL",DSM,"Des Moines, IA",1930,1932,2035,3,2042,2038,0,299
2000-01-21,1437,"Chicago, IL",DSM,"Des Moines, IA",1210,1208,1317,4,1318,1321,0,299
2000-01-21,1757,"Chicago, IL",DSM,"Des Moines, IA",920,923,1029,3,1033,1032,0,299
2000-01-21,43,"Chicago, IL",HNL,"Honolulu, HI",1000,1006,1517,3,1507,1520,0,4244
2000-01-21,780,"Chicago, IL",HPN,"White Plains, NY",1727,1739,2028,5,2029,2033,0,738
2000-01-21,1200,"Chicago, IL",HPN,"White Plains, NY",1330,1330,1638,6,1635,1644,0,738
2000-01-21,1484,"Chicago, IL",HPN,"White Plains, NY",2045,2119,8,3,2340,11,0,738
2000-01-21,1486,"Chicago, IL",HPN,"White Plains, NY",705,708,959,3,1000,1002,0,738
2000-01-21,1488,"Chicago, IL",HPN,"White Plains, NY",1135,1140,1427,9,1429,1436,0,738
2000-01-21,1686,"Chicago, IL",HPN,"White Plains, NY",1614,1620,1911,10,1910,1921,0,738
2000-01-21,474,"Chicago, IL",IAD,"Washington, DC",1320,"","","",1612,"",1,589
2000-01-21,492,"Chicago, IL",IAD,"Washington, DC",1030,1059,1328,7,1312,1335,0,589
2000-01-21,538,"Chicago, IL",IAD,"Washington, DC",805,805,1037,8,1048,1045,0,589
2000-01-21,718,"Chicago, IL",IAD,"Washington, DC",1810,1809,2029,5,2100,2034,0,589
2000-01-21,766,"Chicago, IL",IAD,"Washington, DC",945,1017,1244,6,1229,1250,0,589
2000-01-21,882,"Chicago, IL",IAD,"Washington, DC",1714,1716,1937,10,1958,1947,0,589
2000-01-21,1238,"Chicago, IL",IAD,"Washington, DC",2145,2141,7,4,28,11,0,589
2000-01-21,1242,"Chicago, IL",IAD,"Washington, DC",600,603,839,6,842,845,0,589
2000-01-21,1246,"Chicago, IL",IAD,"Washington, DC",1450,1525,1750,13,1746,1803,0,589
2000-01-21,501,"Chicago, IL",JAX,"Jacksonville, FL",820,843,1133,3,1132,1136,0,865
2000-01-21,631,"Chicago, IL",JAX,"Jacksonville, FL",2045,2043,2334,4,2359,2338,0,865
2000-01-21,684,"Chicago, IL",LGA,"New York, NY",1300,1302,1542,5,1554,1547,0,733
2000-01-21,686,"Chicago, IL",LGA,"New York, NY",1200,"","","",1452,"",1,733
2000-01-21,690,"Chicago, IL",LGA,"New York, NY",1000,"","","",1250,"",1,733
2000-01-21,692,"Chicago, IL",LGA,"New York, NY",900,923,1214,3,1155,1217,0,733
2000-01-21,694,"Chicago, IL",LGA,"New York, NY",800,807,1100,8,1100,1108,0,733
2000-01-21,696,"Chicago, IL",LGA,"New York, NY",700,700,1032,4,954,1036,0,733
2000-01-21,698,"Chicago, IL",LGA,"New York, NY",600,600,900,6,855,906,0,733
2000-01-21,896,"Chicago, IL",LGA,"New York, NY",0,1129,1422,3,0,1425,0,733
2000-01-21,1547,"Chicago, IL",LNK,"Lincoln, NE",1950,2031,2150,6,2115,2156,0,466
2000-01-21,1815,"Chicago, IL",LNK,"Lincoln, NE",912,908,1022,2,1037,1024,0,466
2000-01-21,521,"Chicago, IL",MBS,"Saginaw/Bay City/Midland, MI",1703,1701,1851,5,1900,1856,0,222
2000-01-21,1760,"Chicago, IL",MBS,"Saginaw/Bay City/Midland, MI",1310,1307,1458,2,1507,1500,0,222
2000-01-21,1851,"Chicago, IL",MBS,"Saginaw/Bay City/Midland, MI",815,1003,1149,3,1012,1152,0,222
2000-01-21,1902,"Chicago, IL",MBS,"Saginaw/Bay City/Midland, MI",2115,2116,2302,4,2313,2306,0,222
2000-01-21,562,"Chicago, IL",MHT,"Manchester, NH",2057,2107,2353,5,2359,2358,0,843
2000-01-21,1024,"Chicago, IL",MHT,"Manchester, NH",1309,1324,1621,5,1614,1626,0,843
2000-01-21,1048,"Chicago, IL",MHT,"Manchester, NH",1644,1650,1937,4,1949,1941,0,843
2000-01-21,330,"Chicago, IL",ORF,"Norfolk, VA",1314,1310,1604,3,1612,1607,0,717
2000-01-21,532,"Chicago, IL",ORF,"Norfolk, VA",1725,1857,2132,4,2020,2136,0,717
2000-01-21,1198,"Chicago, IL",ORF,"Norfolk, VA",825,831,1107,3,1121,1110,0,717
2000-01-21,142,"Chicago, IL",PBI,"West Palm Beach/Palm Beach, FL",1950,1952,2321,6,2329,2327,0,1144
2000-01-21,639,"Chicago, IL",PBI,"West Palm Beach/Palm Beach, FL",1030,1045,1411,4,1409,1415,0,1144
2000-01-21,282,"Chicago, IL",RIC,"Richmond, VA",625,638,907,4,912,911,0,642
2000-01-21,1606,"Chicago, IL",RIC,"Richmond, VA",1314,1314,1559,6,1603,1605,0,642
2000-01-21,1824,"Chicago, IL",RIC,"Richmond, VA",1720,1733,2003,4,2009,2007,0,642
2000-01-21,386,"Chicago, IL",ROC,"Rochester, NY",2125,2124,2346,8,2359,2354,0,528
2000-01-21,438,"Chicago, IL",ROC,"Rochester, NY",1705,1659,1921,8,1939,1929,0,528
2000-01-21,550,"Chicago, IL",ROC,"Rochester, NY",1040,1037,1257,3,1309,1300,0,528
2000-01-21,1194,"Chicago, IL",ROC,"Rochester, NY",700,659,924,7,930,931,0,528
2000-01-21,1456,"Chicago, IL",ROC,"Rochester, NY",1440,1442,1702,9,1711,1711,0,528
2000-01-21,381,"Chicago, IL",SMF,"Sacramento, CA",915,1010,1252,7,1147,1259,0,1781
2000-01-21,483,"Chicago, IL",SMF,"Sacramento, CA",1914,2047,2328,4,2145,2332,0,1781
2000-01-21,621,"Chicago, IL",SMF,"Sacramento, CA",1545,1555,1831,4,1814,1835,0,1781
2000-01-21,1405,"Chicago, IL",SMF,"Sacramento, CA",1144,1142,1413,4,1408,1417,0,1781
2000-01-21,303,"Chicago, IL",SNA,"Santa Ana, CA",1525,1527,1746,4,1737,1750,0,1726
2000-01-21,365,"Chicago, IL",SNA,"Santa Ana, CA",1144,1143,1409,4,1357,1413,0,1726
2000-01-21,473,"Chicago, IL",SNA,"Santa Ana, CA",1944,1944,2156,4,2159,2200,0,1726
2000-01-21,1075,"Chicago, IL",SNA,"Santa Ana, CA",1745,1819,2035,4,2000,2039,0,1726
2000-01-21,1543,"Chicago, IL",SNA,"Santa Ana, CA",914,921,1158,5,1127,1203,0,1726
2000-01-21,285,"Chicago, IL",STL,"St. Louis, MO",739,740,835,3,849,838,0,258
2000-01-21,609,"Chicago, IL",STL,"St. Louis, MO",1144,1142,1237,4,1253,1241,0,258
2000-01-21,779,"Chicago, IL",STL,"St. Louis, MO",1925,1926,2033,9,2036,2042,0,258
2000-01-22,568,"Chicago, IL",BTV,"Burlington, VT",1810,1846,2132,2,2103,2134,0,763
2000-01-22,1076,"Chicago, IL",BTV,"Burlington, VT",1325,1426,1726,4,1624,1730,0,763
2000-01-22,380,"Chicago, IL",BUF,"Buffalo, NY",1644,1700,1932,5,1907,1937,0,473
2000-01-22,786,"Chicago, IL",BUF,"Buffalo, NY",738,745,1007,2,957,1009,0,473
2000-01-22,1576,"Chicago, IL",BUF,"Buffalo, NY",1450,1506,1733,3,1715,1736,0,473
2000-01-22,1881,"Chicago, IL",BUF,"Buffalo, NY",1105,1105,1333,2,1322,1335,0,473
2000-01-22,240,"Chicago, IL",CLE,"Cleveland, OH",1050,1106,1317,4,1259,1321,0,316
2000-01-22,348,"Chicago, IL",CLE,"Cleveland, OH",1730,1805,2028,5,1949,2033,0,316
2000-01-22,520,"Chicago, IL",CLE,"Cleveland, OH",625,627,829,5,842,834,0,316
2000-01-22,1184,"Chicago, IL",CLE,"Cleveland, OH",1310,1346,1623,8,1527,1631,0,316
2000-01-22,1922,"Chicago, IL",CLE,"Cleveland, OH",744,743,939,5,951,944,0,316
2000-01-22,773,"Chicago, IL",DSM,"Des Moines, IA",1514,1514,1625,6,1623,1631,0,299
2000-01-22,1101,"Chicago, IL",DSM,"Des Moines, IA",1930,2012,2119,6,2042,2125,0,299
2000-01-22,1437,"Chicago, IL",DSM,"Des Moines, IA",1210,1210,1327,4,1318,1331,0,299
2000-01-22,1757,"Chicago, IL",DSM,"Des Moines, IA",920,945,1138,3,1033,1141,0,299
2000-01-22,43,"Chicago, IL",HNL,"Honolulu, HI",1000,1116,"","",1507,"",0,4244
2000-01-22,780,"Chicago, IL",HPN,"White Plains, NY",1727,1727,2031,3,2029,2034,0,738
2000-01-22,1200,"Chicago, IL",HPN,"White Plains, NY",1330,1329,1634,4,1635,1638,0,738
2000-01-22,1484,"Chicago, IL",HPN,"White Plains, NY",2045,2058,2358,3,2340,1,0,738
2000-01-22,1486,"Chicago, IL",HPN,"White Plains, NY",705,743,1028,3,1000,1031,0,738
2000-01-22,474,"Chicago, IL",IAD,"Washington, DC",1320,1317,1559,5,1612,1604,0,589
2000-01-22,492,"Chicago, IL",IAD,"Washington, DC",1030,1034,1329,5,1312,1334,0,589
2000-01-22,538,"Chicago, IL",IAD,"Washington, DC",805,804,1046,6,1046,1052,0,589
2000-01-22,718,"Chicago, IL",IAD,"Washington, DC",1810,1841,2114,6,2100,2120,0,589
2000-01-22,766,"Chicago, IL",IAD,"Washington, DC",945,944,1255,6,1229,1301,0,589
2000-01-22,882,"Chicago, IL",IAD,"Washington, DC",1714,1727,2005,9,2003,2014,0,589
2000-01-22,1242,"Chicago, IL",IAD,"Washington, DC",600,609,843,4,842,847,0,589
2000-01-22,1638,"Chicago, IL",IAD,"Washington, DC",2055,2133,13,7,2338,20,0,589
2000-01-22,472,"Chicago, IL",JAX,"Jacksonville, FL",1330,1401,1720,4,1650,1724,0,865
2000-01-22,501,"Chicago, IL",JAX,"Jacksonville, FL",820,829,1143,4,1132,1147,0,865
2000-01-22,684,"Chicago, IL",LGA,"New York, NY",1300,1328,1638,3,1554,1641,0,733
2000-01-22,692,"Chicago, IL",LGA,"New York, NY",900,923,1231,3,1155,1234,0,733
2000-01-22,694,"Chicago, IL",LGA,"New York, NY",800,"","","",1100,"",1,733
2000-01-22,696,"Chicago, IL",LGA,"New York, NY",700,659,941,4,954,945,0,733
2000-01-22,698,"Chicago, IL",LGA,"New York, NY",600,600,851,4,853,855,0,733
2000-01-22,896,"Chicago, IL",LGA,"New York, NY",0,1104,1352,4,0,1356,0,733
2000-01-22,1547,"Chicago, IL",LNK,"Lincoln, NE",1950,1948,2117,2,2115,2119,0,466
2000-01-22,1815,"Chicago, IL",LNK,"Lincoln, NE",912,1014,1223,4,1037,1227,0,466
2000-01-22,521,"Chicago, IL",MBS,"Saginaw/Bay City/Midland, MI",1703,1804,2018,6,1900,2024,0,222
2000-01-22,1760,"Chicago, IL",MBS,"Saginaw/Bay City/Midland, MI",1310,1348,1616,5,1507,1621,0,222
2000-01-22,1851,"Chicago, IL",MBS,"Saginaw/Bay City/Midland, MI",815,813,1013,3,1012,1016,0,222
2000-01-22,562,"Chicago, IL",MHT,"Manchester, NH",2057,2115,24,4,2359,28,0,843
2000-01-22,1024,"Chicago, IL",MHT,"Manchester, NH",1309,1312,1612,4,1614,1616,0,843
2000-01-22,1048,"Chicago, IL",MHT,"Manchester, NH",1644,1644,1943,5,1949,1948,0,843
2000-01-22,330,"Chicago, IL",ORF,"Norfolk, VA",1314,1313,1601,3,1612,1604,0,717
2000-01-22,532,"Chicago, IL",ORF,"Norfolk, VA",1725,1724,2009,4,2020,2013,0,717
2000-01-22,1198,"Chicago, IL",ORF,"Norfolk, VA",825,842,1157,4,1121,1201,0,717
2000-01-22,444,"Chicago, IL",PBI,"West Palm Beach/Palm Beach, FL",1730,1739,2124,3,2117,2127,0,1144
2000-01-22,639,"Chicago, IL",PBI,"West Palm Beach/Palm Beach, FL",1030,1122,1507,3,1409,1510,0,1144
2000-01-22,282,"Chicago, IL",RIC,"Richmond, VA",625,644,943,4,912,947,0,642
2000-01-22,1606,"Chicago, IL",RIC,"Richmond, VA",1314,1315,1607,5,1603,1612,0,642
2000-01-22,1824,"Chicago, IL",RIC,"Richmond, VA",1720,1817,2055,5,2009,2100,0,642
2000-01-22,438,"Chicago, IL",ROC,"Rochester, NY",1705,1700,1939,8,1939,1947,0,528
2000-01-22,550,"Chicago, IL",ROC,"Rochester, NY",1040,1123,1343,9,1309,1352,0,528
2000-01-22,1194,"Chicago, IL",ROC,"Rochester, NY",700,654,920,7,930,927,0,528
2000-01-22,1456,"Chicago, IL",ROC,"Rochester, NY",1440,1500,1722,8,1711,1730,0,528
2000-01-22,381,"Chicago, IL",SMF,"Sacramento, CA",915,1052,1351,4,1147,1355,0,1781
2000-01-22,483,"Chicago, IL",SMF,"Sacramento, CA",1914,2012,2232,5,2137,2237,0,1781
2000-01-22,621,"Chicago, IL",SMF,"Sacramento, CA",1545,1545,1822,4,1814,1826,0,1781
2000-01-22,1405,"Chicago, IL",SMF,"Sacramento, CA",1144,1221,1511,2,1416,1513,0,1781
2000-01-22,303,"Chicago, IL",SNA,"Santa Ana, CA",1525,1538,1811,5,1737,1816,0,1726
2000-01-22,365,"Chicago, IL",SNA,"Santa Ana, CA",1144,1143,1411,4,1357,1415,0,1726
2000-01-22,473,"Chicago, IL",SNA,"Santa Ana, CA",1945,2023,2233,6,2200,2239,0,1726
2000-01-22,1543,"Chicago, IL",SNA,"Santa Ana, CA",914,915,1207,5,1127,1212,0,1726
2000-01-22,285,"Chicago, IL",STL,"St. Louis, MO",739,746,856,10,849,906,0,258
2000-01-22,609,"Chicago, IL",STL,"St. Louis, MO",1144,1153,1257,4,1253,1301,0,258
2000-01-22,779,"Chicago, IL",STL,"St. Louis, MO",1925,2000,2101,2,2037,2103,0,258
2000-01-22,1122,"Chicago, IL",ABE,"Allentown/Bethlehem/Easton, PA",1650,1832,2112,3,1934,2115,0,654
2000-01-22,1656,"Chicago, IL",ABE,"Allentown/Bethlehem/Easton, PA",1410,1409,1712,4,1656,1716,0,654
2000-01-22,373,"Chicago, IL",AUS,"Austin, TX",1914,1911,2158,3,2155,2201,0,978
2000-01-22,589,"Chicago, IL",AUS,"Austin, TX",922,929,1217,4,1202,1221,0,978
2000-01-22,394,"Chicago, IL",BDL,"Hartford, CT",1650,1715,2012,5,1950,2017,0,783
2000-01-22,398,"Chicago, IL",BDL,"Hartford, CT",910,927,1226,3,1204,1229,0,783
2000-01-22,1126,"Chicago, IL",BDL,"Hartford, CT",2050,2105,18,4,2351,22,0,783
2000-01-22,1228,"Chicago, IL",BDL,"Hartford, CT",1320,1436,1731,5,1621,1736,0,783
2000-01-22,1404,"Chicago, IL",BDL,"Hartford, CT",1035,1033,1333,4,1332,1337,0,783
2000-01-22,1522,"Chicago, IL",BDL,"Hartford, CT",600,559,855,4,856,859,0,783
2000-01-22,502,"Chicago, IL",BOS,"Boston, MA",645,645,947,3,956,950,0,867
2000-01-22,506,"Chicago, IL",BOS,"Boston, MA",845,849,1213,4,1150,1217,0,867
2000-01-22,514,"Chicago, IL",BOS,"Boston, MA",1245,1243,1604,4,1554,1608,0,867
2000-01-22,516,"Chicago, IL",BOS,"Boston, MA",1644,1644,1939,6,1959,1945,0,867
2000-01-22,518,"Chicago, IL",BOS,"Boston, MA",1344,1341,1719,5,1707,1724,0,867
2000-01-22,524,"Chicago, IL",BOS,"Boston, MA",1744,1744,2044,6,2059,2050,0,867
2000-01-22,884,"Chicago, IL",BOS,"Boston, MA",1044,1047,1410,2,1355,1412,0,867
2000-01-22,1018,"Chicago, IL",BOS,"Boston, MA",2045,2112,33,3,2355,36,0,867
2000-01-22,138,"Chicago, IL",CMH,"Columbus, OH",1310,1412,1640,2,1516,1642,0,296
2000-01-22,601,"Chicago, IL",CMH,"Columbus, OH",805,811,1027,5,1010,1032,0,296
2000-01-22,1452,"Chicago, IL",CMH,"Columbus, OH",1105,1104,1312,4,1310,1316,0,296
2000-01-22,1518,"Chicago, IL",CMH,"Columbus, OH",1644,1648,1853,5,1854,1858,0,296
2000-01-22,1548,"Chicago, IL",CMH,"Columbus, OH",2115,2120,2343,4,2325,2347,0,296
2000-01-22,600,"Chicago, IL",DCA,"Washington, DC",630,"","","",910,"",1,612
2000-01-22,602,"Chicago, IL",DCA,"Washington, DC",730,749,1024,2,1010,1026,0,612
2000-01-22,606,"Chicago, IL",DCA,"Washington, DC",930,936,1231,3,1209,1234,0,612
2000-01-22,610,"Chicago, IL",DCA,"Washington, DC",1130,1205,1444,3,1403,1447,0,612
2000-01-22,612,"Chicago, IL",DCA,"Washington, DC",1230,1230,1502,2,1506,1504,0,612
2000-01-22,616,"Chicago, IL",DCA,"Washington, DC",1330,1338,1637,3,1617,1640,0,612
2000-01-22,618,"Chicago, IL",DCA,"Washington, DC",1430,1428,1712,3,1711,1715,0,612
2000-01-22,622,"Chicago, IL",DCA,"Washington, DC",1630,1634,1910,3,1908,1913,0,612
2000-01-22,626,"Chicago, IL",DCA,"Washington, DC",1730,1831,2112,4,2016,2116,0,612
2000-01-22,632,"Chicago, IL",DCA,"Washington, DC",2045,2120,12,4,2323,16,0,612
2000-01-22,321,"Chicago, IL",DFW,"Dallas/Fort Worth, TX",945,1031,1330,4,1208,1334,0,802
2000-01-22,789,"Chicago, IL",DFW,"Dallas/Fort Worth, TX",1514,1515,1745,5,1735,1750,0,802
2000-01-22,1115,"Chicago, IL",DFW,"Dallas/Fort Worth, TX",830,828,1108,6,1051,1114,0,802
2000-01-22,1281,"Chicago, IL",DFW,"Dallas/Fort Worth, TX",1800,1934,2206,4,2019,2210,0,802
2000-01-22,1621,"Chicago, IL",DFW,"Dallas/Fort Worth, TX",1925,1930,2204,4,2147,2208,0,802
2000-01-22,1707,"Chicago, IL",DFW,"Dallas/Fort Worth, TX",1155,1159,1425,8,1421,1433,0,802
2000-01-22,634,"Chicago, IL",EWR,"Newark, NJ",630,655,1013,7,928,1020,0,719
2000-01-22,638,"Chicago, IL",EWR,"Newark, NJ",830,948,1307,7,1128,1314,0,719
2000-01-22,642,"Chicago, IL",EWR,"Newark, NJ",1030,1154,1448,5,1328,1453,0,719
2000-01-22,644,"Chicago, IL",EWR,"Newark, NJ",1130,1139,1425,6,1429,1431,0,719
2000-01-22,648,"Chicago, IL",EWR,"Newark, NJ",1330,"","","",1644,"",1,719
2000-01-22,652,"Chicago, IL",EWR,"Newark, NJ",1430,1500,1806,10,1738,1816,0,719
2000-01-22,656,"Chicago, IL",EWR,"Newark, NJ",1644,1645,1938,8,1947,1946,0,719
2000-01-22,664,"Chicago, IL",EWR,"Newark, NJ",2045,2129,25,11,2343,36,0,719
2000-01-22,561,"Chicago, IL",ICT,"Wichita, KS",1915,1913,2107,8,2104,2115,0,588
2000-01-22,795,"Chicago, IL",ICT,"Wichita, KS",915,924,1133,5,1104,1138,0,588
2000-01-22,292,"Chicago, IL",IND,"Indianapolis, IN",700,707,903,4,856,907,0,177
2000-01-22,314,"Chicago, IL",IND,"Indianapolis, IN",1655,1655,1837,10,1851,1847,0,177
2000-01-22,500,"Chicago, IL",IND,"Indianapolis, IN",1144,1143,1340,12,1341,1352,0,177
2000-01-22,1608,"Chicago, IL",IND,"Indianapolis, IN",1310,1306,1504,4,1505,1508,0,177
2000-01-22,1758,"Chicago, IL",IND,"Indianapolis, IN",2105,2104,2252,6,2303,2258,0,177
2000-01-22,701,"Chicago, IL",LAS,"Las Vegas, NV",1745,1745,1924,7,1924,1931,0,1515
2000-01-22,711,"Chicago, IL",LAS,"Las Vegas, NV",1935,2031,2214,5,2121,2219,0,1515
2000-01-22,715,"Chicago, IL",LAS,"Las Vegas, NV",1514,1536,1744,5,1656,1749,0,1515
2000-01-22,717,"Chicago, IL",LAS,"Las Vegas, NV",800,820,1015,3,936,1018,0,1515
2000-01-22,721,"Chicago, IL",LAS,"Las Vegas, NV",1150,1348,1546,5,1330,1551,0,1515
2000-01-22,101,"Chicago, IL",LAX,"Los Angeles, CA",800,814,1102,41,1021,1143,0,1745
2000-01-22,105,"Chicago, IL",LAX,"Los Angeles, CA",1530,1531,1807,13,1742,1820,0,1745
2000-01-22,107,"Chicago, IL",LAX,"Los Angeles, CA",1630,"","","",1849,"",1,1745
2000-01-22,111,"Chicago, IL",LAX,"Los Angeles, CA",1245,1247,1533,4,1508,1537,0,1745
2000-01-22,115,"Chicago, IL",LAX,"Los Angeles, CA",930,936,1236,9,1148,1245,0,1745
2000-01-22,117,"Chicago, IL",LAX,"Los Angeles, CA",1155,"","","",1409,"",1,1745
2000-01-22,119,"Chicago, IL",LAX,"Los Angeles, CA",1330,1335,1621,10,1550,1631,0,1745
2000-01-22,125,"Chicago, IL",LAX,"Los Angeles, CA",1210,1222,1514,8,1433,1522,0,1745
2000-01-22,607,"Chicago, IL",LAX,"Los Angeles, CA",1040,1052,1335,16,1303,1351,0,1745
2000-01-22,762,"Chicago, IL",LAX,"Los Angeles, CA",700,711,936,34,917,1010,0,1745
2000-01-22,815,"Chicago, IL",LAX,"Los Angeles, CA",1755,1815,2039,8,2012,2047,0,1745
2000-01-22,841,"Chicago, IL",LAX,"Los Angeles, CA",1935,1933,2206,4,2155,2210,0,1745
2000-01-22,953,"Chicago, IL",LAX,"Los Angeles, CA",2000,1959,2227,7,2220,2234,0,1745
2000-01-22,393,"Chicago, IL",MCI,"Kansas City, MO",914,1000,1154,3,1034,1157,0,403
2000-01-22,455,"Chicago, IL",MCI,"Kansas City, MO",1144,1220,1352,2,1305,1354,0,403
2000-01-22,1147,"Chicago, IL",MCI,"Kansas City, MO",804,836,1027,3,926,1030,0,403
2000-01-22,1597,"Chicago, IL",MCI,"Kansas City, MO",1530,1619,1737,4,1651,1741,0,403
2000-01-22,1747,"Chicago, IL",MCI,"Kansas City, MO",1945,2058,2220,5,2112,2225,0,403
2000-01-22,1895,"Chicago, IL",MCI,"Kansas City, MO",1814,1853,2026,6,1938,2032,0,403
2000-01-22,421,"Chicago, IL",MEM,"Memphis, TN",1510,1609,1739,4,1644,1743,0,491
2000-01-22,1151,"Chicago, IL",MEM,"Memphis, TN",920,923,1105,4,1054,1109,0,491
2000-01-22,1795,"Chicago, IL",MEM,"Memphis, TN",1914,1945,2129,4,2049,2133,0,491
2000-01-22,379,"Chicago, IL",OAK,"Oakland, CA",1535,1532,1803,5,1802,1808,0,1836
2000-01-22,469,"Chicago, IL",OAK,"Oakland, CA",1944,2005,2244,7,2223,2251,0,1836
2000-01-22,1455,"Chicago, IL",OAK,"Oakland, CA",928,957,1316,5,1206,1321,0,1836
2000-01-22,556,"Chicago, IL",PIT,"Pittsburgh, PA",730,800,1002,6,948,1008,0,412
2000-01-22,576,"Chicago, IL",PIT,"Pittsburgh, PA",1040,1056,1258,7,1255,1305,0,412
2000-01-22,582,"Chicago, IL",PIT,"Pittsburgh, PA",1310,1309,1531,5,1530,1536,0,412
2000-01-22,734,"Chicago, IL",PIT,"Pittsburgh, PA",1444,1503,1715,4,1704,1719,0,412
2000-01-22,760,"Chicago, IL",PIT,"Pittsburgh, PA",2055,2055,2309,6,2316,2315,0,412
2000-01-22,1204,"Chicago, IL",PIT,"Pittsburgh, PA",1644,1646,1901,4,1908,1905,0,412
2000-01-22,1927,"Chicago, IL",PSP,"Palm Springs, CA",940,942,1248,2,1149,1250,0,1652
2000-01-22,1174,"Chicago, IL",RSW,"Fort Myers, FL",1455,1508,1841,3,1836,1844,0,1120
2000-01-22,1206,"Chicago, IL",RSW,"Fort Myers, FL",739,739,1116,2,1120,1118,0,1120
2000-01-22,315,"Chicago, IL",SAN,"San Diego, CA",845,859,1144,2,1056,1146,0,1723
2000-01-22,477,"Chicago, IL",SAN,"San Diego, CA",1144,1152,1411,2,1354,1413,0,1723
2000-01-22,741,"Chicago, IL",SAN,"San Diego, CA",937,1006,1323,3,1148,1326,0,1723
2000-01-22,929,"Chicago, IL",SAN,"San Diego, CA",1514,1645,1925,10,1727,1935,0,1723
2000-01-22,1277,"Chicago, IL",SAN,"San Diego, CA",1940,2103,2316,2,2155,2318,0,1723
2000-01-22,333,"Chicago, IL",SEA,"Seattle, WA",925,951,1234,4,1146,1238,0,1721
2000-01-22,337,"Chicago, IL",SEA,"Seattle, WA",1914,1919,2137,3,2142,2140,0,1721
2000-01-22,383,"Chicago, IL",SEA,"Seattle, WA",1750,1816,2045,5,2019,2050,0,1721
2000-01-22,755,"Chicago, IL",SEA,"Seattle, WA",810,814,1036,4,1039,1040,0,1721
2000-01-22,939,"Chicago, IL",SEA,"Seattle, WA",1144,1151,1402,5,1405,1407,0,1721
2000-01-22,943,"Chicago, IL",SEA,"Seattle, WA",1530,1530,1744,5,1746,1749,0,1721
2000-01-22,1748,"Chicago, IL",SJU,"San Juan, PR",739,950,1640,23,1405,1703,0,2072
2000-01-22,1999,"Chicago, IL",SJU,"San Juan, PR",814,839,1524,3,1442,1527,0,2072
2000-01-22,1671,"Chicago, IL",STL,"St. Louis, MO",1520,1534,1653,3,1629,1656,0,258
2000-01-22,877,"Chicago, IL",STT,"Charlotte Amalie, VI",744,748,1427,3,1429,1430,0,2116
2000-01-22,356,"Chicago, IL",SYR,"Syracuse, NY",1320,1339,1639,4,1604,1643,0,607
2000-01-22,1498,"Chicago, IL",SYR,"Syracuse, NY",1730,1924,2151,4,2010,2155,0,607
2000-01-22,1620,"Chicago, IL",SYR,"Syracuse, NY",630,629,906,5,904,911,0,607
2000-01-22,352,"Chicago, IL",ALB,"Albany, NY",1320,1321,1608,2,1614,1610,0,723
2000-01-22,1104,"Chicago, IL",ALB,"Albany, NY",620,621,905,4,910,909,0,723
2000-01-22,1454,"Chicago, IL",ALB,"Albany, NY",1720,1719,2013,4,2014,2017,0,723
2000-01-22,446,"Chicago, IL",ATL,"Atlanta, GA",925,1040,1325,6,1209,1331,0,606
2000-01-22,796,"Chicago, IL",ATL,"Atlanta, GA",1330,1330,1644,7,1628,1651,0,606
2000-01-22,1268,"Chicago, IL",ATL,"Atlanta, GA",650,657,939,7,941,946,0,606
2000-01-22,1628,"Chicago, IL",ATL,"Atlanta, GA",1035,1046,1340,8,1324,1348,0,606
2000-01-22,1690,"Chicago, IL",ATL,"Atlanta, GA",1655,"","","",1948,"",1,606
2000-01-22,1162,"Chicago, IL",BHM,"Birmingham, AL",2125,2225,8,3,2306,11,0,584
2000-01-22,1166,"Chicago, IL",BHM,"Birmingham, AL",900,937,1134,6,1040,1140,0,584
2000-01-22,681,"Chicago, IL",CID,"Cedar Rapids/Iowa City, IA",1600,1559,1654,3,1655,1657,0,196
2000-01-22,743,"Chicago, IL",CID,"Cedar Rapids/Iowa City, IA",1920,1917,2015,4,2018,2019,0,196
2000-01-22,1823,"Chicago, IL",CID,"Cedar Rapids/Iowa City, IA",1145,1207,1303,3,1241,1306,0,196
2000-01-22,1827,"Chicago, IL",CID,"Cedar Rapids/Iowa City, IA",926,951,1124,3,1022,1127,0,196
2000-01-22,1019,"Chicago, IL",COS,"Colorado Springs, CO",1920,1935,2107,7,2045,2114,0,911
2000-01-22,1785,"Chicago, IL",COS,"Colorado Springs, CO",950,1009,1219,7,1121,1226,0,911
2000-01-22,490,"Chicago, IL",CVG,"Cincinnati, OH",739,802,1007,4,948,1011,0,264
2000-01-22,529,"Chicago, IL",CVG,"Cincinnati, OH",2115,2113,2315,6,2324,2321,0,264
2000-01-22,772,"Chicago, IL",CVG,"Cincinnati, OH",1415,1416,1636,9,1618,1645,0,264
2000-01-22,1810,"Chicago, IL",CVG,"Cincinnati, OH",1110,"","","",1311,"",1,264
2000-01-22,1892,"Chicago, IL",CVG,"Cincinnati, OH",1655,1659,1857,7,1901,1904,0,264
2000-01-22,241,"Chicago, IL",DEN,"Denver, CO",600,608,738,6,724,744,0,888
2000-01-22,243,"Chicago, IL",DEN,"Denver, CO",700,701,847,5,829,852,0,888
2000-01-22,245,"Chicago, IL",DEN,"Denver, CO",755,811,938,5,923,943,0,888
2000-01-22,247,"Chicago, IL",DEN,"Denver, CO",910,915,1112,6,1038,1118,0,888
2000-01-22,251,"Chicago, IL",DEN,"Denver, CO",945,1039,1233,12,1117,1245,0,888
2000-01-22,253,"Chicago, IL",DEN,"Denver, CO",1245,1304,1436,11,1418,1447,0,888
2000-01-22,255,"Chicago, IL",DEN,"Denver, CO",1530,1727,1850,7,1701,1857,0,888
2000-01-22,259,"Chicago, IL",DEN,"Denver, CO",1525,1524,1650,8,1656,1658,0,888
2000-01-22,941,"Chicago, IL",DEN,"Denver, CO",1920,1924,2055,5,2052,2100,0,888
2000-01-22,945,"Chicago, IL",DEN,"Denver, CO",1150,1209,1337,8,1325,1345,0,888
2000-01-22,959,"Chicago, IL",DEN,"Denver, CO",1745,1747,1927,5,1910,1932,0,888
2000-01-22,368,"Chicago, IL",FLL,"Fort Lauderdale, FL",741,840,1238,4,1129,1242,0,1182
2000-01-22,434,"Chicago, IL",FLL,"Fort Lauderdale, FL",1700,1659,2042,6,2049,2048,0,1182
2000-01-22,1948,"Chicago, IL",FLL,"Fort Lauderdale, FL",1415,1452,1836,5,1804,1841,0,1182
2000-01-22,573,"Chicago, IL",IAH,"Houston, TX",914,947,1312,5,1147,1317,0,925
2000-01-22,703,"Chicago, IL",IAH,"Houston, TX",1200,1224,1502,4,1434,1506,0,925
2000-01-22,1169,"Chicago, IL",IAH,"Houston, TX",1514,1530,1804,4,1746,1808,0,925
2000-01-22,1897,"Chicago, IL",IAH,"Houston, TX",1925,2010,2236,4,2156,2240,0,925
2000-01-22,670,"Chicago, IL",LGA,"New York, NY",2100,2058,2352,3,2352,2355,0,733
2000-01-22,676,"Chicago, IL",LGA,"New York, NY",1700,1736,2026,3,2000,2029,0,733
2000-01-22,680,"Chicago, IL",LGA,"New York, NY",1500,1508,1757,3,1758,1800,0,733
2000-01-22,682,"Chicago, IL",LGA,"New York, NY",1400,1405,1713,3,1701,1716,0,733
2000-01-22,510,"Chicago, IL",MCO,"Orlando, FL",1935,1932,2304,3,2303,2307,0,1005
2000-01-22,1044,"Chicago, IL",MCO,"Orlando, FL",1655,1716,2037,4,2014,2041,0,1005
2000-01-22,1500,"Chicago, IL",MCO,"Orlando, FL",1344,1349,1721,4,1709,1725,0,1005
2000-01-22,1614,"Chicago, IL",MCO,"Orlando, FL",1035,1050,1424,5,1358,1429,0,1005
2000-01-22,1832,"Chicago, IL",MCO,"Orlando, FL",800,808,1131,4,1131,1135,0,1005
2000-01-22,299,"Chicago, IL",MSP,"Minneapolis, MN",1145,1206,1327,4,1303,1331,0,334
2000-01-22,353,"Chicago, IL",MSP,"Minneapolis, MN",744,822,958,3,903,1001,0,334
2000-01-22,359,"Chicago, IL",MSP,"Minneapolis, MN",1344,1342,1540,3,1503,1543,0,334
2000-01-22,583,"Chicago, IL",MSP,"Minneapolis, MN",1544,1546,1707,2,1707,1709,0,334
2000-01-22,599,"Chicago, IL",MSP,"Minneapolis, MN",945,956,1131,4,1104,1135,0,334
2000-01-22,1067,"Chicago, IL",MSP,"Minneapolis, MN",1744,1854,2013,3,1912,2016,0,334
2000-01-22,1107,"Chicago, IL",MSP,"Minneapolis, MN",1945,2054,2215,5,2103,2220,0,334
2000-01-22,535,"Chicago, IL",OMA,"Omaha, NE",1210,1206,1338,3,1334,1341,0,416
2000-01-22,775,"Chicago, IL",OMA,"Omaha, NE",1950,1949,2110,2,2114,2112,0,416
2000-01-22,1129,"Chicago, IL",OMA,"Omaha, NE",912,954,1210,2,1031,1212,0,416
2000-01-22,1499,"Chicago, IL",OMA,"Omaha, NE",1540,1604,1731,3,1700,1734,0,416
2000-01-22,1149,"Chicago, IL",ONT,"Ontario, CA",1914,1935,2158,2,2131,2200,0,1700
2000-01-22,1733,"Chicago, IL",ONT,"Ontario, CA",1155,1155,1435,4,1413,1439,0,1700
2000-01-22,1850,"Chicago, IL",PHL,"Philadelphia, PA",600,601,903,5,854,908,0,678
2000-01-22,1854,"Chicago, IL",PHL,"Philadelphia, PA",815,818,1120,5,1102,1125,0,678
2000-01-22,1858,"Chicago, IL",PHL,"Philadelphia, PA",1000,1002,1306,5,1249,1311,0,678
2000-01-22,1860,"Chicago, IL",PHL,"Philadelphia, PA",1100,1112,1409,9,1349,1418,0,678
2000-01-22,1866,"Chicago, IL",PHL,"Philadelphia, PA",1410,1434,1726,6,1706,1732,0,678
2000-01-22,1872,"Chicago, IL",PHL,"Philadelphia, PA",1700,1727,2026,5,1958,2031,0,678
2000-01-22,1878,"Chicago, IL",PHL,"Philadelphia, PA",2050,2046,2322,4,2334,2326,0,678
2000-01-22,345,"Chicago, IL",PHX,"Phoenix, AZ",1144,1149,1449,4,1425,1453,0,1440
2000-01-22,423,"Chicago, IL",PHX,"Phoenix, AZ",1514,1637,1912,4,1744,1916,0,1440
2000-01-22,667,"Chicago, IL",PHX,"Phoenix, AZ",1935,2009,2251,3,2213,2254,0,1440
2000-01-22,1273,"Chicago, IL",PHX,"Phoenix, AZ",1805,1808,2040,4,2037,2044,0,1440
2000-01-22,1419,"Chicago, IL",PHX,"Phoenix, AZ",920,943,1247,18,1159,1305,0,1440
2000-01-22,1969,"Chicago, IL",PHX,"Phoenix, AZ",805,841,1209,4,1038,1213,0,1440
2000-01-22,546,"Chicago, IL",PVD,"Providence, RI",1714,1715,2021,3,2019,2024,0,849
2000-01-22,1276,"Chicago, IL",PVD,"Providence, RI",850,927,1244,3,1152,1247,0,849
2000-01-22,1734,"Chicago, IL",PVD,"Providence, RI",1308,1331,1701,2,1613,1703,0,849
2000-01-22,1042,"Chicago, IL",PWM,"Portland, ME",1700,1734,2044,2,2012,2046,0,900
2000-01-22,1130,"Chicago, IL",PWM,"Portland, ME",1310,1307,1615,3,1619,1618,0,900
2000-01-22,1230,"Chicago, IL",PWM,"Portland, ME",740,805,1104,2,1043,1106,0,900
2000-01-22,586,"Chicago, IL",RDU,"Raleigh/Durham, NC",1330,1329,1622,3,1618,1625,0,647
2000-01-22,1108,"Chicago, IL",RDU,"Raleigh/Durham, NC",1644,1643,1927,4,1931,1931,0,647
2000-01-22,1114,"Chicago, IL",RDU,"Raleigh/Durham, NC",625,628,909,4,912,913,0,647
2000-01-22,590,"Chicago, IL",SDF,"Louisville, KY",2115,2116,2322,7,2324,2329,0,286
2000-01-22,1650,"Chicago, IL",SDF,"Louisville, KY",1355,1351,1615,7,1602,1622,0,286
2000-01-22,271,"Chicago, IL",SJC,"San Jose, CA",920,1000,1322,4,1152,1326,0,1830
2000-01-22,559,"Chicago, IL",SJC,"San Jose, CA",1535,1757,2024,5,1803,2029,0,1830
2000-01-22,661,"Chicago, IL",SJC,"San Jose, CA",1935,2004,2243,19,2209,2302,0,1830
2000-01-22,691,"Chicago, IL",SJC,"San Jose, CA",1205,1209,1452,5,1437,1457,0,1830
2000-01-22,324,"Chicago, IL",TPA,"Tampa, FL",1030,1104,1433,4,1352,1437,0,1012
2000-01-22,1070,"Chicago, IL",TPA,"Tampa, FL",1725,1940,2305,3,2050,2308,0,1012
2000-01-22,1090,"Chicago, IL",TPA,"Tampa, FL",1316,1329,1710,4,1641,1714,0,1012
2000-01-22,1676,"Chicago, IL",TPA,"Tampa, FL",739,758,1118,3,1107,1121,0,1012
2000-01-22,1930,"Chicago, IL",TPA,"Tampa, FL",2045,2046,10,5,14,15,0,1012
2000-01-22,560,"Chicago, IL",BNA,"Nashville, TN",740,740,900,6,902,906,0,409
2000-01-22,1050,"Chicago, IL",BNA,"Nashville, TN",1914,1941,2058,6,2034,2104,0,409
2000-01-22,1550,"Chicago, IL",BNA,"Nashville, TN",1444,1457,1610,8,1601,1618,0,409
2000-01-22,1069,"Chicago, IL",BOI,"Boise, ID",1914,1929,2210,3,2157,2213,0,1437
2000-01-22,418,"Chicago, IL",BWI,"Baltimore, MD",1115,1126,1358,3,1354,1401,0,621
2000-01-22,770,"Chicago, IL",BWI,"Baltimore, MD",1705,1706,2002,2,1951,2004,0,621
2000-01-22,1298,"Chicago, IL",BWI,"Baltimore, MD",1325,1322,1623,3,1613,1626,0,621
2000-01-22,1428,"Chicago, IL",BWI,"Baltimore, MD",605,611,852,4,845,856,0,621
2000-01-22,432,"Chicago, IL",CLT,"Charlotte, NC",1314,1316,1617,3,1554,1620,0,599
2000-01-22,462,"Chicago, IL",CLT,"Charlotte, NC",615,650,933,4,855,937,0,599
2000-01-22,536,"Chicago, IL",CLT,"Charlotte, NC",1644,1643,"","",1920,"",0,599
2000-01-22,1616,"Chicago, IL",CLT,"Charlotte, NC",2045,"","","",2325,"",1,599
2000-01-22,515,"Chicago, IL",DAY,"Dayton, OH",1410,1412,1636,5,1610,1641,0,240
2000-01-22,1128,"Chicago, IL",DAY,"Dayton, OH",1050,1050,1304,5,1249,1309,0,240
2000-01-22,1552,"Chicago, IL",DAY,"Dayton, OH",800,802,1007,5,1000,1012,0,240
2000-01-22,1754,"Chicago, IL",DAY,"Dayton, OH",1705,1704,1926,9,1907,1935,0,240
2000-01-22,302,"Chicago, IL",DTW,"Detroit, MI",1040,1048,1251,4,1249,1255,0,235
2000-01-22,350,"Chicago, IL",DTW,"Detroit, MI",1710,1807,2027,8,1925,2035,0,235
2000-01-22,396,"Chicago, IL",DTW,"Detroit, MI",1309,1308,1519,15,1524,1534,0,235
2000-01-22,440,"Chicago, IL",DTW,"Detroit, MI",750,821,1040,4,1001,1044,0,235
2000-01-22,454,"Chicago, IL",DTW,"Detroit, MI",630,712,1004,6,834,1010,0,235
2000-01-22,671,"Chicago, IL",DTW,"Detroit, MI",2115,2120,2317,6,2320,2323,0,235
2000-01-22,1809,"Chicago, IL",EGE,"Eagle, CO",930,957,1241,4,1117,1245,0,1007
2000-01-22,1425,"Chicago, IL",GEG,"Spokane, WA",1920,2012,2200,6,2118,2206,0,1498
2000-01-22,422,"Chicago, IL",GRR,"Grand Rapids, MI",1925,2046,2226,5,2112,2231,0,137
2000-01-22,494,"Chicago, IL",GRR,"Grand Rapids, MI",851,936,1133,5,1036,1138,0,137
2000-01-22,1260,"Chicago, IL",GRR,"Grand Rapids, MI",1444,1443,1633,6,1630,1639,0,137
2000-01-22,1446,"Chicago, IL",GRR,"Grand Rapids, MI",1144,1150,1340,5,1329,1345,0,137
2000-01-22,1582,"Chicago, IL",GRR,"Grand Rapids, MI",1645,1644,1824,4,1845,1828,0,137
2000-01-22,540,"Chicago, IL",GSO,"Greensboro/High Point, NC",900,914,1154,2,1138,1156,0,590
2000-01-22,750,"Chicago, IL",GSO,"Greensboro/High Point, NC",1750,1757,2031,4,2025,2035,0,590
2000-01-22,1538,"Chicago, IL",GSO,"Greensboro/High Point, NC",1420,1420,1706,2,1658,1708,0,590
2000-01-22,392,"Chicago, IL",MDT,"Harrisburg, PA",1714,1715,1957,4,1952,2001,0,594
2000-01-22,482,"Chicago, IL",MDT,"Harrisburg, PA",900,1009,1300,3,1140,1303,0,594
2000-01-22,542,"Chicago, IL",MDT,"Harrisburg, PA",1314,1332,1624,3,1554,1627,0,594
2000-01-22,728,"Chicago, IL",MDT,"Harrisburg, PA",2100,2100,2338,5,2340,2343,0,594
2000-01-22,869,"Chicago, IL",MIA,"Miami, FL",1444,1519,1909,5,1839,1914,0,1197
2000-01-22,1088,"Chicago, IL",MIA,"Miami, FL",739,746,1136,3,1130,1139,0,1197
2000-01-22,1636,"Chicago, IL",MIA,"Miami, FL",1030,1108,1501,5,1415,1506,0,1197
2000-01-22,1984,"Chicago, IL",MIA,"Miami, FL",1805,1821,2201,4,2150,2205,0,1197
2000-01-22,1995,"Chicago, IL",MIA,"Miami, FL",830,830,1230,3,1221,1233,0,1197
2000-01-22,647,"Chicago, IL",MKE,"Milwaukee, WI",1414,1413,1519,4,1451,1523,0,67
2000-01-22,1566,"Chicago, IL",MKE,"Milwaukee, WI",1800,1821,1917,4,1837,1921,0,67
2000-01-22,675,"Chicago, IL",MSN,"Madison, WI",2055,2116,2202,4,2141,2206,0,109
2000-01-22,1581,"Chicago, IL",MSN,"Madison, WI",1410,1408,1519,5,1451,1524,0,109
2000-01-22,367,"Chicago, IL",MSY,"New Orleans, LA",1200,1211,1427,3,1409,1430,0,837
2000-01-22,1789,"Chicago, IL",MSY,"New Orleans, LA",1930,1956,2213,4,2141,2217,0,837
2000-01-22,1867,"Chicago, IL",MSY,"New Orleans, LA",1000,1016,1257,3,1211,1300,0,837
2000-01-22,569,"Chicago, IL",PDX,"Portland, OR",1544,1544,1759,5,1800,1804,0,1739
2000-01-22,577,"Chicago, IL",PDX,"Portland, OR",1914,1939,2208,4,2140,2212,0,1739
2000-01-22,1401,"Chicago, IL",PDX,"Portland, OR",1200,1225,1456,4,1431,1500,0,1739
2000-01-22,1891,"Chicago, IL",PDX,"Portland, OR",945,952,1238,3,1212,1241,0,1739
2000-01-22,749,"Chicago, IL",SAT,"San Antonio, TX",925,1000,1318,5,1208,1323,0,1041
2000-01-22,1415,"Chicago, IL",SAT,"San Antonio, TX",1940,2057,2343,2,2224,2345,0,1041
2000-01-22,137,"Chicago, IL",SFO,"San Francisco, CA",1030,1112,1354,6,1306,1400,0,1846
2000-01-22,143,"Chicago, IL",SFO,"San Francisco, CA",1144,"","","",1407,"",1,1846
2000-01-22,145,"Chicago, IL",SFO,"San Francisco, CA",930,935,1222,4,1200,1226,0,1846
2000-01-22,147,"Chicago, IL",SFO,"San Francisco, CA",1530,1530,1801,4,1753,1805,0,1846
2000-01-22,149,"Chicago, IL",SFO,"San Francisco, CA",1805,"","","",2038,"",1,1846
2000-01-22,151,"Chicago, IL",SFO,"San Francisco, CA",1920,1930,2209,5,2157,2214,0,1846
2000-01-22,157,"Chicago, IL",SFO,"San Francisco, CA",800,755,1054,5,1028,1059,0,1846
2000-01-22,525,"Chicago, IL",SFO,"San Francisco, CA",1925,1922,2205,7,2205,2212,0,1846
2000-01-22,1293,"Chicago, IL",SLC,"Salt Lake City, UT",1530,1559,1815,4,1744,1819,0,1249
2000-01-22,1439,"Chicago, IL",SLC,"Salt Lake City, UT",914,942,1215,3,1124,1218,0,1249
2000-01-22,1715,"Chicago, IL",TUS,"Tucson, AZ",1144,1148,1444,5,1438,1449,0,1437
2000-01-22,1110,"Chicago, IL",TYS,"Knoxville, TN",1314,1322,1601,4,1538,1605,0,475
2000-01-22,1286,"Chicago, IL",TYS,"Knoxville, TN",1725,1722,1946,6,1952,1952,0,475
2000-01-23,1050,"Chicago, IL",BNA,"Nashville, TN",1914,1912,2026,3,2034,2029,0,409
2000-01-23,1550,"Chicago, IL",BNA,"Nashville, TN",1444,1520,1639,3,1601,1642,0,409
2000-01-23,1069,"Chicago, IL",BOI,"Boise, ID",1920,1923,2212,3,2203,2215,0,1437
2000-01-23,418,"Chicago, IL",BWI,"Baltimore, MD",1115,1114,1346,4,1354,1350,0,621
2000-01-23,756,"Chicago, IL",BWI,"Baltimore, MD",2100,2058,2329,5,2343,2334,0,621
2000-01-23,770,"Chicago, IL",BWI,"Baltimore, MD",1705,1724,1957,7,1948,2004,0,621
2000-01-23,1298,"Chicago, IL",BWI,"Baltimore, MD",1325,1333,1606,6,1613,1612,0,621
2000-01-23,1428,"Chicago, IL",BWI,"Baltimore, MD",605,559,830,6,845,836,0,621
2000-01-23,432,"Chicago, IL",CLT,"Charlotte, NC",1314,1321,1610,5,1554,1615,0,599
2000-01-23,536,"Chicago, IL",CLT,"Charlotte, NC",1644,1726,2008,4,1920,2012,0,599
2000-01-23,1616,"Chicago, IL",CLT,"Charlotte, NC",2045,2046,2329,4,2325,2333,0,599
2000-01-23,515,"Chicago, IL",DAY,"Dayton, OH",1410,1409,1602,6,1610,1608,0,240
2000-01-23,657,"Chicago, IL",DAY,"Dayton, OH",2115,2113,2316,6,2318,2322,0,240
2000-01-23,1128,"Chicago, IL",DAY,"Dayton, OH",1120,1118,1311,7,1319,1318,0,240
2000-01-23,1754,"Chicago, IL",DAY,"Dayton, OH",1705,1702,1901,5,1907,1906,0,240
2000-01-23,302,"Chicago, IL",DTW,"Detroit, MI",1040,1040,1239,4,1249,1243,0,235
2000-01-23,350,"Chicago, IL",DTW,"Detroit, MI",1710,1712,1917,6,1923,1923,0,235
2000-01-23,396,"Chicago, IL",DTW,"Detroit, MI",1309,1307,1502,4,1524,1506,0,235
2000-01-23,440,"Chicago, IL",DTW,"Detroit, MI",750,746,941,5,1001,946,0,235
2000-01-23,671,"Chicago, IL",DTW,"Detroit, MI",2115,2114,2316,4,2320,2320,0,235
2000-01-23,1809,"Chicago, IL",EGE,"Eagle, CO",930,947,1120,21,1117,1141,0,1007
2000-01-23,1425,"Chicago, IL",GEG,"Spokane, WA",1920,1918,2113,4,2118,2117,0,1498
2000-01-23,422,"Chicago, IL",GRR,"Grand Rapids, MI",1925,1929,2119,3,2112,2122,0,137
2000-01-23,633,"Chicago, IL",GRR,"Grand Rapids, MI",2115,2114,2313,4,2303,2317,0,137
2000-01-23,1260,"Chicago, IL",GRR,"Grand Rapids, MI",1444,1444,1622,3,1630,1625,0,137
2000-01-23,1446,"Chicago, IL",GRR,"Grand Rapids, MI",1144,1147,1333,3,1329,1336,0,137
2000-01-23,540,"Chicago, IL",GSO,"Greensboro/High Point, NC",900,855,1129,2,1138,1131,0,590
2000-01-23,750,"Chicago, IL",GSO,"Greensboro/High Point, NC",1744,1744,2023,5,2019,2028,0,590
2000-01-23,1538,"Chicago, IL",GSO,"Greensboro/High Point, NC",1420,1450,1720,2,1658,1722,0,590
2000-01-23,392,"Chicago, IL",MDT,"Harrisburg, PA",1714,1711,1944,4,1949,1948,0,594
2000-01-23,482,"Chicago, IL",MDT,"Harrisburg, PA",900,901,1134,5,1140,1139,0,594
2000-01-23,542,"Chicago, IL",MDT,"Harrisburg, PA",1314,1332,1554,6,1554,1600,0,594
2000-01-23,728,"Chicago, IL",MDT,"Harrisburg, PA",2100,2109,2333,5,2340,2338,0,594
2000-01-23,869,"Chicago, IL",MIA,"Miami, FL",1444,1440,1833,6,1839,1839,0,1197
2000-01-23,1088,"Chicago, IL",MIA,"Miami, FL",739,738,1115,3,1130,1118,0,1197
2000-01-23,1636,"Chicago, IL",MIA,"Miami, FL",1030,1041,1420,5,1415,1425,0,1197
2000-01-23,1984,"Chicago, IL",MIA,"Miami, FL",1805,1815,2159,5,2150,2204,0,1197
2000-01-23,1993,"Chicago, IL",MIA,"Miami, FL",930,928,1317,3,1320,1320,0,1197
2000-01-23,1995,"Chicago, IL",MIA,"Miami, FL",830,930,1327,3,1225,1330,0,1197
2000-01-23,1564,"Chicago, IL",MKE,"Milwaukee, WI",2230,2231,2257,4,2307,2301,0,67
2000-01-23,675,"Chicago, IL",MSN,"Madison, WI",2055,2128,2211,5,2141,2216,0,109
2000-01-23,1249,"Chicago, IL",MSN,"Madison, WI",2230,2237,2306,4,2315,2310,0,109
2000-01-23,1581,"Chicago, IL",MSN,"Madison, WI",1410,1411,1445,4,1451,1449,0,109
2000-01-23,367,"Chicago, IL",MSY,"New Orleans, LA",1200,1202,1412,7,1409,1419,0,837
2000-01-23,1789,"Chicago, IL",MSY,"New Orleans, LA",1930,1929,2136,4,2140,2140,0,837
2000-01-23,1867,"Chicago, IL",MSY,"New Orleans, LA",1000,1001,1205,6,1211,1211,0,837
2000-01-23,503,"Chicago, IL",PDX,"Portland, OR",1745,1746,1959,4,2007,2003,0,1739
2000-01-23,569,"Chicago, IL",PDX,"Portland, OR",1544,1549,1755,4,1800,1759,0,1739
2000-01-23,577,"Chicago, IL",PDX,"Portland, OR",1914,1913,2141,4,2140,2145,0,1739
2000-01-23,1401,"Chicago, IL",PDX,"Portland, OR",1200,1158,1422,5,1431,1427,0,1739
2000-01-23,1891,"Chicago, IL",PDX,"Portland, OR",945,1019,1235,4,1212,1239,0,1739
2000-01-23,749,"Chicago, IL",SAT,"San Antonio, TX",925,923,1203,7,1208,1210,0,1041
2000-01-23,1415,"Chicago, IL",SAT,"San Antonio, TX",1940,1944,2225,5,2224,2230,0,1041
2000-01-23,137,"Chicago, IL",SFO,"San Francisco, CA",1030,1030,1304,5,1306,1309,0,1846
2000-01-23,139,"Chicago, IL",SFO,"San Francisco, CA",2220,2221,50,7,51,57,0,1846
2000-01-23,141,"Chicago, IL",SFO,"San Francisco, CA",1210,1338,1612,5,1448,1617,0,1846
2000-01-23,143,"Chicago, IL",SFO,"San Francisco, CA",1144,1210,1437,6,1407,1443,0,1846
2000-01-23,145,"Chicago, IL",SFO,"San Francisco, CA",930,926,1218,7,1200,1225,0,1846
2000-01-23,147,"Chicago, IL",SFO,"San Francisco, CA",1530,1529,1800,5,1753,1805,0,1846
2000-01-23,149,"Chicago, IL",SFO,"San Francisco, CA",1805,1822,2058,10,2038,2108,0,1846
2000-01-23,151,"Chicago, IL",SFO,"San Francisco, CA",1920,1921,2319,9,2157,2328,0,1846
2000-01-23,157,"Chicago, IL",SFO,"San Francisco, CA",800,800,1017,12,1028,1029,0,1846
2000-01-23,525,"Chicago, IL",SFO,"San Francisco, CA",1925,1927,2301,7,2205,2308,0,1846
2000-01-23,399,"Chicago, IL",SLC,"Salt Lake City, UT",1205,1203,1402,3,1419,1405,0,1249
2000-01-23,533,"Chicago, IL",SLC,"Salt Lake City, UT",1914,1922,2127,3,2123,2130,0,1249
2000-01-23,1439,"Chicago, IL",SLC,"Salt Lake City, UT",914,910,1112,2,1124,1114,0,1249
2000-01-23,1110,"Chicago, IL",TYS,"Knoxville, TN",1314,1323,1543,4,1538,1547,0,475
2000-01-23,1818,"Chicago, IL",TYS,"Knoxville, TN",2120,2202,25,3,2347,28,0,475
2000-01-23,568,"Chicago, IL",BTV,"Burlington, VT",1810,1809,2050,3,2059,2053,0,763
2000-01-23,1076,"Chicago, IL",BTV,"Burlington, VT",1315,1330,1614,2,1618,1616,0,763
2000-01-23,380,"Chicago, IL",BUF,"Buffalo, NY",1644,1700,1921,4,1907,1925,0,473
2000-01-23,786,"Chicago, IL",BUF,"Buffalo, NY",738,736,950,3,957,953,0,473
2000-01-23,790,"Chicago, IL",BUF,"Buffalo, NY",2100,2140,2352,3,2323,2355,0,473
2000-01-23,1576,"Chicago, IL",BUF,"Buffalo, NY",1450,1505,1721,2,1715,1723,0,473
2000-01-23,1881,"Chicago, IL",BUF,"Buffalo, NY",1105,1104,1318,2,1322,1320,0,473
2000-01-23,240,"Chicago, IL",CLE,"Cleveland, OH",1050,1048,1254,4,1259,1258,0,316
2000-01-23,348,"Chicago, IL",CLE,"Cleveland, OH",1730,1746,1946,5,1949,1951,0,316
2000-01-23,1184,"Chicago, IL",CLE,"Cleveland, OH",1310,1310,1522,4,1527,1526,0,316
2000-01-23,1588,"Chicago, IL",CLE,"Cleveland, OH",2115,2112,2318,4,2328,2322,0,316
2000-01-23,1922,"Chicago, IL",CLE,"Cleveland, OH",744,741,951,3,951,954,0,316
2000-01-23,773,"Chicago, IL",DSM,"Des Moines, IA",1514,1513,1614,5,1623,1619,0,299
2000-01-23,785,"Chicago, IL",DSM,"Des Moines, IA",2230,2250,2343,5,2338,2348,0,299
2000-01-23,1101,"Chicago, IL",DSM,"Des Moines, IA",1930,1941,2038,5,2042,2043,0,299
2000-01-23,1437,"Chicago, IL",DSM,"Des Moines, IA",1210,1207,1313,6,1318,1319,0,299
2000-01-23,1757,"Chicago, IL",DSM,"Des Moines, IA",920,918,1023,5,1033,1028,0,299
2000-01-23,43,"Chicago, IL",HNL,"Honolulu, HI",1000,959,1432,4,1507,1436,0,4244
2000-01-23,780,"Chicago, IL",HPN,"White Plains, NY",1727,1735,2023,3,2029,2026,0,738
2000-01-23,1200,"Chicago, IL",HPN,"White Plains, NY",1330,1332,1623,10,1635,1633,0,738
2000-01-23,1484,"Chicago, IL",HPN,"White Plains, NY",2045,2044,2342,4,2340,2346,0,738
2000-01-23,1488,"Chicago, IL",HPN,"White Plains, NY",1135,1153,1443,4,1429,1447,0,738
2000-01-23,1686,"Chicago, IL",HPN,"White Plains, NY",1614,1616,1859,3,1910,1902,0,738
2000-01-23,474,"Chicago, IL",IAD,"Washington, DC",1320,1318,1549,7,1612,1556,0,589
2000-01-23,492,"Chicago, IL",IAD,"Washington, DC",1030,1030,1304,6,1312,1310,0,589
2000-01-23,538,"Chicago, IL",IAD,"Washington, DC",805,808,1036,9,1048,1045,0,589
2000-01-23,718,"Chicago, IL",IAD,"Washington, DC",1810,1809,2043,8,2100,2051,0,589
2000-01-23,882,"Chicago, IL",IAD,"Washington, DC",1714,1735,1959,5,1958,2004,0,589
2000-01-23,1242,"Chicago, IL",IAD,"Washington, DC",600,823,1059,6,844,1105,0,589
2000-01-23,1246,"Chicago, IL",IAD,"Washington, DC",1450,1458,1732,13,1746,1745,0,589
2000-01-23,1638,"Chicago, IL",IAD,"Washington, DC",2055,2055,2330,5,2340,2335,0,589
2000-01-23,501,"Chicago, IL",JAX,"Jacksonville, FL",820,817,1131,5,1132,1136,0,865
2000-01-23,631,"Chicago, IL",JAX,"Jacksonville, FL",2045,2043,2352,4,2359,2356,0,865
2000-01-23,684,"Chicago, IL",LGA,"New York, NY",1300,1301,1539,4,1554,1543,0,733
2000-01-23,686,"Chicago, IL",LGA,"New York, NY",1200,1200,1450,5,1455,1455,0,733
2000-01-23,690,"Chicago, IL",LGA,"New York, NY",1000,1023,1259,4,1250,1303,0,733
2000-01-23,692,"Chicago, IL",LGA,"New York, NY",900,1019,1258,2,1155,1300,0,733
2000-01-23,696,"Chicago, IL",LGA,"New York, NY",700,657,943,4,954,947,0,733
2000-01-23,896,"Chicago, IL",LGA,"New York, NY",0,1135,1410,4,0,1414,0,733
2000-01-23,1547,"Chicago, IL",LNK,"Lincoln, NE",1950,1959,2113,3,2115,2116,0,466
2000-01-23,1815,"Chicago, IL",LNK,"Lincoln, NE",912,909,1029,3,1037,1032,0,466
2000-01-23,521,"Chicago, IL",MBS,"Saginaw/Bay City/Midland, MI",1703,1703,1901,2,1900,1903,0,222
2000-01-23,1760,"Chicago, IL",MBS,"Saginaw/Bay City/Midland, MI",1310,1328,1518,3,1507,1521,0,222
2000-01-23,1902,"Chicago, IL",MBS,"Saginaw/Bay City/Midland, MI",2115,2346,131,4,2313,135,0,222
2000-01-23,562,"Chicago, IL",MHT,"Manchester, NH",2057,2127,23,2,2359,25,0,843
2000-01-23,1024,"Chicago, IL",MHT,"Manchester, NH",1309,1310,1608,2,1614,1610,0,843
2000-01-23,1048,"Chicago, IL",MHT,"Manchester, NH",1710,1810,2108,3,2015,2111,0,843
2000-01-23,330,"Chicago, IL",ORF,"Norfolk, VA",1314,1311,1605,3,1612,1608,0,717
2000-01-23,532,"Chicago, IL",ORF,"Norfolk, VA",1725,1735,2028,4,2020,2032,0,717
2000-01-23,1198,"Chicago, IL",ORF,"Norfolk, VA",825,822,1113,4,1121,1117,0,717
2000-01-23,142,"Chicago, IL",PBI,"West Palm Beach/Palm Beach, FL",1950,2103,32,3,2329,35,0,1144
2000-01-23,639,"Chicago, IL",PBI,"West Palm Beach/Palm Beach, FL",1030,1028,1409,3,1409,1412,0,1144
2000-01-23,282,"Chicago, IL",RIC,"Richmond, VA",625,624,856,4,912,900,0,642
2000-01-23,1606,"Chicago, IL",RIC,"Richmond, VA",1314,1334,1616,5,1603,1621,0,642
2000-01-23,1824,"Chicago, IL",RIC,"Richmond, VA",1720,1731,2019,5,2009,2024,0,642
2000-01-23,386,"Chicago, IL",ROC,"Rochester, NY",2125,2130,2354,6,2359,2400,0,528
2000-01-23,438,"Chicago, IL",ROC,"Rochester, NY",1705,1705,1933,11,1939,1944,0,528
2000-01-23,550,"Chicago, IL",ROC,"Rochester, NY",1040,1037,1300,7,1309,1307,0,528
2000-01-23,1456,"Chicago, IL",ROC,"Rochester, NY",1440,1453,1710,7,1711,1717,0,528
2000-01-23,381,"Chicago, IL",SMF,"Sacramento, CA",915,925,1137,3,1147,1140,0,1781
2000-01-23,483,"Chicago, IL",SMF,"Sacramento, CA",1914,1914,2141,5,2145,2146,0,1781
2000-01-23,621,"Chicago, IL",SMF,"Sacramento, CA",1545,1544,1817,4,1814,1821,0,1781
2000-01-23,1405,"Chicago, IL",SMF,"Sacramento, CA",1144,1143,1414,4,1408,1418,0,1781
2000-01-23,303,"Chicago, IL",SNA,"Santa Ana, CA",1525,1525,1729,4,1737,1733,0,1726
2000-01-23,365,"Chicago, IL",SNA,"Santa Ana, CA",1144,1144,1354,5,1357,1359,0,1726
2000-01-23,473,"Chicago, IL",SNA,"Santa Ana, CA",1944,1944,2157,4,2159,2201,0,1726
2000-01-23,1075,"Chicago, IL",SNA,"Santa Ana, CA",1745,1745,1954,4,2000,1958,0,1726
2000-01-23,1543,"Chicago, IL",SNA,"Santa Ana, CA",914,909,1123,9,1127,1132,0,1726
2000-01-23,609,"Chicago, IL",STL,"St. Louis, MO",1144,1145,1243,3,1253,1246,0,258
2000-01-23,779,"Chicago, IL",STL,"St. Louis, MO",1925,1945,2041,5,2036,2046,0,258
2000-01-23,352,"Chicago, IL",ALB,"Albany, NY",1320,1319,1600,4,1614,1604,0,723
2000-01-23,1454,"Chicago, IL",ALB,"Albany, NY",1720,1718,2008,4,2014,2012,0,723
2000-01-23,364,"Chicago, IL",ATL,"Atlanta, GA",1914,1934,2212,9,2204,2221,0,606
2000-01-23,446,"Chicago, IL",ATL,"Atlanta, GA",925,924,1156,7,1209,1203,0,606
2000-01-23,527,"Chicago, IL",ATL,"Atlanta, GA",2100,2058,2337,7,2345,2344,0,606
2000-01-23,796,"Chicago, IL",ATL,"Atlanta, GA",1330,1354,1634,9,1628,1643,0,606
2000-01-23,1268,"Chicago, IL",ATL,"Atlanta, GA",650,645,927,9,941,936,0,606
2000-01-23,1628,"Chicago, IL",ATL,"Atlanta, GA",1035,1033,1306,9,1324,1315,0,606
2000-01-23,1690,"Chicago, IL",ATL,"Atlanta, GA",1655,1710,1952,9,1948,2001,0,606
2000-01-23,1162,"Chicago, IL",BHM,"Birmingham, AL",2125,2138,2320,5,2306,2325,0,584
2000-01-23,1166,"Chicago, IL",BHM,"Birmingham, AL",900,928,1112,2,1040,1114,0,584
2000-01-23,669,"Chicago, IL",CID,"Cedar Rapids/Iowa City, IA",2230,2231,2314,4,2324,2318,0,196
2000-01-23,681,"Chicago, IL",CID,"Cedar Rapids/Iowa City, IA",1600,1559,1644,6,1655,1650,0,196
2000-01-23,743,"Chicago, IL",CID,"Cedar Rapids/Iowa City, IA",1920,1931,2022,10,2018,2032,0,196
2000-01-23,1823,"Chicago, IL",CID,"Cedar Rapids/Iowa City, IA",1145,1141,1228,3,1241,1231,0,196
2000-01-23,1827,"Chicago, IL",CID,"Cedar Rapids/Iowa City, IA",926,923,1011,3,1022,1014,0,196
2000-01-23,1019,"Chicago, IL",COS,"Colorado Springs, CO",1920,1920,2035,6,2045,2041,0,911
2000-01-23,1785,"Chicago, IL",COS,"Colorado Springs, CO",950,944,1109,4,1121,1113,0,911
2000-01-23,490,"Chicago, IL",CVG,"Cincinnati, OH",739,735,944,6,948,950,0,264
2000-01-23,529,"Chicago, IL",CVG,"Cincinnati, OH",2115,2117,2332,4,2324,2336,0,264
2000-01-23,772,"Chicago, IL",CVG,"Cincinnati, OH",1415,1449,1648,4,1618,1652,0,264
2000-01-23,1810,"Chicago, IL",CVG,"Cincinnati, OH",1110,1118,1320,4,1311,1324,0,264
2000-01-23,1892,"Chicago, IL",CVG,"Cincinnati, OH",1655,1651,1851,5,1902,1856,0,264
2000-01-23,243,"Chicago, IL",DEN,"Denver, CO",700,701,821,6,832,827,0,888
2000-01-23,247,"Chicago, IL",DEN,"Denver, CO",910,919,1024,10,1038,1034,0,888
2000-01-23,251,"Chicago, IL",DEN,"Denver, CO",945,942,1053,9,1117,1102,0,888
2000-01-23,253,"Chicago, IL",DEN,"Denver, CO",1245,1350,1459,4,1418,1503,0,888
2000-01-23,255,"Chicago, IL",DEN,"Denver, CO",1530,1529,1641,5,1701,1646,0,888
2000-01-23,259,"Chicago, IL",DEN,"Denver, CO",1525,1522,1627,6,1656,1633,0,888
2000-01-23,531,"Chicago, IL",DEN,"Denver, CO",2220,2219,2335,5,2347,2340,0,888
2000-01-23,941,"Chicago, IL",DEN,"Denver, CO",1920,1919,2026,7,2052,2033,0,888
2000-01-23,945,"Chicago, IL",DEN,"Denver, CO",1150,1233,1343,8,1325,1351,0,888
2000-01-23,959,"Chicago, IL",DEN,"Denver, CO",1745,1748,1852,17,1910,1909,0,888
2000-01-23,368,"Chicago, IL",FLL,"Fort Lauderdale, FL",741,738,1127,4,1129,1131,0,1182
2000-01-23,426,"Chicago, IL",FLL,"Fort Lauderdale, FL",2110,2108,101,4,56,105,0,1182
2000-01-23,1948,"Chicago, IL",FLL,"Fort Lauderdale, FL",1415,1414,1805,5,1804,1810,0,1182
2000-01-23,573,"Chicago, IL",IAH,"Houston, TX",914,1055,1315,4,1147,1319,0,925
2000-01-23,703,"Chicago, IL",IAH,"Houston, TX",1200,1158,1431,5,1434,1436,0,925
2000-01-23,1169,"Chicago, IL",IAH,"Houston, TX",1514,1523,1740,4,1746,1744,0,925
2000-01-23,1897,"Chicago, IL",IAH,"Houston, TX",1925,1926,2149,5,2156,2154,0,925
2000-01-23,1957,"Chicago, IL",IAH,"Houston, TX",1750,1808,2026,5,2021,2031,0,925
2000-01-23,670,"Chicago, IL",LGA,"New York, NY",2100,2112,12,4,2352,16,0,733
2000-01-23,672,"Chicago, IL",LGA,"New York, NY",1900,1859,2142,7,2157,2149,0,733
2000-01-23,674,"Chicago, IL",LGA,"New York, NY",1800,1805,2047,5,2055,2052,0,733
2000-01-23,676,"Chicago, IL",LGA,"New York, NY",1700,1704,1958,8,2000,2006,0,733
2000-01-23,678,"Chicago, IL",LGA,"New York, NY",1600,1559,1834,5,1900,1839,0,733
2000-01-23,680,"Chicago, IL",LGA,"New York, NY",1500,1513,1759,5,1758,1804,0,733
2000-01-23,682,"Chicago, IL",LGA,"New York, NY",1400,1402,1655,9,1700,1704,0,733
2000-01-23,342,"Chicago, IL",MCO,"Orlando, FL",2115,2111,42,5,43,47,0,1005
2000-01-23,1044,"Chicago, IL",MCO,"Orlando, FL",1655,1654,2023,10,2014,2033,0,1005
2000-01-23,1500,"Chicago, IL",MCO,"Orlando, FL",1344,1343,1659,4,1709,1703,0,1005
2000-01-23,1614,"Chicago, IL",MCO,"Orlando, FL",1035,1126,1448,7,1358,1455,0,1005
2000-01-23,1832,"Chicago, IL",MCO,"Orlando, FL",800,758,1114,3,1131,1117,0,1005
2000-01-23,299,"Chicago, IL",MSP,"Minneapolis, MN",1145,1142,1248,2,1303,1250,0,334
2000-01-23,359,"Chicago, IL",MSP,"Minneapolis, MN",1344,1341,1451,3,1503,1454,0,334
2000-01-23,457,"Chicago, IL",MSP,"Minneapolis, MN",1044,1041,1146,2,1202,1148,0,334
2000-01-23,583,"Chicago, IL",MSP,"Minneapolis, MN",1544,1542,1704,7,1707,1711,0,334
2000-01-23,599,"Chicago, IL",MSP,"Minneapolis, MN",945,944,1046,3,1104,1049,0,334
2000-01-23,719,"Chicago, IL",MSP,"Minneapolis, MN",1444,1457,1603,3,1604,1606,0,334
2000-01-23,765,"Chicago, IL",MSP,"Minneapolis, MN",1644,1656,1809,4,1805,1813,0,334
2000-01-23,1067,"Chicago, IL",MSP,"Minneapolis, MN",1744,1800,1920,3,1912,1923,0,334
2000-01-23,1107,"Chicago, IL",MSP,"Minneapolis, MN",1944,1949,2109,13,2102,2122,0,334
2000-01-23,1139,"Chicago, IL",MSP,"Minneapolis, MN",1845,1845,1956,2,2007,1958,0,334
2000-01-23,1889,"Chicago, IL",MSP,"Minneapolis, MN",2225,2242,2341,7,2341,2348,0,334
2000-01-23,1917,"Chicago, IL",MSP,"Minneapolis, MN",845,844,955,2,1008,957,0,334
2000-01-23,535,"Chicago, IL",OMA,"Omaha, NE",1210,1259,1412,3,1334,1415,0,416
2000-01-23,775,"Chicago, IL",OMA,"Omaha, NE",1950,1947,2108,2,2117,2110,0,416
2000-01-23,1129,"Chicago, IL",OMA,"Omaha, NE",912,912,1039,4,1034,1043,0,416
2000-01-23,1499,"Chicago, IL",OMA,"Omaha, NE",1540,1538,1655,4,1700,1659,0,416
2000-01-23,1149,"Chicago, IL",ONT,"Ontario, CA",1914,1915,2117,2,2131,2119,0,1700
2000-01-23,1733,"Chicago, IL",ONT,"Ontario, CA",1155,1153,1356,9,1413,1405,0,1700
2000-01-23,1852,"Chicago, IL",PHL,"Philadelphia, PA",700,657,933,5,949,938,0,678
2000-01-23,1854,"Chicago, IL",PHL,"Philadelphia, PA",815,811,1053,7,1102,1100,0,678
2000-01-23,1858,"Chicago, IL",PHL,"Philadelphia, PA",1000,959,1248,5,1249,1253,0,678
2000-01-23,1860,"Chicago, IL",PHL,"Philadelphia, PA",1100,1100,1332,11,1349,1343,0,678
2000-01-23,1864,"Chicago, IL",PHL,"Philadelphia, PA",1310,1315,1555,7,1607,1602,0,678
2000-01-23,1866,"Chicago, IL",PHL,"Philadelphia, PA",1410,1409,1655,6,1706,1701,0,678
2000-01-23,1868,"Chicago, IL",PHL,"Philadelphia, PA",1600,1600,1845,18,1854,1903,0,678
2000-01-23,1872,"Chicago, IL",PHL,"Philadelphia, PA",1700,1830,2109,13,1958,2122,0,678
2000-01-23,1874,"Chicago, IL",PHL,"Philadelphia, PA",1800,1821,2059,8,2050,2107,0,678
2000-01-23,1876,"Chicago, IL",PHL,"Philadelphia, PA",1900,1922,2202,5,2150,2207,0,678
2000-01-23,1878,"Chicago, IL",PHL,"Philadelphia, PA",2050,2058,2335,6,2334,2341,0,678
2000-01-23,345,"Chicago, IL",PHX,"Phoenix, AZ",1144,1156,1434,4,1423,1438,0,1440
2000-01-23,423,"Chicago, IL",PHX,"Phoenix, AZ",1514,1525,1754,3,1757,1757,0,1440
2000-01-23,667,"Chicago, IL",PHX,"Phoenix, AZ",1935,1932,2159,3,2213,2202,0,1440
2000-01-23,1273,"Chicago, IL",PHX,"Phoenix, AZ",1805,1803,2022,4,2037,2026,0,1440
2000-01-23,1419,"Chicago, IL",PHX,"Phoenix, AZ",920,1007,1233,8,1153,1241,0,1440
2000-01-23,1969,"Chicago, IL",PHX,"Phoenix, AZ",750,747,1019,3,1029,1022,0,1440
2000-01-23,546,"Chicago, IL",PVD,"Providence, RI",1714,1715,2010,4,2021,2014,0,849
2000-01-23,1276,"Chicago, IL",PVD,"Providence, RI",850,849,1140,4,1152,1144,0,849
2000-01-23,1734,"Chicago, IL",PVD,"Providence, RI",1308,1310,1602,3,1613,1605,0,849
2000-01-23,798,"Chicago, IL",PWM,"Portland, ME",2045,2043,2349,4,2357,2353,0,900
2000-01-23,1130,"Chicago, IL",PWM,"Portland, ME",1310,1505,1802,3,1619,1805,0,900
2000-01-23,1230,"Chicago, IL",PWM,"Portland, ME",740,739,1035,3,1043,1038,0,900
2000-01-23,586,"Chicago, IL",RDU,"Raleigh/Durham, NC",1330,1342,1626,5,1618,1631,0,647
2000-01-23,588,"Chicago, IL",RDU,"Raleigh/Durham, NC",2100,2210,56,4,2347,100,0,647
2000-01-23,1108,"Chicago, IL",RDU,"Raleigh/Durham, NC",1644,1647,1928,7,1931,1935,0,647
2000-01-23,1114,"Chicago, IL",RDU,"Raleigh/Durham, NC",625,622,902,2,912,904,0,647
2000-01-23,590,"Chicago, IL",SDF,"Louisville, KY",2115,2115,2323,4,2324,2327,0,286
2000-01-23,1650,"Chicago, IL",SDF,"Louisville, KY",1355,1423,1624,5,1602,1629,0,286
2000-01-23,271,"Chicago, IL",SJC,"San Jose, CA",920,931,1153,5,1152,1158,0,1830
2000-01-23,559,"Chicago, IL",SJC,"San Jose, CA",1535,1555,1823,4,1803,1827,0,1830
2000-01-23,661,"Chicago, IL",SJC,"San Jose, CA",1935,1940,2202,5,2209,2207,0,1830
2000-01-23,691,"Chicago, IL",SJC,"San Jose, CA",1205,1202,1447,6,1437,1453,0,1830
2000-01-23,324,"Chicago, IL",TPA,"Tampa, FL",1030,1026,1344,3,1352,1347,0,1012
2000-01-23,1070,"Chicago, IL",TPA,"Tampa, FL",1725,1735,2056,4,2050,2100,0,1012
2000-01-23,1090,"Chicago, IL",TPA,"Tampa, FL",1316,1315,1640,4,1641,1644,0,1012
2000-01-23,1282,"Chicago, IL",TPA,"Tampa, FL",715,715,1039,4,1043,1043,0,1012
2000-01-23,1930,"Chicago, IL",TPA,"Tampa, FL",2115,2125,105,4,42,109,0,1012
2000-01-23,1122,"Chicago, IL",ABE,"Allentown/Bethlehem/Easton, PA",1650,1647,1925,4,1934,1929,0,654
2000-01-23,1656,"Chicago, IL",ABE,"Allentown/Bethlehem/Easton, PA",1410,1408,1639,3,1656,1642,0,654
2000-01-23,373,"Chicago, IL",AUS,"Austin, TX",1914,1914,2137,5,2155,2142,0,978
2000-01-23,589,"Chicago, IL",AUS,"Austin, TX",922,919,1150,5,1202,1155,0,978
2000-01-23,394,"Chicago, IL",BDL,"Hartford, CT",1650,1651,1945,6,1950,1951,0,783
2000-01-23,398,"Chicago, IL",BDL,"Hartford, CT",910,909,1155,7,1204,1202,0,783
2000-01-23,1126,"Chicago, IL",BDL,"Hartford, CT",2050,2048,2349,7,2351,2356,0,783
2000-01-23,1228,"Chicago, IL",BDL,"Hartford, CT",1320,1330,1617,5,1621,1622,0,783
2000-01-23,1404,"Chicago, IL",BDL,"Hartford, CT",1035,1038,1327,7,1332,1334,0,783
2000-01-23,502,"Chicago, IL",BOS,"Boston, MA",645,643,939,6,956,945,0,867
2000-01-23,506,"Chicago, IL",BOS,"Boston, MA",845,844,1142,4,1154,1146,0,867
2000-01-23,514,"Chicago, IL",BOS,"Boston, MA",1245,1248,1539,4,1554,1543,0,867
2000-01-23,516,"Chicago, IL",BOS,"Boston, MA",1644,1649,1948,7,1959,1955,0,867
2000-01-23,518,"Chicago, IL",BOS,"Boston, MA",1344,1341,1653,5,1707,1658,0,867
2000-01-23,524,"Chicago, IL",BOS,"Boston, MA",1744,1745,2040,5,2059,2045,0,867
2000-01-23,526,"Chicago, IL",BOS,"Boston, MA",1845,1924,2227,6,2156,2233,0,867
2000-01-23,528,"Chicago, IL",BOS,"Boston, MA",1444,1445,1743,15,1759,1758,0,867
2000-01-23,884,"Chicago, IL",BOS,"Boston, MA",1044,1128,1414,5,1355,1419,0,867
2000-01-23,1018,"Chicago, IL",BOS,"Boston, MA",2045,2134,38,2,2355,40,0,867
2000-01-23,138,"Chicago, IL",CMH,"Columbus, OH",1320,1318,1544,4,1526,1548,0,296
2000-01-23,601,"Chicago, IL",CMH,"Columbus, OH",750,749,949,3,955,952,0,296
2000-01-23,1452,"Chicago, IL",CMH,"Columbus, OH",1105,1114,1312,4,1310,1316,0,296
2000-01-23,1518,"Chicago, IL",CMH,"Columbus, OH",1644,1716,1919,6,1854,1925,0,296
2000-01-23,1548,"Chicago, IL",CMH,"Columbus, OH",2115,2113,2316,5,2325,2321,0,296
2000-01-23,602,"Chicago, IL",DCA,"Washington, DC",730,734,1012,4,1010,1016,0,612
2000-01-23,606,"Chicago, IL",DCA,"Washington, DC",930,931,1216,4,1209,1220,0,612
2000-01-23,608,"Chicago, IL",DCA,"Washington, DC",1030,1029,1301,7,1309,1308,0,612
2000-01-23,610,"Chicago, IL",DCA,"Washington, DC",1130,1145,1419,5,1403,1424,0,612
2000-01-23,612,"Chicago, IL",DCA,"Washington, DC",1230,1252,1524,1,1506,1525,0,612
2000-01-23,616,"Chicago, IL",DCA,"Washington, DC",1330,1356,1619,4,1613,1623,0,612
2000-01-23,618,"Chicago, IL",DCA,"Washington, DC",1430,1445,1730,2,1711,1732,0,612
2000-01-23,620,"Chicago, IL",DCA,"Washington, DC",1530,1529,1809,2,1810,1811,0,612
2000-01-23,622,"Chicago, IL",DCA,"Washington, DC",1630,1658,1929,3,1908,1932,0,612
2000-01-23,624,"Chicago, IL",DCA,"Washington, DC",1700,"","","",1947,"",1,612
2000-01-23,626,"Chicago, IL",DCA,"Washington, DC",1730,1729,2011,5,2016,2016,0,612
2000-01-23,628,"Chicago, IL",DCA,"Washington, DC",1830,1827,2104,4,2108,2108,0,612
2000-01-23,630,"Chicago, IL",DCA,"Washington, DC",1930,1930,2208,3,2208,2211,0,612
2000-01-23,632,"Chicago, IL",DCA,"Washington, DC",2045,2047,2325,3,2323,2328,0,612
2000-01-23,321,"Chicago, IL",DFW,"Dallas/Fort Worth, TX",945,944,1158,3,1208,1201,0,802
2000-01-23,685,"Chicago, IL",DFW,"Dallas/Fort Worth, TX",1405,1402,1623,5,1629,1628,0,802
2000-01-23,789,"Chicago, IL",DFW,"Dallas/Fort Worth, TX",1514,1608,1823,5,1738,1828,0,802
2000-01-23,1115,"Chicago, IL",DFW,"Dallas/Fort Worth, TX",830,829,1035,4,1051,1039,0,802
2000-01-23,1281,"Chicago, IL",DFW,"Dallas/Fort Worth, TX",1800,1801,2009,6,2022,2015,0,802
2000-01-23,1621,"Chicago, IL",DFW,"Dallas/Fort Worth, TX",1925,1929,2128,5,2140,2133,0,802
2000-01-23,1707,"Chicago, IL",DFW,"Dallas/Fort Worth, TX",1155,1151,1405,5,1421,1410,0,802
2000-01-23,636,"Chicago, IL",EWR,"Newark, NJ",730,733,1018,6,1027,1024,0,719
2000-01-23,640,"Chicago, IL",EWR,"Newark, NJ",930,930,1214,8,1225,1222,0,719
2000-01-23,642,"Chicago, IL",EWR,"Newark, NJ",1030,1033,1325,7,1328,1332,0,719
2000-01-23,644,"Chicago, IL",EWR,"Newark, NJ",1130,1245,1521,8,1429,1529,0,719
2000-01-23,648,"Chicago, IL",EWR,"Newark, NJ",1330,1328,1626,10,1644,1636,0,719
2000-01-23,652,"Chicago, IL",EWR,"Newark, NJ",1430,1426,1704,9,1738,1713,0,719
2000-01-23,656,"Chicago, IL",EWR,"Newark, NJ",1644,1658,1951,6,1947,1957,0,719
2000-01-23,658,"Chicago, IL",EWR,"Newark, NJ",1730,"","","",2033,"",1,719
2000-01-23,660,"Chicago, IL",EWR,"Newark, NJ",1830,1831,2113,10,2126,2123,0,719
2000-01-23,664,"Chicago, IL",EWR,"Newark, NJ",2045,2052,2344,7,2343,2351,0,719
2000-01-23,561,"Chicago, IL",ICT,"Wichita, KS",1915,2108,2241,3,2104,2244,0,588
2000-01-23,649,"Chicago, IL",ICT,"Wichita, KS",1514,1518,1702,4,1700,1706,0,588
2000-01-23,795,"Chicago, IL",ICT,"Wichita, KS",915,913,1054,3,1104,1057,0,588
2000-01-23,292,"Chicago, IL",IND,"Indianapolis, IN",700,700,856,9,856,905,0,177
2000-01-23,314,"Chicago, IL",IND,"Indianapolis, IN",1655,1706,1853,3,1851,1856,0,177
2000-01-23,500,"Chicago, IL",IND,"Indianapolis, IN",1144,1141,1333,7,1341,1340,0,177
2000-01-23,1590,"Chicago, IL",IND,"Indianapolis, IN",1520,1532,1720,4,1716,1724,0,177
2000-01-23,1608,"Chicago, IL",IND,"Indianapolis, IN",1310,1309,1451,7,1505,1458,0,177
2000-01-23,1758,"Chicago, IL",IND,"Indianapolis, IN",2105,2148,2343,7,2303,2350,0,177
2000-01-23,1808,"Chicago, IL",IND,"Indianapolis, IN",2225,2332,111,9,20,120,0,177
2000-01-23,707,"Chicago, IL",LAS,"Las Vegas, NV",2230,2230,2,7,16,9,0,1515
2000-01-23,711,"Chicago, IL",LAS,"Las Vegas, NV",1935,2013,2135,6,2121,2141,0,1515
2000-01-23,715,"Chicago, IL",LAS,"Las Vegas, NV",1514,1513,1641,4,1656,1645,0,1515
2000-01-23,717,"Chicago, IL",LAS,"Las Vegas, NV",800,758,933,4,936,937,0,1515
2000-01-23,721,"Chicago, IL",LAS,"Las Vegas, NV",1150,1209,1346,5,1330,1351,0,1515
2000-01-23,101,"Chicago, IL",LAX,"Los Angeles, CA",800,758,1002,7,1021,1009,0,1745
2000-01-23,105,"Chicago, IL",LAX,"Los Angeles, CA",1530,1539,1739,6,1742,1745,0,1745
2000-01-23,107,"Chicago, IL",LAX,"Los Angeles, CA",1630,1638,1840,11,1849,1851,0,1745
2000-01-23,111,"Chicago, IL",LAX,"Los Angeles, CA",1245,1245,1455,9,1508,1504,0,1745
2000-01-23,115,"Chicago, IL",LAX,"Los Angeles, CA",930,927,1129,16,1148,1145,0,1745
2000-01-23,117,"Chicago, IL",LAX,"Los Angeles, CA",1155,1152,1415,20,1409,1435,0,1745
2000-01-23,119,"Chicago, IL",LAX,"Los Angeles, CA",1330,1333,1543,6,1550,1549,0,1745
2000-01-23,121,"Chicago, IL",LAX,"Los Angeles, CA",1430,1429,1634,3,1644,1637,0,1745
2000-01-23,127,"Chicago, IL",LAX,"Los Angeles, CA",2220,2223,28,9,40,37,0,1745
2000-01-23,129,"Chicago, IL",LAX,"Los Angeles, CA",2030,2104,2309,3,2250,2312,0,1745
2000-01-23,607,"Chicago, IL",LAX,"Los Angeles, CA",1040,1109,1318,7,1303,1325,0,1745
2000-01-23,762,"Chicago, IL",LAX,"Los Angeles, CA",700,659,912,4,917,916,0,1745
2000-01-23,815,"Chicago, IL",LAX,"Los Angeles, CA",1755,1817,2021,5,2012,2026,0,1745
2000-01-23,841,"Chicago, IL",LAX,"Los Angeles, CA",1925,"","","",2145,"",1,1745
2000-01-23,953,"Chicago, IL",LAX,"Los Angeles, CA",2000,2028,2219,12,2218,2231,0,1745
2000-01-23,393,"Chicago, IL",MCI,"Kansas City, MO",914,913,1028,4,1034,1032,0,403
2000-01-23,455,"Chicago, IL",MCI,"Kansas City, MO",1144,1142,1256,5,1305,1301,0,403
2000-01-23,1597,"Chicago, IL",MCI,"Kansas City, MO",1530,1539,1658,7,1651,1705,0,403
2000-01-23,1747,"Chicago, IL",MCI,"Kansas City, MO",1944,1948,2101,7,2111,2108,0,403
2000-01-23,1895,"Chicago, IL",MCI,"Kansas City, MO",1815,1813,1935,8,1942,1943,0,403
2000-01-23,421,"Chicago, IL",MEM,"Memphis, TN",1510,1512,1642,4,1644,1646,0,491
2000-01-23,1151,"Chicago, IL",MEM,"Memphis, TN",920,929,1058,2,1054,1100,0,491
2000-01-23,1795,"Chicago, IL",MEM,"Memphis, TN",1914,1925,2051,5,2049,2056,0,491
2000-01-23,379,"Chicago, IL",OAK,"Oakland, CA",1535,1532,1758,4,1802,1802,0,1836
2000-01-23,469,"Chicago, IL",OAK,"Oakland, CA",1944,2018,2242,4,2223,2246,0,1836
2000-01-23,1455,"Chicago, IL",OAK,"Oakland, CA",928,928,1207,5,1206,1212,0,1836
2000-01-23,576,"Chicago, IL",PIT,"Pittsburgh, PA",1050,1048,1302,7,1305,1309,0,412
2000-01-23,582,"Chicago, IL",PIT,"Pittsburgh, PA",1310,1326,1534,7,1530,1541,0,412
2000-01-23,734,"Chicago, IL",PIT,"Pittsburgh, PA",1444,1445,1658,6,1704,1704,0,412
2000-01-23,760,"Chicago, IL",PIT,"Pittsburgh, PA",2055,2110,2340,8,2314,2348,0,412
2000-01-23,1204,"Chicago, IL",PIT,"Pittsburgh, PA",1644,1644,1900,7,1908,1907,0,412
2000-01-23,1174,"Chicago, IL",RSW,"Fort Myers, FL",1455,1458,1838,3,1836,1841,0,1120
2000-01-23,1206,"Chicago, IL",RSW,"Fort Myers, FL",739,741,1128,6,1120,1134,0,1120
2000-01-23,315,"Chicago, IL",SAN,"San Diego, CA",815,813,1019,2,1024,1021,0,1723
2000-01-23,477,"Chicago, IL",SAN,"San Diego, CA",1144,1154,1401,2,1354,1403,0,1723
2000-01-23,741,"Chicago, IL",SAN,"San Diego, CA",937,933,1144,3,1148,1147,0,1723
2000-01-23,929,"Chicago, IL",SAN,"San Diego, CA",1514,1546,1741,2,1727,1743,0,1723
2000-01-23,1121,"Chicago, IL",SAN,"San Diego, CA",1755,1752,1952,3,2009,1955,0,1723
2000-01-23,1277,"Chicago, IL",SAN,"San Diego, CA",1940,1948,2139,3,2155,2142,0,1723
2000-01-23,333,"Chicago, IL",SEA,"Seattle, WA",925,934,1130,7,1146,1137,0,1721
2000-01-23,337,"Chicago, IL",SEA,"Seattle, WA",1914,1913,2129,5,2142,2134,0,1721
2000-01-23,383,"Chicago, IL",SEA,"Seattle, WA",1750,1754,2014,6,2019,2020,0,1721
2000-01-23,537,"Chicago, IL",SEA,"Seattle, WA",2225,2347,147,3,44,150,0,1721
2000-01-23,755,"Chicago, IL",SEA,"Seattle, WA",810,808,1014,4,1039,1018,0,1721
2000-01-23,939,"Chicago, IL",SEA,"Seattle, WA",1144,1144,1355,3,1405,1358,0,1721
2000-01-23,943,"Chicago, IL",SEA,"Seattle, WA",1530,1534,1740,4,1746,1744,0,1721
2000-01-23,1748,"Chicago, IL",SJU,"San Juan, PR",739,736,1352,10,1405,1402,0,2072
2000-01-23,1999,"Chicago, IL",SJU,"San Juan, PR",814,808,1429,2,1440,1431,0,2072
2000-01-23,1671,"Chicago, IL",STL,"St. Louis, MO",1520,1529,1633,5,1629,1638,0,258
2000-01-23,877,"Chicago, IL",STT,"Charlotte Amalie, VI",744,744,1416,4,1429,1420,0,2116
2000-01-23,356,"Chicago, IL",SYR,"Syracuse, NY",1320,1324,1549,4,1604,1553,0,607
2000-01-23,1498,"Chicago, IL",SYR,"Syracuse, NY",1730,1730,1958,6,2010,2004,0,607
2000-01-24,560,"Chicago, IL",BNA,"Nashville, TN",740,742,855,3,902,858,0,409
2000-01-24,1050,"Chicago, IL",BNA,"Nashville, TN",1914,1913,2032,3,2034,2035,0,409
2000-01-24,1550,"Chicago, IL",BNA,"Nashville, TN",1444,1454,1607,3,1601,1610,0,409
2000-01-24,1069,"Chicago, IL",BOI,"Boise, ID",1914,1911,2206,3,2157,2209,0,1437
2000-01-24,418,"Chicago, IL",BWI,"Baltimore, MD",1115,1112,1347,5,1354,1352,0,621
2000-01-24,756,"Chicago, IL",BWI,"Baltimore, MD",2100,2056,2355,5,2343,2400,0,621
2000-01-24,770,"Chicago, IL",BWI,"Baltimore, MD",1705,1705,1949,3,1948,1952,0,621
2000-01-24,1298,"Chicago, IL",BWI,"Baltimore, MD",1325,1325,1612,7,1613,1619,0,621
2000-01-24,1428,"Chicago, IL",BWI,"Baltimore, MD",605,559,834,4,845,838,0,621
2000-01-24,432,"Chicago, IL",CLT,"Charlotte, NC",1314,1349,"","",1554,"",0,599
2000-01-24,462,"Chicago, IL",CLT,"Charlotte, NC",615,610,900,4,855,904,0,599
2000-01-24,536,"Chicago, IL",CLT,"Charlotte, NC",1644,"","","",1920,"",1,599
2000-01-24,1616,"Chicago, IL",CLT,"Charlotte, NC",2045,2044,2334,3,2325,2337,0,599
2000-01-24,515,"Chicago, IL",DAY,"Dayton, OH",1410,1409,1605,3,1610,1608,0,240
2000-01-24,657,"Chicago, IL",DAY,"Dayton, OH",2115,2213,4,6,2318,10,0,240
2000-01-24,1128,"Chicago, IL",DAY,"Dayton, OH",1120,1118,1305,3,1319,1308,0,240
2000-01-24,1552,"Chicago, IL",DAY,"Dayton, OH",800,756,949,4,1000,953,0,240
2000-01-24,1754,"Chicago, IL",DAY,"Dayton, OH",1705,1703,1859,4,1907,1903,0,240
2000-01-24,302,"Chicago, IL",DTW,"Detroit, MI",1040,1039,1240,6,1249,1246,0,235
2000-01-24,350,"Chicago, IL",DTW,"Detroit, MI",1710,1710,1905,5,1923,1910,0,235
2000-01-24,396,"Chicago, IL",DTW,"Detroit, MI",1309,1304,1501,6,1524,1507,0,235
2000-01-24,440,"Chicago, IL",DTW,"Detroit, MI",750,750,954,6,1001,1000,0,235
2000-01-24,454,"Chicago, IL",DTW,"Detroit, MI",630,627,827,5,834,832,0,235
2000-01-24,671,"Chicago, IL",DTW,"Detroit, MI",2115,2134,2323,4,2320,2327,0,235
2000-01-24,1425,"Chicago, IL",GEG,"Spokane, WA",1920,1916,2110,5,2118,2115,0,1498
2000-01-24,422,"Chicago, IL",GRR,"Grand Rapids, MI",1925,1927,2124,2,2112,2126,0,137
2000-01-24,494,"Chicago, IL",GRR,"Grand Rapids, MI",851,848,1029,4,1036,1033,0,137
2000-01-24,633,"Chicago, IL",GRR,"Grand Rapids, MI",2115,2206,2353,5,2303,2358,0,137
2000-01-24,1260,"Chicago, IL",GRR,"Grand Rapids, MI",1444,1443,1628,4,1630,1632,0,137
2000-01-24,1446,"Chicago, IL",GRR,"Grand Rapids, MI",1144,1140,1326,3,1329,1329,0,137
2000-01-24,540,"Chicago, IL",GSO,"Greensboro/High Point, NC",900,859,1133,4,1138,1137,0,590
2000-01-24,750,"Chicago, IL",GSO,"Greensboro/High Point, NC",1744,1822,2107,3,2019,2110,0,590
2000-01-24,1538,"Chicago, IL",GSO,"Greensboro/High Point, NC",1420,1424,1702,1,1658,1703,0,590
2000-01-24,392,"Chicago, IL",MDT,"Harrisburg, PA",1714,1712,1938,5,1949,1943,0,594
2000-01-24,482,"Chicago, IL",MDT,"Harrisburg, PA",900,902,1135,4,1140,1139,0,594
2000-01-24,542,"Chicago, IL",MDT,"Harrisburg, PA",1314,1312,1542,3,1554,1545,0,594
2000-01-24,728,"Chicago, IL",MDT,"Harrisburg, PA",2100,2057,2340,3,2340,2343,0,594
2000-01-24,869,"Chicago, IL",MIA,"Miami, FL",1444,1444,1839,5,1839,1844,0,1197
2000-01-24,1088,"Chicago, IL",MIA,"Miami, FL",739,738,1137,5,1130,1142,0,1197
2000-01-24,1636,"Chicago, IL",MIA,"Miami, FL",1030,1028,1409,5,1415,1414,0,1197
2000-01-24,1984,"Chicago, IL",MIA,"Miami, FL",1805,1803,2148,9,2150,2157,0,1197
2000-01-24,647,"Chicago, IL",MKE,"Milwaukee, WI",1414,1413,1449,3,1451,1452,0,67
2000-01-24,1564,"Chicago, IL",MKE,"Milwaukee, WI",2230,2231,2308,4,2307,2312,0,67
2000-01-24,675,"Chicago, IL",MSN,"Madison, WI",2055,2113,2159,5,2141,2204,0,109
2000-01-24,1249,"Chicago, IL",MSN,"Madison, WI",2230,2231,2312,5,2315,2317,0,109
2000-01-24,1581,"Chicago, IL",MSN,"Madison, WI",1410,1411,1447,4,1451,1451,0,109
2000-01-24,367,"Chicago, IL",MSY,"New Orleans, LA",1200,1156,1357,6,1409,1403,0,837
2000-01-24,1789,"Chicago, IL",MSY,"New Orleans, LA",1930,1929,2142,6,2140,2148,0,837
2000-01-24,1867,"Chicago, IL",MSY,"New Orleans, LA",1000,958,1154,5,1211,1159,0,837
2000-01-24,503,"Chicago, IL",PDX,"Portland, OR",1745,1746,2032,3,2007,2035,0,1739
2000-01-24,569,"Chicago, IL",PDX,"Portland, OR",1544,1545,1804,4,1800,1808,0,1739
2000-01-24,577,"Chicago, IL",PDX,"Portland, OR",1914,1909,2148,3,2140,2151,0,1739
2000-01-24,1401,"Chicago, IL",PDX,"Portland, OR",1200,1155,1433,2,1431,1435,0,1739
2000-01-24,1891,"Chicago, IL",PDX,"Portland, OR",945,945,1212,3,1212,1215,0,1739
2000-01-24,749,"Chicago, IL",SAT,"San Antonio, TX",925,956,1215,3,1208,1218,0,1041
2000-01-24,1415,"Chicago, IL",SAT,"San Antonio, TX",1940,1939,2228,5,2224,2233,0,1041
2000-01-24,137,"Chicago, IL",SFO,"San Francisco, CA",1030,"","","",1306,"",1,1846
2000-01-24,139,"Chicago, IL",SFO,"San Francisco, CA",2220,2220,116,9,51,125,0,1846
2000-01-24,141,"Chicago, IL",SFO,"San Francisco, CA",1210,1207,1528,6,1448,1534,0,1846
2000-01-24,143,"Chicago, IL",SFO,"San Francisco, CA",1144,1149,1511,3,1407,1514,0,1846
2000-01-24,145,"Chicago, IL",SFO,"San Francisco, CA",930,926,1216,7,1200,1223,0,1846
2000-01-24,147,"Chicago, IL",SFO,"San Francisco, CA",1530,1531,1818,7,1753,1825,0,1846
2000-01-24,149,"Chicago, IL",SFO,"San Francisco, CA",1805,1805,2105,7,2038,2112,0,1846
2000-01-24,151,"Chicago, IL",SFO,"San Francisco, CA",1920,1930,2232,7,2157,2239,0,1846
2000-01-24,155,"Chicago, IL",SFO,"San Francisco, CA",2030,"","","",2304,"",1,1846
2000-01-24,157,"Chicago, IL",SFO,"San Francisco, CA",800,928,1257,5,1028,1302,0,1846
2000-01-24,525,"Chicago, IL",SFO,"San Francisco, CA",1925,"","","",2205,"",1,1846
2000-01-24,399,"Chicago, IL",SLC,"Salt Lake City, UT",1205,1202,1438,4,1419,1442,0,1249
2000-01-24,533,"Chicago, IL",SLC,"Salt Lake City, UT",1914,1913,2149,3,2123,2152,0,1249
2000-01-24,1439,"Chicago, IL",SLC,"Salt Lake City, UT",914,915,1139,4,1124,1143,0,1249
2000-01-24,1110,"Chicago, IL",TYS,"Knoxville, TN",1314,1315,1538,8,1538,1546,0,475
2000-01-24,1818,"Chicago, IL",TYS,"Knoxville, TN",2120,2119,2340,3,2347,2343,0,475
2000-01-24,352,"Chicago, IL",ALB,"Albany, NY",1320,1325,1616,3,1614,1619,0,723
2000-01-24,1104,"Chicago, IL",ALB,"Albany, NY",620,617,904,3,910,907,0,723
2000-01-24,1454,"Chicago, IL",ALB,"Albany, NY",1720,1718,2011,3,2014,2014,0,723
2000-01-24,364,"Chicago, IL",ATL,"Atlanta, GA",1914,1912,2201,5,2204,2206,0,606
2000-01-24,446,"Chicago, IL",ATL,"Atlanta, GA",925,924,1202,5,1209,1207,0,606
2000-01-24,527,"Chicago, IL",ATL,"Atlanta, GA",2100,2058,2334,5,2345,2339,0,606
2000-01-24,796,"Chicago, IL",ATL,"Atlanta, GA",1330,1401,1658,4,1633,1702,0,606
2000-01-24,1268,"Chicago, IL",ATL,"Atlanta, GA",650,650,934,8,941,942,0,606
2000-01-24,1628,"Chicago, IL",ATL,"Atlanta, GA",1035,1032,1320,4,1324,1324,0,606
2000-01-24,1690,"Chicago, IL",ATL,"Atlanta, GA",1655,1653,1930,6,1948,1936,0,606
2000-01-24,1162,"Chicago, IL",BHM,"Birmingham, AL",2125,2124,2253,5,2306,2258,0,584
2000-01-24,1166,"Chicago, IL",BHM,"Birmingham, AL",900,857,1026,4,1040,1030,0,584
2000-01-24,669,"Chicago, IL",CID,"Cedar Rapids/Iowa City, IA",2230,2228,2318,4,2324,2322,0,196
2000-01-24,681,"Chicago, IL",CID,"Cedar Rapids/Iowa City, IA",1600,1600,1642,3,1655,1645,0,196
2000-01-24,743,"Chicago, IL",CID,"Cedar Rapids/Iowa City, IA",1920,1920,2025,5,2018,2030,0,196
2000-01-24,1823,"Chicago, IL",CID,"Cedar Rapids/Iowa City, IA",1145,1142,1229,4,1241,1233,0,196
2000-01-24,1827,"Chicago, IL",CID,"Cedar Rapids/Iowa City, IA",926,923,1010,4,1022,1014,0,196
2000-01-24,1019,"Chicago, IL",COS,"Colorado Springs, CO",1920,1918,2058,5,2045,2103,0,911
2000-01-24,1785,"Chicago, IL",COS,"Colorado Springs, CO",950,952,1117,6,1121,1123,0,911
2000-01-24,490,"Chicago, IL",CVG,"Cincinnati, OH",739,738,937,6,948,943,0,264
2000-01-24,529,"Chicago, IL",CVG,"Cincinnati, OH",2115,2116,2324,8,2324,2332,0,264
2000-01-24,772,"Chicago, IL",CVG,"Cincinnati, OH",1415,1416,1611,6,1618,1617,0,264
2000-01-24,1140,"Chicago, IL",CVG,"Cincinnati, OH",600,557,756,4,809,800,0,264
2000-01-24,1810,"Chicago, IL",CVG,"Cincinnati, OH",1110,1108,1300,4,1311,1304,0,264
2000-01-24,1892,"Chicago, IL",CVG,"Cincinnati, OH",1655,1749,2001,7,1901,2008,0,264
2000-01-24,241,"Chicago, IL",DEN,"Denver, CO",600,559,722,4,724,726,0,888
2000-01-24,243,"Chicago, IL",DEN,"Denver, CO",700,659,822,7,829,829,0,888
2000-01-24,245,"Chicago, IL",DEN,"Denver, CO",755,754,906,7,923,913,0,888
2000-01-24,247,"Chicago, IL",DEN,"Denver, CO",910,908,1031,8,1038,1039,0,888
2000-01-24,251,"Chicago, IL",DEN,"Denver, CO",945,942,1054,11,1117,1105,0,888
2000-01-24,253,"Chicago, IL",DEN,"Denver, CO",1245,1242,1404,8,1418,1412,0,888
2000-01-24,255,"Chicago, IL",DEN,"Denver, CO",1530,1532,1659,6,1701,1705,0,888
2000-01-24,259,"Chicago, IL",DEN,"Denver, CO",1525,1524,1708,5,1656,1713,0,888
2000-01-24,531,"Chicago, IL",DEN,"Denver, CO",2220,2218,2349,7,2347,2356,0,888
2000-01-24,941,"Chicago, IL",DEN,"Denver, CO",1920,1923,2102,4,2052,2106,0,888
2000-01-24,945,"Chicago, IL",DEN,"Denver, CO",1150,1150,1327,6,1325,1333,0,888
2000-01-24,959,"Chicago, IL",DEN,"Denver, CO",1745,1747,1909,9,1910,1918,0,888
2000-01-24,368,"Chicago, IL",FLL,"Fort Lauderdale, FL",741,741,1152,5,1129,1157,0,1182
2000-01-24,426,"Chicago, IL",FLL,"Fort Lauderdale, FL",2110,2107,41,5,56,46,0,1182
2000-01-24,1948,"Chicago, IL",FLL,"Fort Lauderdale, FL",1415,1412,1755,4,1804,1759,0,1182
2000-01-24,573,"Chicago, IL",IAH,"Houston, TX",914,921,1141,7,1147,1148,0,925
2000-01-24,703,"Chicago, IL",IAH,"Houston, TX",1200,1159,1420,4,1434,1424,0,925
2000-01-24,705,"Chicago, IL",IAH,"Houston, TX",700,740,957,5,932,1002,0,925
2000-01-24,1169,"Chicago, IL",IAH,"Houston, TX",1514,1513,1726,5,1746,1731,0,925
2000-01-24,1897,"Chicago, IL",IAH,"Houston, TX",1925,1923,2144,4,2156,2148,0,925
2000-01-24,1957,"Chicago, IL",IAH,"Houston, TX",1750,1841,2058,6,2021,2104,0,925
2000-01-24,670,"Chicago, IL",LGA,"New York, NY",2100,2100,2355,4,2349,2359,0,733
2000-01-24,672,"Chicago, IL",LGA,"New York, NY",1900,1859,2202,2,2157,2204,0,733
2000-01-24,674,"Chicago, IL",LGA,"New York, NY",1800,1758,2102,11,2058,2113,0,733
2000-01-24,676,"Chicago, IL",LGA,"New York, NY",1700,1740,2026,5,2000,2031,0,733
2000-01-24,678,"Chicago, IL",LGA,"New York, NY",1600,1557,1850,6,1900,1856,0,733
2000-01-24,680,"Chicago, IL",LGA,"New York, NY",1500,"","","",1758,"",1,733
2000-01-24,682,"Chicago, IL",LGA,"New York, NY",1400,1359,1654,3,1700,1657,0,733
2000-01-24,342,"Chicago, IL",MCO,"Orlando, FL",2115,2109,23,7,43,30,0,1005
2000-01-24,1044,"Chicago, IL",MCO,"Orlando, FL",1655,1653,2011,6,2014,2017,0,1005
2000-01-24,1500,"Chicago, IL",MCO,"Orlando, FL",1344,1345,1708,6,1709,1714,0,1005
2000-01-24,1614,"Chicago, IL",MCO,"Orlando, FL",1035,1030,1352,5,1358,1357,0,1005
2000-01-24,1832,"Chicago, IL",MCO,"Orlando, FL",800,805,1149,5,1131,1154,0,1005
2000-01-24,299,"Chicago, IL",MSP,"Minneapolis, MN",1145,1143,1257,4,1303,1301,0,334
2000-01-24,353,"Chicago, IL",MSP,"Minneapolis, MN",744,742,857,3,903,900,0,334
2000-01-24,359,"Chicago, IL",MSP,"Minneapolis, MN",1344,1346,1501,4,1503,1505,0,334
2000-01-24,457,"Chicago, IL",MSP,"Minneapolis, MN",1044,"","","",1202,"",1,334
2000-01-24,583,"Chicago, IL",MSP,"Minneapolis, MN",1544,1546,1700,3,1707,1703,0,334
2000-01-24,599,"Chicago, IL",MSP,"Minneapolis, MN",945,949,1103,3,1104,1106,0,334
2000-01-24,719,"Chicago, IL",MSP,"Minneapolis, MN",1444,"","","",1604,"",1,334
2000-01-24,765,"Chicago, IL",MSP,"Minneapolis, MN",1644,1644,1800,5,1805,1805,0,334
2000-01-24,799,"Chicago, IL",MSP,"Minneapolis, MN",645,645,759,4,808,803,0,334
2000-01-24,1067,"Chicago, IL",MSP,"Minneapolis, MN",1744,1744,1908,3,1912,1911,0,334
2000-01-24,1107,"Chicago, IL",MSP,"Minneapolis, MN",1945,1944,2132,3,2103,2135,0,334
2000-01-24,1139,"Chicago, IL",MSP,"Minneapolis, MN",1845,1843,2003,4,2007,2007,0,334
2000-01-24,1583,"Chicago, IL",MSP,"Minneapolis, MN",1245,1241,1354,2,1404,1356,0,334
2000-01-24,1889,"Chicago, IL",MSP,"Minneapolis, MN",2225,2222,2328,4,2341,2332,0,334
2000-01-24,1917,"Chicago, IL",MSP,"Minneapolis, MN",845,847,959,4,1008,1003,0,334
2000-01-24,535,"Chicago, IL",OMA,"Omaha, NE",1210,1209,1332,3,1334,1335,0,416
2000-01-24,635,"Chicago, IL",OMA,"Omaha, NE",816,841,953,2,940,955,0,416
2000-01-24,775,"Chicago, IL",OMA,"Omaha, NE",1950,1951,2142,4,2117,2146,0,416
2000-01-24,1129,"Chicago, IL",OMA,"Omaha, NE",912,908,1016,4,1031,1020,0,416
2000-01-24,1499,"Chicago, IL",OMA,"Omaha, NE",1540,1536,1655,3,1700,1658,0,416
2000-01-24,1149,"Chicago, IL",ONT,"Ontario, CA",1914,1912,2136,2,2131,2138,0,1700
2000-01-24,1733,"Chicago, IL",ONT,"Ontario, CA",1155,1156,1429,2,1413,1431,0,1700
2000-01-24,1850,"Chicago, IL",PHL,"Philadelphia, PA",600,654,935,6,854,941,0,678
2000-01-24,1852,"Chicago, IL",PHL,"Philadelphia, PA",700,711,950,8,949,958,0,678
2000-01-24,1854,"Chicago, IL",PHL,"Philadelphia, PA",815,811,1053,6,1102,1059,0,678
2000-01-24,1856,"Chicago, IL",PHL,"Philadelphia, PA",900,857,1139,6,1149,1145,0,678
2000-01-24,1858,"Chicago, IL",PHL,"Philadelphia, PA",1000,958,1245,5,1249,1250,0,678
2000-01-24,1860,"Chicago, IL",PHL,"Philadelphia, PA",1100,"","","",1349,"",1,678
2000-01-24,1862,"Chicago, IL",PHL,"Philadelphia, PA",1200,1157,1449,4,1449,1453,0,678
2000-01-24,1864,"Chicago, IL",PHL,"Philadelphia, PA",1310,1306,1546,5,1607,1551,0,678
2000-01-24,1866,"Chicago, IL",PHL,"Philadelphia, PA",1410,1413,1702,7,1706,1709,0,678
2000-01-24,1868,"Chicago, IL",PHL,"Philadelphia, PA",1600,1556,1851,6,1854,1857,0,678
2000-01-24,1872,"Chicago, IL",PHL,"Philadelphia, PA",1700,1658,1943,9,1958,1952,0,678
2000-01-24,1874,"Chicago, IL",PHL,"Philadelphia, PA",1800,1800,2054,5,2050,2059,0,678
2000-01-24,1876,"Chicago, IL",PHL,"Philadelphia, PA",1900,"","","",2150,"",1,678
2000-01-24,1878,"Chicago, IL",PHL,"Philadelphia, PA",2050,2048,2347,5,2334,2352,0,678
2000-01-24,345,"Chicago, IL",PHX,"Phoenix, AZ",1144,1142,1434,2,1423,1436,0,1440
2000-01-24,423,"Chicago, IL",PHX,"Phoenix, AZ",1514,1516,1807,2,1757,1809,0,1440
2000-01-24,667,"Chicago, IL",PHX,"Phoenix, AZ",1935,1933,2237,2,2213,2239,0,1440
2000-01-24,1273,"Chicago, IL",PHX,"Phoenix, AZ",1805,1802,2041,6,2037,2047,0,1440
2000-01-24,1419,"Chicago, IL",PHX,"Phoenix, AZ",920,922,1157,4,1159,1201,0,1440
2000-01-24,1969,"Chicago, IL",PHX,"Phoenix, AZ",750,752,1018,2,1029,1020,0,1440
2000-01-24,546,"Chicago, IL",PVD,"Providence, RI",1714,1710,2014,5,2021,2019,0,849
2000-01-24,1276,"Chicago, IL",PVD,"Providence, RI",850,848,1151,4,1152,1155,0,849
2000-01-24,1734,"Chicago, IL",PVD,"Providence, RI",1308,1311,1617,4,1613,1621,0,849
2000-01-24,798,"Chicago, IL",PWM,"Portland, ME",2045,2044,2353,3,2357,2356,0,900
2000-01-24,1130,"Chicago, IL",PWM,"Portland, ME",1310,1308,1611,3,1619,1614,0,900
2000-01-24,1230,"Chicago, IL",PWM,"Portland, ME",740,738,1044,3,1043,1047,0,900
2000-01-24,586,"Chicago, IL",RDU,"Raleigh/Durham, NC",1330,1328,1627,2,1618,1629,0,647
2000-01-24,588,"Chicago, IL",RDU,"Raleigh/Durham, NC",2100,2117,12,7,2347,19,0,647
2000-01-24,1108,"Chicago, IL",RDU,"Raleigh/Durham, NC",1644,1642,1939,3,1931,1942,0,647
2000-01-24,1114,"Chicago, IL",RDU,"Raleigh/Durham, NC",625,622,915,3,912,918,0,647
2000-01-24,590,"Chicago, IL",SDF,"Louisville, KY",2115,2111,2317,4,2324,2321,0,286
2000-01-24,1650,"Chicago, IL",SDF,"Louisville, KY",1355,1352,1550,7,1602,1557,0,286
2000-01-24,271,"Chicago, IL",SJC,"San Jose, CA",920,923,1215,4,1152,1219,0,1830
2000-01-24,559,"Chicago, IL",SJC,"San Jose, CA",1535,1531,1830,6,1803,1836,0,1830
2000-01-24,661,"Chicago, IL",SJC,"San Jose, CA",1935,1935,2241,7,2209,2248,0,1830
2000-01-24,691,"Chicago, IL",SJC,"San Jose, CA",1205,1236,1508,4,1437,1512,0,1830
2000-01-24,324,"Chicago, IL",TPA,"Tampa, FL",1030,1027,1341,2,1352,1343,0,1012
2000-01-24,1070,"Chicago, IL",TPA,"Tampa, FL",1725,1736,2055,4,2050,2059,0,1012
2000-01-24,1090,"Chicago, IL",TPA,"Tampa, FL",1316,1313,1640,2,1641,1642,0,1012
2000-01-24,1676,"Chicago, IL",TPA,"Tampa, FL",739,737,1111,4,1110,1115,0,1012
2000-01-24,1930,"Chicago, IL",TPA,"Tampa, FL",2115,2113,35,2,45,37,0,1012
2000-01-24,1122,"Chicago, IL",ABE,"Allentown/Bethlehem/Easton, PA",1650,1655,1930,4,1934,1934,0,654
2000-01-24,1656,"Chicago, IL",ABE,"Allentown/Bethlehem/Easton, PA",1410,1409,1652,4,1656,1656,0,654
2000-01-24,373,"Chicago, IL",AUS,"Austin, TX",1914,1911,2148,3,2155,2151,0,978
2000-01-24,589,"Chicago, IL",AUS,"Austin, TX",922,923,1147,3,1202,1150,0,978
2000-01-24,394,"Chicago, IL",BDL,"Hartford, CT",1650,1647,1937,8,1950,1945,0,783
2000-01-24,398,"Chicago, IL",BDL,"Hartford, CT",910,910,1204,7,1204,1211,0,783
2000-01-24,1126,"Chicago, IL",BDL,"Hartford, CT",2050,2047,2349,6,2351,2355,0,783
2000-01-24,1228,"Chicago, IL",BDL,"Hartford, CT",1320,1319,1611,6,1621,1617,0,783
2000-01-24,1404,"Chicago, IL",BDL,"Hartford, CT",1035,1032,1329,6,1332,1335,0,783
2000-01-24,1522,"Chicago, IL",BDL,"Hartford, CT",600,556,851,6,856,857,0,783
2000-01-24,502,"Chicago, IL",BOS,"Boston, MA",644,642,945,12,954,957,0,867
2000-01-24,504,"Chicago, IL",BOS,"Boston, MA",744,747,1048,4,1053,1052,0,867
2000-01-24,506,"Chicago, IL",BOS,"Boston, MA",845,"","","",1154,"",1,867
2000-01-24,508,"Chicago, IL",BOS,"Boston, MA",945,943,1249,4,1254,1253,0,867
2000-01-24,512,"Chicago, IL",BOS,"Boston, MA",1144,1145,1451,5,1457,1456,0,867
2000-01-24,514,"Chicago, IL",BOS,"Boston, MA",1245,1244,1546,4,1554,1550,0,867
2000-01-24,516,"Chicago, IL",BOS,"Boston, MA",1644,"","","",1959,"",1,867
2000-01-24,518,"Chicago, IL",BOS,"Boston, MA",1344,1342,1651,5,1707,1656,0,867
2000-01-24,522,"Chicago, IL",BOS,"Boston, MA",1544,1540,1852,6,1858,1858,0,867
2000-01-24,524,"Chicago, IL",BOS,"Boston, MA",1744,1742,2048,6,2059,2054,0,867
2000-01-24,526,"Chicago, IL",BOS,"Boston, MA",1845,"","","",2156,"",1,867
2000-01-24,528,"Chicago, IL",BOS,"Boston, MA",1444,1439,1756,7,1759,1803,0,867
2000-01-24,884,"Chicago, IL",BOS,"Boston, MA",1044,1042,1345,5,1355,1350,0,867
2000-01-24,1018,"Chicago, IL",BOS,"Boston, MA",2045,2043,2357,3,2355,2400,0,867
2000-01-24,138,"Chicago, IL",CMH,"Columbus, OH",1310,1307,1516,4,1516,1520,0,296
2000-01-24,601,"Chicago, IL",CMH,"Columbus, OH",805,803,1010,5,1010,1015,0,296
2000-01-24,1118,"Chicago, IL",CMH,"Columbus, OH",655,653,851,5,901,856,0,296
2000-01-24,1452,"Chicago, IL",CMH,"Columbus, OH",1105,1103,1300,9,1310,1309,0,296
2000-01-24,1518,"Chicago, IL",CMH,"Columbus, OH",1644,1653,1901,5,1854,1906,0,296
2000-01-24,1548,"Chicago, IL",CMH,"Columbus, OH",2115,2111,2316,7,2325,2323,0,296
2000-01-24,600,"Chicago, IL",DCA,"Washington, DC",630,629,905,3,907,908,0,612
2000-01-24,602,"Chicago, IL",DCA,"Washington, DC",730,729,1001,3,1010,1004,0,612
2000-01-24,604,"Chicago, IL",DCA,"Washington, DC",830,830,1112,2,1111,1114,0,612
2000-01-24,606,"Chicago, IL",DCA,"Washington, DC",930,928,1217,3,1209,1220,0,612
2000-01-24,608,"Chicago, IL",DCA,"Washington, DC",1030,1028,1300,2,1309,1302,0,612
2000-01-24,610,"Chicago, IL",DCA,"Washington, DC",1130,1135,1406,3,1403,1409,0,612
2000-01-24,612,"Chicago, IL",DCA,"Washington, DC",1230,1229,1511,2,1506,1513,0,612
2000-01-24,614,"Chicago, IL",DCA,"Washington, DC",1314,1318,1601,4,1558,1605,0,612
2000-01-24,616,"Chicago, IL",DCA,"Washington, DC",1330,"","","",1617,"",1,612
2000-01-24,618,"Chicago, IL",DCA,"Washington, DC",1430,1450,1733,3,1711,1736,0,612
2000-01-24,620,"Chicago, IL",DCA,"Washington, DC",1530,1543,1824,1,1810,1825,0,612
2000-01-24,622,"Chicago, IL",DCA,"Washington, DC",1630,1634,1914,3,1908,1917,0,612
2000-01-24,624,"Chicago, IL",DCA,"Washington, DC",1700,"","","",1947,"",1,612
2000-01-24,626,"Chicago, IL",DCA,"Washington, DC",1730,1727,2021,3,2016,2024,0,612
2000-01-24,628,"Chicago, IL",DCA,"Washington, DC",1830,1827,2110,5,2108,2115,0,612
2000-01-24,630,"Chicago, IL",DCA,"Washington, DC",1930,1927,2228,3,2208,2231,0,612
2000-01-24,632,"Chicago, IL",DCA,"Washington, DC",2045,2044,2335,4,2323,2339,0,612
2000-01-24,321,"Chicago, IL",DFW,"Dallas/Fort Worth, TX",945,945,1152,4,1208,1156,0,802
2000-01-24,495,"Chicago, IL",DFW,"Dallas/Fort Worth, TX",655,652,853,4,916,857,0,802
2000-01-24,685,"Chicago, IL",DFW,"Dallas/Fort Worth, TX",1405,1403,1615,8,1629,1623,0,802
2000-01-24,789,"Chicago, IL",DFW,"Dallas/Fort Worth, TX",1514,1513,1723,6,1738,1729,0,802
2000-01-24,1115,"Chicago, IL",DFW,"Dallas/Fort Worth, TX",830,829,1031,6,1051,1037,0,802
2000-01-24,1281,"Chicago, IL",DFW,"Dallas/Fort Worth, TX",1800,1758,2007,6,2015,2013,0,802
2000-01-24,1621,"Chicago, IL",DFW,"Dallas/Fort Worth, TX",1925,1923,2153,4,2147,2157,0,802
2000-01-24,1707,"Chicago, IL",DFW,"Dallas/Fort Worth, TX",1155,1152,1416,5,1421,1421,0,802
2000-01-24,634,"Chicago, IL",EWR,"Newark, NJ",630,628,918,6,928,924,0,719
2000-01-24,636,"Chicago, IL",EWR,"Newark, NJ",730,738,1033,6,1027,1039,0,719
2000-01-24,638,"Chicago, IL",EWR,"Newark, NJ",830,828,1116,7,1128,1123,0,719
2000-01-24,640,"Chicago, IL",EWR,"Newark, NJ",930,927,1214,8,1225,1222,0,719
2000-01-24,642,"Chicago, IL",EWR,"Newark, NJ",1030,1027,1321,7,1328,1328,0,719
2000-01-24,644,"Chicago, IL",EWR,"Newark, NJ",1130,1155,1457,10,1429,1507,0,719
2000-01-24,646,"Chicago, IL",EWR,"Newark, NJ",1230,1226,1512,8,1533,1520,0,719
2000-01-24,648,"Chicago, IL",EWR,"Newark, NJ",1330,1326,1647,9,1644,1656,0,719
2000-01-24,652,"Chicago, IL",EWR,"Newark, NJ",1430,1431,1711,14,1738,1725,0,719
2000-01-24,654,"Chicago, IL",EWR,"Newark, NJ",1530,1529,1818,11,1840,1829,0,719
2000-01-24,656,"Chicago, IL",EWR,"Newark, NJ",1644,1643,1929,6,1947,1935,0,719
2000-01-24,658,"Chicago, IL",EWR,"Newark, NJ",1730,1729,2025,11,2033,2036,0,719
2000-01-24,660,"Chicago, IL",EWR,"Newark, NJ",1830,1836,2121,9,2126,2130,0,719
2000-01-24,664,"Chicago, IL",EWR,"Newark, NJ",2045,2044,2335,8,2343,2343,0,719
2000-01-24,561,"Chicago, IL",ICT,"Wichita, KS",1915,1911,2108,3,2104,2111,0,588
2000-01-24,649,"Chicago, IL",ICT,"Wichita, KS",1514,1512,1647,8,1700,1655,0,588
2000-01-24,795,"Chicago, IL",ICT,"Wichita, KS",915,914,1050,4,1104,1054,0,588
2000-01-24,292,"Chicago, IL",IND,"Indianapolis, IN",700,659,841,27,856,908,0,177
2000-01-24,314,"Chicago, IL",IND,"Indianapolis, IN",1655,1651,1833,6,1851,1839,0,177
2000-01-24,500,"Chicago, IL",IND,"Indianapolis, IN",1144,1141,1324,7,1341,1331,0,177
2000-01-24,1590,"Chicago, IL",IND,"Indianapolis, IN",1520,1518,1703,8,1716,1711,0,177
2000-01-24,1608,"Chicago, IL",IND,"Indianapolis, IN",1310,1309,1453,8,1505,1501,0,177
2000-01-24,1758,"Chicago, IL",IND,"Indianapolis, IN",2105,2101,2247,7,2303,2254,0,177
2000-01-24,1808,"Chicago, IL",IND,"Indianapolis, IN",2225,2227,14,7,20,21,0,177
2000-01-24,707,"Chicago, IL",LAS,"Las Vegas, NV",2230,2227,21,5,16,26,0,1515
2000-01-24,711,"Chicago, IL",LAS,"Las Vegas, NV",1935,1937,2147,6,2121,2153,0,1515
2000-01-24,715,"Chicago, IL",LAS,"Las Vegas, NV",1514,1544,1727,5,1656,1732,0,1515
2000-01-24,717,"Chicago, IL",LAS,"Las Vegas, NV",800,810,956,6,936,1002,0,1515
2000-01-24,721,"Chicago, IL",LAS,"Las Vegas, NV",1150,1155,1352,7,1330,1359,0,1515
2000-01-24,101,"Chicago, IL",LAX,"Los Angeles, CA",800,800,1012,8,1021,1020,0,1745
2000-01-24,105,"Chicago, IL",LAX,"Los Angeles, CA",1530,1539,1747,8,1742,1755,0,1745
2000-01-24,107,"Chicago, IL",LAX,"Los Angeles, CA",1630,1628,1844,10,1849,1854,0,1745
2000-01-24,111,"Chicago, IL",LAX,"Los Angeles, CA",1245,1242,1455,8,1508,1503,0,1745
2000-01-24,115,"Chicago, IL",LAX,"Los Angeles, CA",930,929,1138,7,1148,1145,0,1745
2000-01-24,117,"Chicago, IL",LAX,"Los Angeles, CA",1155,1211,1429,9,1411,1438,0,1745
2000-01-24,119,"Chicago, IL",LAX,"Los Angeles, CA",1330,1325,1553,5,1548,1558,0,1745
2000-01-24,121,"Chicago, IL",LAX,"Los Angeles, CA",1430,1426,1645,12,1644,1657,0,1745
2000-01-24,125,"Chicago, IL",LAX,"Los Angeles, CA",1210,1208,1431,7,1433,1438,0,1745
2000-01-24,127,"Chicago, IL",LAX,"Los Angeles, CA",2220,2217,50,8,40,58,0,1745
2000-01-24,129,"Chicago, IL",LAX,"Los Angeles, CA",2030,2036,2254,4,2250,2258,0,1745
2000-01-24,607,"Chicago, IL",LAX,"Los Angeles, CA",1040,1036,1248,7,1303,1255,0,1745
2000-01-24,762,"Chicago, IL",LAX,"Los Angeles, CA",700,658,906,5,917,911,0,1745
2000-01-24,815,"Chicago, IL",LAX,"Los Angeles, CA",1755,1752,2015,8,2012,2023,0,1745
2000-01-24,841,"Chicago, IL",LAX,"Los Angeles, CA",1925,1921,2208,8,2145,2216,0,1745
2000-01-24,953,"Chicago, IL",LAX,"Los Angeles, CA",2000,1958,2243,11,2218,2254,0,1745
2000-01-24,393,"Chicago, IL",MCI,"Kansas City, MO",914,913,1029,3,1034,1032,0,403
2000-01-24,455,"Chicago, IL",MCI,"Kansas City, MO",1144,1203,1318,6,1305,1324,0,403
2000-01-24,1147,"Chicago, IL",MCI,"Kansas City, MO",804,804,915,3,926,918,0,403
2000-01-24,1597,"Chicago, IL",MCI,"Kansas City, MO",1530,1527,1644,2,1651,1646,0,403
2000-01-24,1747,"Chicago, IL",MCI,"Kansas City, MO",1945,1942,2122,3,2112,2125,0,403
2000-01-24,1895,"Chicago, IL",MCI,"Kansas City, MO",1814,1813,1936,3,1941,1939,0,403
2000-01-24,421,"Chicago, IL",MEM,"Memphis, TN",1510,1514,1635,3,1644,1638,0,491
2000-01-24,1151,"Chicago, IL",MEM,"Memphis, TN",920,929,1100,3,1054,1103,0,491
2000-01-24,1795,"Chicago, IL",MEM,"Memphis, TN",1914,1909,2043,4,2049,2047,0,491
2000-01-24,379,"Chicago, IL",OAK,"Oakland, CA",1535,1534,1833,7,1802,1840,0,1836
2000-01-24,469,"Chicago, IL",OAK,"Oakland, CA",1944,1945,2312,7,2223,2319,0,1836
2000-01-24,1455,"Chicago, IL",OAK,"Oakland, CA",928,926,1220,5,1206,1225,0,1836
2000-01-24,556,"Chicago, IL",PIT,"Pittsburgh, PA",739,737,949,6,957,955,0,412
2000-01-24,576,"Chicago, IL",PIT,"Pittsburgh, PA",1040,1046,1255,6,1255,1301,0,412
2000-01-24,582,"Chicago, IL",PIT,"Pittsburgh, PA",1310,1310,1518,5,1530,1523,0,412
2000-01-24,734,"Chicago, IL",PIT,"Pittsburgh, PA",1444,1442,1703,5,1704,1708,0,412
2000-01-24,760,"Chicago, IL",PIT,"Pittsburgh, PA",2055,2130,2335,6,2314,2341,0,412
2000-01-24,1204,"Chicago, IL",PIT,"Pittsburgh, PA",1644,1639,1853,8,1908,1901,0,412
2000-01-24,1174,"Chicago, IL",RSW,"Fort Myers, FL",1455,1453,1821,4,1836,1825,0,1120
2000-01-24,1206,"Chicago, IL",RSW,"Fort Myers, FL",739,748,1137,4,1120,1141,0,1120
2000-01-24,315,"Chicago, IL",SAN,"San Diego, CA",815,812,1013,3,1024,1016,0,1723
2000-01-24,477,"Chicago, IL",SAN,"San Diego, CA",1144,1144,1349,1,1354,1350,0,1723
2000-01-24,741,"Chicago, IL",SAN,"San Diego, CA",937,935,1144,2,1148,1146,0,1723
2000-01-24,929,"Chicago, IL",SAN,"San Diego, CA",1514,1513,1736,2,1727,1738,0,1723
2000-01-24,1121,"Chicago, IL",SAN,"San Diego, CA",1755,1807,2038,3,2009,2041,0,1723
2000-01-24,1277,"Chicago, IL",SAN,"San Diego, CA",1940,1939,2207,2,2155,2209,0,1723
2000-01-24,333,"Chicago, IL",SEA,"Seattle, WA",925,925,1135,3,1146,1138,0,1721
2000-01-24,337,"Chicago, IL",SEA,"Seattle, WA",1914,1910,2154,5,2142,2159,0,1721
2000-01-24,383,"Chicago, IL",SEA,"Seattle, WA",1750,1759,2106,2,2019,2108,0,1721
2000-01-24,537,"Chicago, IL",SEA,"Seattle, WA",2225,2219,19,3,44,22,0,1721
2000-01-24,755,"Chicago, IL",SEA,"Seattle, WA",810,807,1010,5,1031,1015,0,1721
2000-01-24,939,"Chicago, IL",SEA,"Seattle, WA",1144,1143,1405,4,1405,1409,0,1721
2000-01-24,943,"Chicago, IL",SEA,"Seattle, WA",1530,1527,1737,5,1746,1742,0,1721
2000-01-24,1748,"Chicago, IL",SJU,"San Juan, PR",739,748,1404,3,1405,1407,0,2072
2000-01-24,1671,"Chicago, IL",STL,"St. Louis, MO",1520,1518,1628,5,1629,1633,0,258
2000-01-24,356,"Chicago, IL",SYR,"Syracuse, NY",1320,1404,1646,6,1604,1652,0,607
2000-01-24,1498,"Chicago, IL",SYR,"Syracuse, NY",1730,1727,2004,4,2010,2008,0,607
2000-01-24,1620,"Chicago, IL",SYR,"Syracuse, NY",630,738,1007,4,904,1011,0,607
2000-01-24,568,"Chicago, IL",BTV,"Burlington, VT",1810,1809,2056,5,2059,2101,0,763
2000-01-24,1076,"Chicago, IL",BTV,"Burlington, VT",1325,1322,1611,6,1624,1617,0,763
2000-01-24,380,"Chicago, IL",BUF,"Buffalo, NY",1645,1643,1901,3,1908,1904,0,473
2000-01-24,786,"Chicago, IL",BUF,"Buffalo, NY",738,735,950,2,957,952,0,473
2000-01-24,790,"Chicago, IL",BUF,"Buffalo, NY",2100,2058,2327,3,2323,2330,0,473
2000-01-24,1576,"Chicago, IL",BUF,"Buffalo, NY",1450,1446,1703,1,1715,1704,0,473
2000-01-24,1881,"Chicago, IL",BUF,"Buffalo, NY",1105,1102,1312,3,1322,1315,0,473
2000-01-24,240,"Chicago, IL",CLE,"Cleveland, OH",1050,1049,1248,4,1259,1252,0,316
2000-01-24,348,"Chicago, IL",CLE,"Cleveland, OH",1714,1713,1914,5,1933,1919,0,316
2000-01-24,520,"Chicago, IL",CLE,"Cleveland, OH",625,629,900,5,842,905,0,316
2000-01-24,1184,"Chicago, IL",CLE,"Cleveland, OH",1310,1307,1521,6,1527,1527,0,316
2000-01-24,1588,"Chicago, IL",CLE,"Cleveland, OH",2115,2111,2317,4,2328,2321,0,316
2000-01-24,1922,"Chicago, IL",CLE,"Cleveland, OH",744,743,948,5,951,953,0,316
2000-01-24,699,"Chicago, IL",DSM,"Des Moines, IA",815,816,916,3,924,919,0,299
2000-01-24,773,"Chicago, IL",DSM,"Des Moines, IA",1514,1512,1616,4,1623,1620,0,299
2000-01-24,785,"Chicago, IL",DSM,"Des Moines, IA",2230,2233,2356,4,2338,2400,0,299
2000-01-24,1101,"Chicago, IL",DSM,"Des Moines, IA",1930,1926,2047,5,2042,2052,0,299
2000-01-24,1437,"Chicago, IL",DSM,"Des Moines, IA",1210,1206,1318,4,1318,1322,0,299
2000-01-24,1757,"Chicago, IL",DSM,"Des Moines, IA",920,1126,1219,5,1033,1224,0,299
2000-01-24,43,"Chicago, IL",HNL,"Honolulu, HI",1000,958,1443,6,1507,1449,0,4244
2000-01-24,780,"Chicago, IL",HPN,"White Plains, NY",1727,1726,2029,2,2029,2031,0,738
2000-01-24,1200,"Chicago, IL",HPN,"White Plains, NY",1330,1329,1628,11,1635,1639,0,738
2000-01-24,1484,"Chicago, IL",HPN,"White Plains, NY",2045,2043,2350,3,2340,2353,0,738
2000-01-24,1486,"Chicago, IL",HPN,"White Plains, NY",705,704,959,7,1000,1006,0,738
2000-01-24,1488,"Chicago, IL",HPN,"White Plains, NY",1135,1138,1429,4,1429,1433,0,738
2000-01-24,1686,"Chicago, IL",HPN,"White Plains, NY",1614,"","","",1910,"",1,738
2000-01-24,474,"Chicago, IL",IAD,"Washington, DC",1320,1319,1607,7,1612,1614,0,589
2000-01-24,492,"Chicago, IL",IAD,"Washington, DC",1030,1026,1303,6,1312,1309,0,589
2000-01-24,538,"Chicago, IL",IAD,"Washington, DC",805,801,1045,7,1048,1052,0,589
2000-01-24,718,"Chicago, IL",IAD,"Washington, DC",1810,1808,2054,7,2100,2101,0,589
2000-01-24,766,"Chicago, IL",IAD,"Washington, DC",945,942,1231,5,1229,1236,0,589
2000-01-24,882,"Chicago, IL",IAD,"Washington, DC",1714,1715,1950,7,1958,1957,0,589
2000-01-24,1242,"Chicago, IL",IAD,"Washington, DC",600,615,853,4,842,857,0,589
2000-01-24,1246,"Chicago, IL",IAD,"Washington, DC",1450,1447,1722,5,1746,1727,0,589
2000-01-24,1638,"Chicago, IL",IAD,"Washington, DC",2055,2051,2349,11,2340,2400,0,589
2000-01-24,501,"Chicago, IL",JAX,"Jacksonville, FL",820,822,1146,7,1132,1153,0,865
2000-01-24,631,"Chicago, IL",JAX,"Jacksonville, FL",2045,2043,2351,5,2359,2356,0,865
2000-01-24,684,"Chicago, IL",LGA,"New York, NY",1300,1300,1549,6,1554,1555,0,733
2000-01-24,686,"Chicago, IL",LGA,"New York, NY",1200,1154,1454,6,1452,1500,0,733
2000-01-24,690,"Chicago, IL",LGA,"New York, NY",1000,957,1238,4,1250,1242,0,733
2000-01-24,692,"Chicago, IL",LGA,"New York, NY",900,906,1148,4,1155,1152,0,733
2000-01-24,694,"Chicago, IL",LGA,"New York, NY",800,758,1052,4,1100,1056,0,733
2000-01-24,696,"Chicago, IL",LGA,"New York, NY",700,702,952,3,954,955,0,733
2000-01-24,698,"Chicago, IL",LGA,"New York, NY",600,559,847,8,855,855,0,733
2000-01-24,896,"Chicago, IL",LGA,"New York, NY",0,1100,1342,3,0,1345,0,733
2000-01-24,1547,"Chicago, IL",LNK,"Lincoln, NE",1950,1950,2140,3,2115,2143,0,466
2000-01-24,1815,"Chicago, IL",LNK,"Lincoln, NE",912,908,1021,4,1037,1025,0,466
2000-01-24,521,"Chicago, IL",MBS,"Saginaw/Bay City/Midland, MI",1703,1900,2100,2,1900,2102,0,222
2000-01-24,1760,"Chicago, IL",MBS,"Saginaw/Bay City/Midland, MI",1310,1307,1459,3,1507,1502,0,222
2000-01-24,1851,"Chicago, IL",MBS,"Saginaw/Bay City/Midland, MI",815,816,1010,2,1012,1012,0,222
2000-01-24,1902,"Chicago, IL",MBS,"Saginaw/Bay City/Midland, MI",2115,2110,2302,2,2313,2304,0,222
2000-01-24,562,"Chicago, IL",MHT,"Manchester, NH",2057,2056,2359,3,2359,2,0,843
2000-01-24,1024,"Chicago, IL",MHT,"Manchester, NH",1309,1308,1602,5,1614,1607,0,843
2000-01-24,1048,"Chicago, IL",MHT,"Manchester, NH",1644,1716,2016,4,1949,2020,0,843
2000-01-24,330,"Chicago, IL",ORF,"Norfolk, VA",1314,1313,1628,4,1612,1632,0,717
2000-01-24,532,"Chicago, IL",ORF,"Norfolk, VA",1725,1726,2036,5,2020,2041,0,717
2000-01-24,1198,"Chicago, IL",ORF,"Norfolk, VA",825,823,1123,4,1121,1127,0,717
2000-01-24,142,"Chicago, IL",PBI,"West Palm Beach/Palm Beach, FL",1950,1949,2331,5,2329,2336,0,1144
2000-01-24,639,"Chicago, IL",PBI,"West Palm Beach/Palm Beach, FL",1030,1027,1406,3,1409,1409,0,1144
2000-01-24,282,"Chicago, IL",RIC,"Richmond, VA",625,622,904,3,912,907,0,642
2000-01-24,1606,"Chicago, IL",RIC,"Richmond, VA",1314,1317,1606,3,1603,1609,0,642
2000-01-24,1824,"Chicago, IL",RIC,"Richmond, VA",1720,1729,2031,4,2009,2035,0,642
2000-01-24,386,"Chicago, IL",ROC,"Rochester, NY",2125,2139,2355,3,2359,2358,0,528
2000-01-24,438,"Chicago, IL",ROC,"Rochester, NY",1705,1705,1923,7,1939,1930,0,528
2000-01-24,550,"Chicago, IL",ROC,"Rochester, NY",1040,1037,1301,6,1309,1307,0,528
2000-01-24,1194,"Chicago, IL",ROC,"Rochester, NY",700,659,929,8,930,937,0,528
2000-01-24,1456,"Chicago, IL",ROC,"Rochester, NY",1440,1441,1702,6,1711,1708,0,528
2000-01-24,381,"Chicago, IL",SMF,"Sacramento, CA",915,911,1213,3,1147,1216,0,1781
2000-01-24,483,"Chicago, IL",SMF,"Sacramento, CA",1914,1913,2234,4,2145,2238,0,1781
2000-01-24,621,"Chicago, IL",SMF,"Sacramento, CA",1545,1544,1851,4,1814,1855,0,1781
2000-01-24,1405,"Chicago, IL",SMF,"Sacramento, CA",1144,1145,1459,3,1408,1502,0,1781
2000-01-24,303,"Chicago, IL",SNA,"Santa Ana, CA",1525,1521,1735,4,1737,1739,0,1726
2000-01-24,365,"Chicago, IL",SNA,"Santa Ana, CA",1144,1140,1349,4,1357,1353,0,1726
2000-01-24,473,"Chicago, IL",SNA,"Santa Ana, CA",1945,1943,2220,14,2200,2234,0,1726
2000-01-24,1075,"Chicago, IL",SNA,"Santa Ana, CA",1745,1754,2027,6,2000,2033,0,1726
2000-01-24,1543,"Chicago, IL",SNA,"Santa Ana, CA",914,913,1135,4,1127,1139,0,1726
2000-01-24,285,"Chicago, IL",STL,"St. Louis, MO",739,737,830,5,849,835,0,258
2000-01-24,609,"Chicago, IL",STL,"St. Louis, MO",1144,1145,1240,4,1253,1244,0,258
2000-01-24,779,"Chicago, IL",STL,"St. Louis, MO",1925,1921,2033,7,2036,2040,0,258
2000-01-25,568,"Chicago, IL",BTV,"Burlington, VT",1810,"","","",2059,"",1,763
2000-01-25,1076,"Chicago, IL",BTV,"Burlington, VT",1325,1326,1616,4,1624,1620,0,763
2000-01-25,380,"Chicago, IL",BUF,"Buffalo, NY",1644,1642,1856,6,1907,1902,0,473
2000-01-25,786,"Chicago, IL",BUF,"Buffalo, NY",738,741,959,3,957,1002,0,473
2000-01-25,790,"Chicago, IL",BUF,"Buffalo, NY",2100,2111,2328,3,2323,2331,0,473
2000-01-25,1576,"Chicago, IL",BUF,"Buffalo, NY",1450,1448,1703,5,1715,1708,0,473
2000-01-25,1881,"Chicago, IL",BUF,"Buffalo, NY",1105,1124,1334,3,1322,1337,0,473
2000-01-25,240,"Chicago, IL",CLE,"Cleveland, OH",1050,1048,1252,4,1259,1256,0,316
2000-01-25,348,"Chicago, IL",CLE,"Cleveland, OH",1714,1802,2028,5,1933,2033,0,316
2000-01-25,520,"Chicago, IL",CLE,"Cleveland, OH",625,636,836,5,842,841,0,316
2000-01-25,1184,"Chicago, IL",CLE,"Cleveland, OH",1310,1305,1514,5,1527,1519,0,316
2000-01-25,1588,"Chicago, IL",CLE,"Cleveland, OH",2115,2127,2333,4,2328,2337,0,316
2000-01-25,1922,"Chicago, IL",CLE,"Cleveland, OH",744,740,945,5,951,950,0,316
2000-01-25,699,"Chicago, IL",DSM,"Des Moines, IA",815,813,914,7,924,921,0,299
2000-01-25,773,"Chicago, IL",DSM,"Des Moines, IA",1514,1514,1614,4,1623,1618,0,299
2000-01-25,785,"Chicago, IL",DSM,"Des Moines, IA",2230,2224,2326,3,2338,2329,0,299
2000-01-25,1101,"Chicago, IL",DSM,"Des Moines, IA",1930,1926,2029,5,2042,2034,0,299
2000-01-25,1437,"Chicago, IL",DSM,"Des Moines, IA",1210,1208,1325,7,1318,1332,0,299
2000-01-25,1757,"Chicago, IL",DSM,"Des Moines, IA",920,917,1021,5,1033,1026,0,299
2000-01-25,43,"Chicago, IL",HNL,"Honolulu, HI",1000,953,1520,4,1507,1524,0,4244
2000-01-25,780,"Chicago, IL",HPN,"White Plains, NY",1727,"","","",2029,"",1,738
2000-01-25,1200,"Chicago, IL",HPN,"White Plains, NY",1330,"","","",1635,"",1,738
2000-01-25,1484,"Chicago, IL",HPN,"White Plains, NY",2045,"","","",2340,"",1,738
2000-01-25,1486,"Chicago, IL",HPN,"White Plains, NY",705,"","","",1000,"",1,738
2000-01-25,1488,"Chicago, IL",HPN,"White Plains, NY",1135,"","","",1429,"",1,738
2000-01-25,1686,"Chicago, IL",HPN,"White Plains, NY",1614,"","","",1910,"",1,738
2000-01-25,474,"Chicago, IL",IAD,"Washington, DC",1320,"","","",1612,"",1,589
2000-01-25,492,"Chicago, IL",IAD,"Washington, DC",1030,"","","",1312,"",1,589
2000-01-25,538,"Chicago, IL",IAD,"Washington, DC",805,"","","",1048,"",1,589
2000-01-25,718,"Chicago, IL",IAD,"Washington, DC",1810,"","","",2100,"",1,589
2000-01-25,766,"Chicago, IL",IAD,"Washington, DC",945,"","","",1229,"",1,589
2000-01-25,882,"Chicago, IL",IAD,"Washington, DC",1714,"","","",1958,"",1,589
2000-01-25,1242,"Chicago, IL",IAD,"Washington, DC",600,"","","",842,"",1,589
2000-01-25,1246,"Chicago, IL",IAD,"Washington, DC",1450,"","","",1746,"",1,589
2000-01-25,1638,"Chicago, IL",IAD,"Washington, DC",2055,"","","",2340,"",1,589
2000-01-25,501,"Chicago, IL",JAX,"Jacksonville, FL",820,820,1123,5,1132,1128,0,865
2000-01-25,631,"Chicago, IL",JAX,"Jacksonville, FL",2045,2043,2334,3,2359,2337,0,865
2000-01-25,684,"Chicago, IL",LGA,"New York, NY",1300,"","","",1554,"",1,733
2000-01-25,686,"Chicago, IL",LGA,"New York, NY",1200,"","","",1452,"",1,733
2000-01-25,690,"Chicago, IL",LGA,"New York, NY",1000,"","","",1250,"",1,733
2000-01-25,692,"Chicago, IL",LGA,"New York, NY",900,"","","",1155,"",1,733
2000-01-25,694,"Chicago, IL",LGA,"New York, NY",800,"","","",1100,"",1,733
2000-01-25,696,"Chicago, IL",LGA,"New York, NY",700,"","","",954,"",1,733
2000-01-25,698,"Chicago, IL",LGA,"New York, NY",600,"","","",855,"",1,733
2000-01-25,896,"Chicago, IL",LGA,"New York, NY",0,"","","",0,"",1,733
2000-01-25,1547,"Chicago, IL",LNK,"Lincoln, NE",1950,1947,2113,3,2115,2116,0,466
2000-01-25,1815,"Chicago, IL",LNK,"Lincoln, NE",912,911,1030,3,1037,1033,0,466
2000-01-25,521,"Chicago, IL",MBS,"Saginaw/Bay City/Midland, MI",1703,1700,1854,6,1900,1900,0,222
2000-01-25,1760,"Chicago, IL",MBS,"Saginaw/Bay City/Midland, MI",1310,1314,1507,6,1507,1513,0,222
2000-01-25,1851,"Chicago, IL",MBS,"Saginaw/Bay City/Midland, MI",815,826,1016,3,1012,1019,0,222
2000-01-25,1902,"Chicago, IL",MBS,"Saginaw/Bay City/Midland, MI",2115,2115,2307,5,2313,2312,0,222
2000-01-25,562,"Chicago, IL",MHT,"Manchester, NH",2057,"","","",2359,"",1,843
2000-01-25,1024,"Chicago, IL",MHT,"Manchester, NH",1309,"","","",1614,"",1,843
2000-01-25,1048,"Chicago, IL",MHT,"Manchester, NH",1644,1647,1953,7,1949,2000,0,843
2000-01-25,330,"Chicago, IL",ORF,"Norfolk, VA",1314,"","","",1612,"",1,717
2000-01-25,532,"Chicago, IL",ORF,"Norfolk, VA",1725,"","","",2020,"",1,717
2000-01-25,1198,"Chicago, IL",ORF,"Norfolk, VA",825,"","","",1121,"",1,717
2000-01-25,142,"Chicago, IL",PBI,"West Palm Beach/Palm Beach, FL",1950,1949,2315,5,2329,2320,0,1144
2000-01-25,639,"Chicago, IL",PBI,"West Palm Beach/Palm Beach, FL",1030,1037,1352,2,1409,1354,0,1144
2000-01-25,282,"Chicago, IL",RIC,"Richmond, VA",625,"","","",912,"",1,642
2000-01-25,1606,"Chicago, IL",RIC,"Richmond, VA",1314,"","","",1603,"",1,642
2000-01-25,1824,"Chicago, IL",RIC,"Richmond, VA",1720,"","","",2009,"",1,642
2000-01-25,386,"Chicago, IL",ROC,"Rochester, NY",2125,2204,28,6,2359,34,0,528
2000-01-25,438,"Chicago, IL",ROC,"Rochester, NY",1705,1701,1926,4,1939,1930,0,528
2000-01-25,550,"Chicago, IL",ROC,"Rochester, NY",1040,1039,1305,9,1309,1314,0,528
2000-01-25,1194,"Chicago, IL",ROC,"Rochester, NY",700,655,922,8,930,930,0,528
2000-01-25,1456,"Chicago, IL",ROC,"Rochester, NY",1440,1439,1656,4,1711,1700,0,528
2000-01-25,381,"Chicago, IL",SMF,"Sacramento, CA",915,911,1203,3,1147,1206,0,1781
2000-01-25,483,"Chicago, IL",SMF,"Sacramento, CA",1914,1915,2153,5,2145,2158,0,1781
2000-01-25,621,"Chicago, IL",SMF,"Sacramento, CA",1545,1542,1827,5,1814,1832,0,1781
2000-01-25,1405,"Chicago, IL",SMF,"Sacramento, CA",1144,1141,1409,4,1408,1413,0,1781
2000-01-25,303,"Chicago, IL",SNA,"Santa Ana, CA",1525,1528,1757,5,1737,1802,0,1726
2000-01-25,365,"Chicago, IL",SNA,"Santa Ana, CA",1144,1144,1356,4,1357,1400,0,1726
2000-01-25,473,"Chicago, IL",SNA,"Santa Ana, CA",1944,1940,2203,8,2159,2211,0,1726
2000-01-25,1075,"Chicago, IL",SNA,"Santa Ana, CA",1745,1803,2018,5,2000,2023,0,1726
2000-01-25,1543,"Chicago, IL",SNA,"Santa Ana, CA",914,912,1131,5,1127,1136,0,1726
2000-01-25,285,"Chicago, IL",STL,"St. Louis, MO",739,738,831,3,849,834,0,258
2000-01-25,609,"Chicago, IL",STL,"St. Louis, MO",1144,1143,1300,4,1253,1304,0,258
2000-01-25,779,"Chicago, IL",STL,"St. Louis, MO",1925,1923,2021,5,2036,2026,0,258
2000-01-25,1122,"Chicago, IL",ABE,"Allentown/Bethlehem/Easton, PA",1650,"","","",1934,"",1,654
2000-01-25,1656,"Chicago, IL",ABE,"Allentown/Bethlehem/Easton, PA",1410,"","","",1656,"",1,654
2000-01-25,373,"Chicago, IL",AUS,"Austin, TX",1914,1910,2129,4,2155,2133,0,978
2000-01-25,589,"Chicago, IL",AUS,"Austin, TX",922,921,1137,3,1202,1140,0,978
2000-01-25,394,"Chicago, IL",BDL,"Hartford, CT",1650,"","","",1950,"",1,783
2000-01-25,398,"Chicago, IL",BDL,"Hartford, CT",910,"","","",1204,"",1,783
2000-01-25,1126,"Chicago, IL",BDL,"Hartford, CT",2050,"","","",2351,"",1,783
2000-01-25,1228,"Chicago, IL",BDL,"Hartford, CT",1320,"","","",1621,"",1,783
2000-01-25,1404,"Chicago, IL",BDL,"Hartford, CT",1035,"","","",1332,"",1,783
2000-01-25,1522,"Chicago, IL",BDL,"Hartford, CT",600,"","","",856,"",1,783
2000-01-25,502,"Chicago, IL",BOS,"Boston, MA",645,647,1134,40,956,1214,0,867
2000-01-25,504,"Chicago, IL",BOS,"Boston, MA",744,748,1125,13,1053,1138,0,867
2000-01-25,506,"Chicago, IL",BOS,"Boston, MA",845,"","","",1154,"",1,867
2000-01-25,508,"Chicago, IL",BOS,"Boston, MA",945,"","","",1254,"",1,867
2000-01-25,512,"Chicago, IL",BOS,"Boston, MA",1144,"","","",1457,"",1,867
2000-01-25,514,"Chicago, IL",BOS,"Boston, MA",1245,"","","",1554,"",1,867
2000-01-25,516,"Chicago, IL",BOS,"Boston, MA",1644,"","","",1959,"",1,867
2000-01-25,518,"Chicago, IL",BOS,"Boston, MA",1344,"","","",1707,"",1,867
2000-01-25,522,"Chicago, IL",BOS,"Boston, MA",1544,"","","",1858,"",1,867
2000-01-25,524,"Chicago, IL",BOS,"Boston, MA",1744,"","","",2059,"",1,867
2000-01-25,526,"Chicago, IL",BOS,"Boston, MA",1845,"","","",2156,"",1,867
2000-01-25,528,"Chicago, IL",BOS,"Boston, MA",1444,"","","",1759,"",1,867
2000-01-25,884,"Chicago, IL",BOS,"Boston, MA",1044,"","","",1355,"",1,867
2000-01-25,1018,"Chicago, IL",BOS,"Boston, MA",2045,"","","",2355,"",1,867
2000-01-25,138,"Chicago, IL",CMH,"Columbus, OH",1310,1309,1520,7,1516,1527,0,296
2000-01-25,601,"Chicago, IL",CMH,"Columbus, OH",805,811,1012,4,1010,1016,0,296
2000-01-25,1118,"Chicago, IL",CMH,"Columbus, OH",655,701,905,5,901,910,0,296
2000-01-25,1452,"Chicago, IL",CMH,"Columbus, OH",1105,1249,1444,4,1310,1448,0,296
2000-01-25,1518,"Chicago, IL",CMH,"Columbus, OH",1644,1650,1902,5,1854,1907,0,296
2000-01-25,1548,"Chicago, IL",CMH,"Columbus, OH",2115,2112,2316,7,2325,2323,0,296
2000-01-25,600,"Chicago, IL",DCA,"Washington, DC",630,"","","",907,"",1,612
2000-01-25,602,"Chicago, IL",DCA,"Washington, DC",730,"","","",1010,"",1,612
2000-01-25,604,"Chicago, IL",DCA,"Washington, DC",830,"","","",1111,"",1,612
2000-01-25,606,"Chicago, IL",DCA,"Washington, DC",930,"","","",1209,"",1,612
2000-01-25,608,"Chicago, IL",DCA,"Washington, DC",1030,"","","",1309,"",1,612
2000-01-25,610,"Chicago, IL",DCA,"Washington, DC",1130,"","","",1403,"",1,612
2000-01-25,612,"Chicago, IL",DCA,"Washington, DC",1230,"","","",1506,"",1,612
2000-01-25,614,"Chicago, IL",DCA,"Washington, DC",1314,"","","",1558,"",1,612
2000-01-25,616,"Chicago, IL",DCA,"Washington, DC",1330,"","","",1617,"",1,612
2000-01-25,618,"Chicago, IL",DCA,"Washington, DC",1430,"","","",1711,"",1,612
2000-01-25,620,"Chicago, IL",DCA,"Washington, DC",1530,"","","",1810,"",1,612
2000-01-25,622,"Chicago, IL",DCA,"Washington, DC",1630,"","","",1908,"",1,612
2000-01-25,624,"Chicago, IL",DCA,"Washington, DC",1700,"","","",1947,"",1,612
2000-01-25,626,"Chicago, IL",DCA,"Washington, DC",1730,"","","",2016,"",1,612
2000-01-25,628,"Chicago, IL",DCA,"Washington, DC",1830,"","","",2108,"",1,612
2000-01-25,630,"Chicago, IL",DCA,"Washington, DC",1930,"","","",2208,"",1,612
2000-01-25,632,"Chicago, IL",DCA,"Washington, DC",2045,"","","",2323,"",1,612
2000-01-25,321,"Chicago, IL",DFW,"Dallas/Fort Worth, TX",945,1018,1219,4,1208,1223,0,802
2000-01-25,495,"Chicago, IL",DFW,"Dallas/Fort Worth, TX",655,653,851,3,916,854,0,802
2000-01-25,685,"Chicago, IL",DFW,"Dallas/Fort Worth, TX",1405,1359,1601,10,1629,1611,0,802
2000-01-25,789,"Chicago, IL",DFW,"Dallas/Fort Worth, TX",1514,1512,1718,11,1738,1729,0,802
2000-01-25,1115,"Chicago, IL",DFW,"Dallas/Fort Worth, TX",830,"","","",1051,"",1,802
2000-01-25,1281,"Chicago, IL",DFW,"Dallas/Fort Worth, TX",1800,1758,1951,4,2015,1955,0,802
2000-01-25,1621,"Chicago, IL",DFW,"Dallas/Fort Worth, TX",1925,1929,2136,3,2147,2139,0,802
2000-01-25,1707,"Chicago, IL",DFW,"Dallas/Fort Worth, TX",1155,1154,1407,5,1421,1412,0,802
2000-01-25,634,"Chicago, IL",EWR,"Newark, NJ",630,"","","",928,"",1,719
2000-01-25,636,"Chicago, IL",EWR,"Newark, NJ",730,"","","",1027,"",1,719
2000-01-25,638,"Chicago, IL",EWR,"Newark, NJ",830,"","","",1128,"",1,719
2000-01-25,640,"Chicago, IL",EWR,"Newark, NJ",930,"","","",1225,"",1,719
2000-01-25,642,"Chicago, IL",EWR,"Newark, NJ",1030,"","","",1328,"",1,719
2000-01-25,644,"Chicago, IL",EWR,"Newark, NJ",1130,"","","",1429,"",1,719
2000-01-25,646,"Chicago, IL",EWR,"Newark, NJ",1230,"","","",1533,"",1,719
2000-01-25,648,"Chicago, IL",EWR,"Newark, NJ",1330,"","","",1644,"",1,719
2000-01-25,652,"Chicago, IL",EWR,"Newark, NJ",1430,"","","",1738,"",1,719
2000-01-25,654,"Chicago, IL",EWR,"Newark, NJ",1530,"","","",1840,"",1,719
2000-01-25,656,"Chicago, IL",EWR,"Newark, NJ",1644,"","","",1947,"",1,719
2000-01-25,658,"Chicago, IL",EWR,"Newark, NJ",1730,"","","",2033,"",1,719
2000-01-25,660,"Chicago, IL",EWR,"Newark, NJ",1830,"","","",2126,"",1,719
2000-01-25,664,"Chicago, IL",EWR,"Newark, NJ",2045,"","","",2343,"",1,719
2000-01-25,561,"Chicago, IL",ICT,"Wichita, KS",1915,1914,2042,5,2104,2047,0,588
2000-01-25,649,"Chicago, IL",ICT,"Wichita, KS",1514,1511,1641,5,1700,1646,0,588
2000-01-25,795,"Chicago, IL",ICT,"Wichita, KS",915,915,1057,3,1104,1100,0,588
2000-01-25,292,"Chicago, IL",IND,"Indianapolis, IN",700,702,851,10,856,901,0,177
2000-01-25,314,"Chicago, IL",IND,"Indianapolis, IN",1655,1701,1845,4,1851,1849,0,177
2000-01-25,500,"Chicago, IL",IND,"Indianapolis, IN",1144,1141,1333,4,1341,1337,0,177
2000-01-25,1590,"Chicago, IL",IND,"Indianapolis, IN",1520,1520,1710,3,1716,1713,0,177
2000-01-25,1608,"Chicago, IL",IND,"Indianapolis, IN",1310,1307,1451,3,1505,1454,0,177
2000-01-25,1758,"Chicago, IL",IND,"Indianapolis, IN",2105,2103,2253,7,2303,2300,0,177
2000-01-25,1808,"Chicago, IL",IND,"Indianapolis, IN",2225,2224,8,7,20,15,0,177
2000-01-25,707,"Chicago, IL",LAS,"Las Vegas, NV",2230,"","","",16,"",1,1515
2000-01-25,711,"Chicago, IL",LAS,"Las Vegas, NV",1935,1936,2136,5,2121,2141,0,1515
2000-01-25,715,"Chicago, IL",LAS,"Las Vegas, NV",1514,1523,1712,6,1656,1718,0,1515
2000-01-25,717,"Chicago, IL",LAS,"Las Vegas, NV",800,759,940,4,936,944,0,1515
2000-01-25,721,"Chicago, IL",LAS,"Las Vegas, NV",1150,1146,1332,6,1330,1338,0,1515
2000-01-25,101,"Chicago, IL",LAX,"Los Angeles, CA",800,759,1044,13,1021,1057,0,1745
2000-01-25,105,"Chicago, IL",LAX,"Los Angeles, CA",1530,1530,1802,10,1742,1812,0,1745
2000-01-25,107,"Chicago, IL",LAX,"Los Angeles, CA",1630,1628,1857,4,1849,1901,0,1745
2000-01-25,111,"Chicago, IL",LAX,"Los Angeles, CA",1245,1243,1500,4,1508,1504,0,1745
2000-01-25,115,"Chicago, IL",LAX,"Los Angeles, CA",930,940,1222,16,1148,1238,0,1745
2000-01-25,117,"Chicago, IL",LAX,"Los Angeles, CA",1155,1151,1432,5,1409,1437,0,1745
2000-01-25,119,"Chicago, IL",LAX,"Los Angeles, CA",1330,1331,1557,5,1550,1602,0,1745
2000-01-25,121,"Chicago, IL",LAX,"Los Angeles, CA",1430,1430,1654,8,1644,1702,0,1745
2000-01-25,125,"Chicago, IL",LAX,"Los Angeles, CA",1210,1207,1446,5,1433,1451,0,1745
2000-01-25,127,"Chicago, IL",LAX,"Los Angeles, CA",2220,2221,46,10,40,56,0,1745
2000-01-25,129,"Chicago, IL",LAX,"Los Angeles, CA",2030,"","","",2250,"",1,1745
2000-01-25,607,"Chicago, IL",LAX,"Los Angeles, CA",1040,1039,1309,7,1303,1316,0,1745
2000-01-25,762,"Chicago, IL",LAX,"Los Angeles, CA",700,700,923,6,917,929,0,1745
2000-01-25,815,"Chicago, IL",LAX,"Los Angeles, CA",1755,1753,2027,22,2012,2049,0,1745
2000-01-25,841,"Chicago, IL",LAX,"Los Angeles, CA",1925,1924,2155,5,2145,2200,0,1745
2000-01-25,953,"Chicago, IL",LAX,"Los Angeles, CA",2000,1957,2211,8,2218,2219,0,1745
2000-01-25,393,"Chicago, IL",MCI,"Kansas City, MO",914,913,1028,4,1034,1032,0,403
2000-01-25,455,"Chicago, IL",MCI,"Kansas City, MO",1144,1228,1331,5,1305,1336,0,403
2000-01-25,1147,"Chicago, IL",MCI,"Kansas City, MO",804,814,922,5,926,927,0,403
2000-01-25,1597,"Chicago, IL",MCI,"Kansas City, MO",1530,1529,1638,5,1651,1643,0,403
2000-01-25,1747,"Chicago, IL",MCI,"Kansas City, MO",1945,1945,2101,6,2112,2107,0,403
2000-01-25,1895,"Chicago, IL",MCI,"Kansas City, MO",1814,1810,1921,6,1941,1927,0,403
2000-01-25,421,"Chicago, IL",MEM,"Memphis, TN",1510,1509,1623,3,1644,1626,0,491
2000-01-25,1151,"Chicago, IL",MEM,"Memphis, TN",920,918,1046,4,1054,1050,0,491
2000-01-25,1795,"Chicago, IL",MEM,"Memphis, TN",1914,1913,2028,3,2049,2031,0,491
2000-01-25,379,"Chicago, IL",OAK,"Oakland, CA",1535,1532,1811,5,1802,1816,0,1836
2000-01-25,469,"Chicago, IL",OAK,"Oakland, CA",1944,1945,2223,6,2223,2229,0,1836
2000-01-25,1455,"Chicago, IL",OAK,"Oakland, CA",928,928,1214,5,1206,1219,0,1836
2000-01-25,556,"Chicago, IL",PIT,"Pittsburgh, PA",739,738,949,6,957,955,0,412
2000-01-25,576,"Chicago, IL",PIT,"Pittsburgh, PA",1040,"","","",1255,"",1,412
2000-01-25,582,"Chicago, IL",PIT,"Pittsburgh, PA",1310,1312,1526,4,1530,1530,0,412
2000-01-25,734,"Chicago, IL",PIT,"Pittsburgh, PA",1444,1443,1704,5,1704,1709,0,412
2000-01-25,760,"Chicago, IL",PIT,"Pittsburgh, PA",2055,2049,2309,6,2314,2315,0,412
2000-01-25,1204,"Chicago, IL",PIT,"Pittsburgh, PA",1644,1647,1855,5,1908,1900,0,412
2000-01-25,1174,"Chicago, IL",RSW,"Fort Myers, FL",1455,1508,1824,4,1836,1828,0,1120
2000-01-25,1206,"Chicago, IL",RSW,"Fort Myers, FL",739,738,1107,3,1120,1110,0,1120
2000-01-25,315,"Chicago, IL",SAN,"San Diego, CA",815,814,1029,3,1024,1032,0,1723
2000-01-25,477,"Chicago, IL",SAN,"San Diego, CA",1144,1204,1417,2,1354,1419,0,1723
2000-01-25,741,"Chicago, IL",SAN,"San Diego, CA",937,933,1141,3,1148,1144,0,1723
2000-01-25,929,"Chicago, IL",SAN,"San Diego, CA",1514,1512,1722,1,1727,1723,0,1723
2000-01-25,1121,"Chicago, IL",SAN,"San Diego, CA",1755,1755,2015,5,2009,2020,0,1723
2000-01-25,1277,"Chicago, IL",SAN,"San Diego, CA",1940,1940,2205,4,2155,2209,0,1723
2000-01-25,333,"Chicago, IL",SEA,"Seattle, WA",925,923,1135,4,1146,1139,0,1721
2000-01-25,337,"Chicago, IL",SEA,"Seattle, WA",1914,1913,2129,6,2142,2135,0,1721
2000-01-25,383,"Chicago, IL",SEA,"Seattle, WA",1750,1804,2017,5,2019,2022,0,1721
2000-01-25,537,"Chicago, IL",SEA,"Seattle, WA",2225,2220,23,4,44,27,0,1721
2000-01-25,755,"Chicago, IL",SEA,"Seattle, WA",810,808,1012,5,1031,1017,0,1721
2000-01-25,939,"Chicago, IL",SEA,"Seattle, WA",1144,1156,1407,5,1405,1412,0,1721
2000-01-25,943,"Chicago, IL",SEA,"Seattle, WA",1530,1540,1738,5,1746,1743,0,1721
2000-01-25,1748,"Chicago, IL",SJU,"San Juan, PR",739,738,1348,6,1405,1354,0,2072
2000-01-25,1671,"Chicago, IL",STL,"St. Louis, MO",1520,1538,1637,3,1629,1640,0,258
2000-01-25,356,"Chicago, IL",SYR,"Syracuse, NY",1320,1317,1556,8,1604,1604,0,607
2000-01-25,1498,"Chicago, IL",SYR,"Syracuse, NY",1730,1731,2009,6,2010,2015,0,607
2000-01-25,1620,"Chicago, IL",SYR,"Syracuse, NY",630,629,859,4,904,903,0,607
2000-01-25,352,"Chicago, IL",ALB,"Albany, NY",1320,"","","",1614,"",1,723
2000-01-25,1104,"Chicago, IL",ALB,"Albany, NY",620,618,909,4,910,913,0,723
2000-01-25,1454,"Chicago, IL",ALB,"Albany, NY",1720,"","","",2014,"",1,723
2000-01-25,364,"Chicago, IL",ATL,"Atlanta, GA",1914,1914,2153,8,2204,2201,0,606
2000-01-25,446,"Chicago, IL",ATL,"Atlanta, GA",925,924,1153,4,1209,1157,0,606
2000-01-25,527,"Chicago, IL",ATL,"Atlanta, GA",2100,2059,2330,7,2345,2337,0,606
2000-01-25,796,"Chicago, IL",ATL,"Atlanta, GA",1330,1330,1613,5,1633,1618,0,606
2000-01-25,1268,"Chicago, IL",ATL,"Atlanta, GA",650,650,920,5,941,925,0,606
2000-01-25,1628,"Chicago, IL",ATL,"Atlanta, GA",1035,1038,1307,9,1324,1316,0,606
2000-01-25,1690,"Chicago, IL",ATL,"Atlanta, GA",1655,1655,1930,4,1948,1934,0,606
2000-01-25,1162,"Chicago, IL",BHM,"Birmingham, AL",2125,2123,2249,3,2306,2252,0,584
2000-01-25,1166,"Chicago, IL",BHM,"Birmingham, AL",900,859,1029,3,1040,1032,0,584
2000-01-25,669,"Chicago, IL",CID,"Cedar Rapids/Iowa City, IA",2230,2226,2314,4,2324,2318,0,196
2000-01-25,681,"Chicago, IL",CID,"Cedar Rapids/Iowa City, IA",1600,1556,1637,3,1655,1640,0,196
2000-01-25,743,"Chicago, IL",CID,"Cedar Rapids/Iowa City, IA",1920,1917,2012,5,2018,2017,0,196
2000-01-25,1823,"Chicago, IL",CID,"Cedar Rapids/Iowa City, IA",1145,1142,1252,4,1241,1256,0,196
2000-01-25,1827,"Chicago, IL",CID,"Cedar Rapids/Iowa City, IA",926,936,1022,4,1022,1026,0,196
2000-01-25,1019,"Chicago, IL",COS,"Colorado Springs, CO",1920,1916,2036,6,2045,2042,0,911
2000-01-25,1785,"Chicago, IL",COS,"Colorado Springs, CO",950,949,1105,6,1121,1111,0,911
2000-01-25,490,"Chicago, IL",CVG,"Cincinnati, OH",739,750,1000,5,948,1005,0,264
2000-01-25,529,"Chicago, IL",CVG,"Cincinnati, OH",2115,2109,2312,9,2324,2321,0,264
2000-01-25,772,"Chicago, IL",CVG,"Cincinnati, OH",1415,1414,1611,5,1618,1616,0,264
2000-01-25,1140,"Chicago, IL",CVG,"Cincinnati, OH",600,623,830,5,809,835,0,264
2000-01-25,1810,"Chicago, IL",CVG,"Cincinnati, OH",1110,1110,1304,3,1311,1307,0,264
2000-01-25,1892,"Chicago, IL",CVG,"Cincinnati, OH",1655,1655,1853,4,1901,1857,0,264
2000-01-25,241,"Chicago, IL",DEN,"Denver, CO",600,"","","",724,"",1,888
2000-01-25,243,"Chicago, IL",DEN,"Denver, CO",700,712,838,8,829,846,0,888
2000-01-25,245,"Chicago, IL",DEN,"Denver, CO",755,755,913,6,923,919,0,888
2000-01-25,247,"Chicago, IL",DEN,"Denver, CO",910,907,1026,7,1038,1033,0,888
2000-01-25,251,"Chicago, IL",DEN,"Denver, CO",945,943,1057,8,1117,1105,0,888
2000-01-25,253,"Chicago, IL",DEN,"Denver, CO",1245,1240,1400,6,1418,1406,0,888
2000-01-25,255,"Chicago, IL",DEN,"Denver, CO",1530,1529,1650,8,1701,1658,0,888
2000-01-25,259,"Chicago, IL",DEN,"Denver, CO",1525,1521,1647,7,1656,1654,0,888
2000-01-25,531,"Chicago, IL",DEN,"Denver, CO",2220,2217,2345,5,2347,2350,0,888
2000-01-25,941,"Chicago, IL",DEN,"Denver, CO",1920,1919,2043,6,2052,2049,0,888
2000-01-25,945,"Chicago, IL",DEN,"Denver, CO",1150,1151,1335,4,1325,1339,0,888
2000-01-25,959,"Chicago, IL",DEN,"Denver, CO",1745,1747,1909,6,1910,1915,0,888
2000-01-25,368,"Chicago, IL",FLL,"Fort Lauderdale, FL",741,740,1110,4,1129,1114,0,1182
2000-01-25,426,"Chicago, IL",FLL,"Fort Lauderdale, FL",2110,2107,29,4,56,33,0,1182
2000-01-25,1948,"Chicago, IL",FLL,"Fort Lauderdale, FL",1415,1415,1747,4,1804,1751,0,1182
2000-01-25,573,"Chicago, IL",IAH,"Houston, TX",914,912,1127,5,1147,1132,0,925
2000-01-25,703,"Chicago, IL",IAH,"Houston, TX",1200,1202,1418,4,1434,1422,0,925
2000-01-25,705,"Chicago, IL",IAH,"Houston, TX",700,702,911,3,932,914,0,925
2000-01-25,1169,"Chicago, IL",IAH,"Houston, TX",1514,1528,1752,4,1746,1756,0,925
2000-01-25,1897,"Chicago, IL",IAH,"Houston, TX",1925,1924,2127,5,2156,2132,0,925
2000-01-25,1957,"Chicago, IL",IAH,"Houston, TX",1750,1747,1954,5,2021,1959,0,925
2000-01-25,670,"Chicago, IL",LGA,"New York, NY",2100,"","","",2349,"",1,733
2000-01-25,672,"Chicago, IL",LGA,"New York, NY",1900,"","","",2157,"",1,733
2000-01-25,674,"Chicago, IL",LGA,"New York, NY",1800,"","","",2058,"",1,733
2000-01-25,676,"Chicago, IL",LGA,"New York, NY",1700,"","","",2000,"",1,733
2000-01-25,678,"Chicago, IL",LGA,"New York, NY",1600,"","","",1900,"",1,733
2000-01-25,680,"Chicago, IL",LGA,"New York, NY",1500,"","","",1758,"",1,733
2000-01-25,682,"Chicago, IL",LGA,"New York, NY",1400,"","","",1700,"",1,733
2000-01-25,342,"Chicago, IL",MCO,"Orlando, FL",2115,2112,20,5,43,25,0,1005
2000-01-25,1044,"Chicago, IL",MCO,"Orlando, FL",1655,1655,2011,5,2014,2016,0,1005
2000-01-25,1500,"Chicago, IL",MCO,"Orlando, FL",1344,1343,1652,5,1709,1657,0,1005
2000-01-25,1614,"Chicago, IL",MCO,"Orlando, FL",1035,1129,1441,7,1358,1448,0,1005
2000-01-25,1832,"Chicago, IL",MCO,"Orlando, FL",800,800,1119,8,1131,1127,0,1005
2000-01-25,299,"Chicago, IL",MSP,"Minneapolis, MN",1145,1143,1252,3,1303,1255,0,334
2000-01-25,353,"Chicago, IL",MSP,"Minneapolis, MN",744,744,853,6,903,859,0,334
2000-01-25,359,"Chicago, IL",MSP,"Minneapolis, MN",1344,1342,1445,2,1503,1447,0,334
2000-01-25,457,"Chicago, IL",MSP,"Minneapolis, MN",1044,"","","",1202,"",1,334
2000-01-25,583,"Chicago, IL",MSP,"Minneapolis, MN",1544,1545,1655,3,1707,1658,0,334
2000-01-25,599,"Chicago, IL",MSP,"Minneapolis, MN",945,1030,1142,3,1104,1145,0,334
2000-01-25,719,"Chicago, IL",MSP,"Minneapolis, MN",1444,1453,1604,6,1604,1610,0,334
2000-01-25,765,"Chicago, IL",MSP,"Minneapolis, MN",1644,1646,1753,3,1805,1756,0,334
2000-01-25,799,"Chicago, IL",MSP,"Minneapolis, MN",645,642,755,3,808,758,0,334
2000-01-25,1067,"Chicago, IL",MSP,"Minneapolis, MN",1744,1745,1858,6,1912,1904,0,334
2000-01-25,1107,"Chicago, IL",MSP,"Minneapolis, MN",1945,1942,2049,3,2103,2052,0,334
2000-01-25,1139,"Chicago, IL",MSP,"Minneapolis, MN",1845,1842,1955,7,2007,2002,0,334
2000-01-25,1583,"Chicago, IL",MSP,"Minneapolis, MN",1245,1243,1349,4,1404,1353,0,334
2000-01-25,1889,"Chicago, IL",MSP,"Minneapolis, MN",2225,2234,2341,5,2341,2346,0,334
2000-01-25,1917,"Chicago, IL",MSP,"Minneapolis, MN",845,842,952,11,1008,1003,0,334
2000-01-25,535,"Chicago, IL",OMA,"Omaha, NE",1210,1309,1423,3,1334,1426,0,416
2000-01-25,635,"Chicago, IL",OMA,"Omaha, NE",816,811,923,3,940,926,0,416
2000-01-25,775,"Chicago, IL",OMA,"Omaha, NE",1950,1945,2102,4,2117,2106,0,416
2000-01-25,1129,"Chicago, IL",OMA,"Omaha, NE",912,910,1032,3,1031,1035,0,416
2000-01-25,1499,"Chicago, IL",OMA,"Omaha, NE",1540,1537,1647,3,1700,1650,0,416
2000-01-25,1149,"Chicago, IL",ONT,"Ontario, CA",1914,1910,2130,3,2131,2133,0,1700
2000-01-25,1733,"Chicago, IL",ONT,"Ontario, CA",1155,1152,1424,3,1413,1427,0,1700
2000-01-25,1850,"Chicago, IL",PHL,"Philadelphia, PA",600,"","","",854,"",1,678
2000-01-25,1852,"Chicago, IL",PHL,"Philadelphia, PA",700,"","","",949,"",1,678
2000-01-25,1854,"Chicago, IL",PHL,"Philadelphia, PA",815,"","","",1102,"",1,678
2000-01-25,1856,"Chicago, IL",PHL,"Philadelphia, PA",900,"","","",1149,"",1,678
2000-01-25,1858,"Chicago, IL",PHL,"Philadelphia, PA",1000,"","","",1249,"",1,678
2000-01-25,1860,"Chicago, IL",PHL,"Philadelphia, PA",1100,"","","",1349,"",1,678
2000-01-25,1862,"Chicago, IL",PHL,"Philadelphia, PA",1200,"","","",1449,"",1,678
2000-01-25,1864,"Chicago, IL",PHL,"Philadelphia, PA",1310,"","","",1607,"",1,678
2000-01-25,1866,"Chicago, IL",PHL,"Philadelphia, PA",1410,"","","",1706,"",1,678
2000-01-25,1868,"Chicago, IL",PHL,"Philadelphia, PA",1600,"","","",1854,"",1,678
2000-01-25,1872,"Chicago, IL",PHL,"Philadelphia, PA",1700,"","","",1958,"",1,678
2000-01-25,1874,"Chicago, IL",PHL,"Philadelphia, PA",1800,"","","",2050,"",1,678
2000-01-25,1876,"Chicago, IL",PHL,"Philadelphia, PA",1900,"","","",2150,"",1,678
2000-01-25,1878,"Chicago, IL",PHL,"Philadelphia, PA",2050,"","","",2334,"",1,678
2000-01-25,345,"Chicago, IL",PHX,"Phoenix, AZ",1144,1146,1424,3,1423,1427,0,1440
2000-01-25,423,"Chicago, IL",PHX,"Phoenix, AZ",1514,1514,1758,3,1757,1801,0,1440
2000-01-25,667,"Chicago, IL",PHX,"Phoenix, AZ",1935,1933,2212,4,2213,2216,0,1440
2000-01-25,1273,"Chicago, IL",PHX,"Phoenix, AZ",1805,1801,2023,9,2037,2032,0,1440
2000-01-25,1419,"Chicago, IL",PHX,"Phoenix, AZ",920,933,1156,3,1159,1159,0,1440
2000-01-25,1969,"Chicago, IL",PHX,"Phoenix, AZ",750,827,1049,3,1029,1052,0,1440
2000-01-25,546,"Chicago, IL",PVD,"Providence, RI",1714,1741,2053,7,2021,2100,0,849
2000-01-25,1276,"Chicago, IL",PVD,"Providence, RI",850,"","","",1152,"",1,849
2000-01-25,1734,"Chicago, IL",PVD,"Providence, RI",1308,"","","",1613,"",1,849
2000-01-25,798,"Chicago, IL",PWM,"Portland, ME",2045,"","","",2357,"",1,900
2000-01-25,1130,"Chicago, IL",PWM,"Portland, ME",1310,1311,1623,5,1619,1628,0,900
2000-01-25,1230,"Chicago, IL",PWM,"Portland, ME",740,739,1052,4,1043,1056,0,900
2000-01-25,586,"Chicago, IL",RDU,"Raleigh/Durham, NC",1330,"","","",1618,"",1,647
2000-01-25,588,"Chicago, IL",RDU,"Raleigh/Durham, NC",2100,"","","",2347,"",1,647
2000-01-25,1108,"Chicago, IL",RDU,"Raleigh/Durham, NC",1644,"","","",1931,"",1,647
2000-01-25,1114,"Chicago, IL",RDU,"Raleigh/Durham, NC",625,"","","",912,"",1,647
2000-01-25,590,"Chicago, IL",SDF,"Louisville, KY",2115,2113,2317,4,2324,2321,0,286
2000-01-25,1650,"Chicago, IL",SDF,"Louisville, KY",1355,1353,1550,4,1602,1554,0,286
2000-01-25,271,"Chicago, IL",SJC,"San Jose, CA",920,924,1212,5,1152,1217,0,1830
2000-01-25,559,"Chicago, IL",SJC,"San Jose, CA",1535,1534,1822,5,1803,1827,0,1830
2000-01-25,661,"Chicago, IL",SJC,"San Jose, CA",1935,1935,2208,4,2209,2212,0,1830
2000-01-25,691,"Chicago, IL",SJC,"San Jose, CA",1205,"","","",1437,"",1,1830
2000-01-25,324,"Chicago, IL",TPA,"Tampa, FL",1030,1029,1334,3,1352,1337,0,1012
2000-01-25,1070,"Chicago, IL",TPA,"Tampa, FL",1725,1724,2027,2,2050,2029,0,1012
2000-01-25,1090,"Chicago, IL",TPA,"Tampa, FL",1316,1313,1625,2,1641,1627,0,1012
2000-01-25,1676,"Chicago, IL",TPA,"Tampa, FL",739,740,1055,2,1110,1057,0,1012
2000-01-25,1930,"Chicago, IL",TPA,"Tampa, FL",2115,2111,22,2,45,24,0,1012
2000-01-25,560,"Chicago, IL",BNA,"Nashville, TN",740,902,1018,8,902,1026,0,409
2000-01-25,1050,"Chicago, IL",BNA,"Nashville, TN",1914,1913,2020,4,2034,2024,0,409
2000-01-25,1550,"Chicago, IL",BNA,"Nashville, TN",1444,1442,1551,3,1601,1554,0,409
2000-01-25,1069,"Chicago, IL",BOI,"Boise, ID",1914,1909,2152,2,2157,2154,0,1437
2000-01-25,418,"Chicago, IL",BWI,"Baltimore, MD",1115,"","","",1354,"",1,621
2000-01-25,756,"Chicago, IL",BWI,"Baltimore, MD",2100,"","","",2343,"",1,621
2000-01-25,770,"Chicago, IL",BWI,"Baltimore, MD",1705,"","","",1948,"",1,621
2000-01-25,1298,"Chicago, IL",BWI,"Baltimore, MD",1325,"","","",1613,"",1,621
2000-01-25,1428,"Chicago, IL",BWI,"Baltimore, MD",605,"","","",845,"",1,621
2000-01-25,432,"Chicago, IL",CLT,"Charlotte, NC",1314,1314,1601,4,1554,1605,0,599
2000-01-25,462,"Chicago, IL",CLT,"Charlotte, NC",615,613,852,4,855,856,0,599
2000-01-25,536,"Chicago, IL",CLT,"Charlotte, NC",1644,1658,1925,4,1920,1929,0,599
2000-01-25,1616,"Chicago, IL",CLT,"Charlotte, NC",2045,2042,2313,3,2325,2316,0,599
2000-01-25,515,"Chicago, IL",DAY,"Dayton, OH",1410,1408,1603,6,1610,1609,0,240
2000-01-25,657,"Chicago, IL",DAY,"Dayton, OH",2115,2114,2309,7,2318,2316,0,240
2000-01-25,1128,"Chicago, IL",DAY,"Dayton, OH",1120,1119,1309,5,1319,1314,0,240
2000-01-25,1552,"Chicago, IL",DAY,"Dayton, OH",800,"","","",1000,"",1,240
2000-01-25,1754,"Chicago, IL",DAY,"Dayton, OH",1705,1704,1859,5,1907,1904,0,240
2000-01-25,302,"Chicago, IL",DTW,"Detroit, MI",1040,1040,1244,5,1249,1249,0,235
2000-01-25,350,"Chicago, IL",DTW,"Detroit, MI",1710,1713,1927,28,1923,1955,0,235
2000-01-25,396,"Chicago, IL",DTW,"Detroit, MI",1309,1310,1517,4,1524,1521,0,235
2000-01-25,440,"Chicago, IL",DTW,"Detroit, MI",750,748,1000,4,1001,1004,0,235
2000-01-25,454,"Chicago, IL",DTW,"Detroit, MI",630,631,825,8,834,833,0,235
2000-01-25,671,"Chicago, IL",DTW,"Detroit, MI",2115,2111,2309,7,2320,2316,0,235
2000-01-25,1425,"Chicago, IL",GEG,"Spokane, WA",1920,1920,2110,2,2118,2112,0,1498
2000-01-25,422,"Chicago, IL",GRR,"Grand Rapids, MI",1925,1922,2104,2,2112,2106,0,137
2000-01-25,494,"Chicago, IL",GRR,"Grand Rapids, MI",851,904,1046,3,1036,1049,0,137
2000-01-25,633,"Chicago, IL",GRR,"Grand Rapids, MI",2115,2117,2259,4,2303,2303,0,137
2000-01-25,1260,"Chicago, IL",GRR,"Grand Rapids, MI",1444,1459,1637,3,1630,1640,0,137
2000-01-25,1446,"Chicago, IL",GRR,"Grand Rapids, MI",1144,1142,1315,3,1329,1318,0,137
2000-01-25,540,"Chicago, IL",GSO,"Greensboro/High Point, NC",900,905,1143,3,1138,1146,0,590
2000-01-25,750,"Chicago, IL",GSO,"Greensboro/High Point, NC",1744,1742,2015,4,2019,2019,0,590
2000-01-25,1538,"Chicago, IL",GSO,"Greensboro/High Point, NC",1420,1417,1649,3,1658,1652,0,590
2000-01-25,392,"Chicago, IL",MDT,"Harrisburg, PA",1714,"","","",1949,"",1,594
2000-01-25,482,"Chicago, IL",MDT,"Harrisburg, PA",900,"","","",1140,"",1,594
2000-01-25,542,"Chicago, IL",MDT,"Harrisburg, PA",1314,"","","",1554,"",1,594
2000-01-25,728,"Chicago, IL",MDT,"Harrisburg, PA",2100,2057,2338,7,2340,2345,0,594
2000-01-25,869,"Chicago, IL",MIA,"Miami, FL",1444,"","","",1839,"",1,1197
2000-01-25,1088,"Chicago, IL",MIA,"Miami, FL",739,834,1200,4,1130,1204,0,1197
2000-01-25,1636,"Chicago, IL",MIA,"Miami, FL",1030,1025,1356,5,1415,1401,0,1197
2000-01-25,1984,"Chicago, IL",MIA,"Miami, FL",1805,1840,2205,4,2150,2209,0,1197
2000-01-25,647,"Chicago, IL",MKE,"Milwaukee, WI",1414,1413,1439,3,1451,1442,0,67
2000-01-25,1564,"Chicago, IL",MKE,"Milwaukee, WI",2230,2232,2306,4,2307,2310,0,67
2000-01-25,675,"Chicago, IL",MSN,"Madison, WI",2055,2051,2131,2,2141,2133,0,109
2000-01-25,1249,"Chicago, IL",MSN,"Madison, WI",2230,2226,2304,4,2315,2308,0,109
2000-01-25,1581,"Chicago, IL",MSN,"Madison, WI",1410,1408,1440,2,1451,1442,0,109
2000-01-25,367,"Chicago, IL",MSY,"New Orleans, LA",1200,1156,1401,5,1409,1406,0,837
2000-01-25,1789,"Chicago, IL",MSY,"New Orleans, LA",1930,1939,2129,7,2140,2136,0,837
2000-01-25,1867,"Chicago, IL",MSY,"New Orleans, LA",1000,959,1145,7,1211,1152,0,837
2000-01-25,503,"Chicago, IL",PDX,"Portland, OR",1745,1748,1958,4,2007,2002,0,1739
2000-01-25,569,"Chicago, IL",PDX,"Portland, OR",1544,1540,1752,4,1800,1756,0,1739
2000-01-25,577,"Chicago, IL",PDX,"Portland, OR",1914,1914,2125,4,2140,2129,0,1739
2000-01-25,1401,"Chicago, IL",PDX,"Portland, OR",1200,1216,1448,3,1431,1451,0,1739
2000-01-25,1891,"Chicago, IL",PDX,"Portland, OR",945,942,1156,4,1212,1200,0,1739
2000-01-25,749,"Chicago, IL",SAT,"San Antonio, TX",925,921,1151,4,1208,1155,0,1041
2000-01-25,1415,"Chicago, IL",SAT,"San Antonio, TX",1940,1942,2215,4,2224,2219,0,1041
2000-01-25,137,"Chicago, IL",SFO,"San Francisco, CA",1030,1029,1312,5,1306,1317,0,1846
2000-01-25,139,"Chicago, IL",SFO,"San Francisco, CA",2220,2224,58,6,51,104,0,1846
2000-01-25,141,"Chicago, IL",SFO,"San Francisco, CA",1210,1214,1525,4,1448,1529,0,1846
2000-01-25,143,"Chicago, IL",SFO,"San Francisco, CA",1144,1147,1442,3,1407,1445,0,1846
2000-01-25,145,"Chicago, IL",SFO,"San Francisco, CA",930,938,1221,4,1200,1225,0,1846
2000-01-25,147,"Chicago, IL",SFO,"San Francisco, CA",1530,1535,1836,3,1753,1839,0,1846
2000-01-25,149,"Chicago, IL",SFO,"San Francisco, CA",1805,1812,2051,6,2038,2057,0,1846
2000-01-25,151,"Chicago, IL",SFO,"San Francisco, CA",1920,1920,2154,8,2157,2202,0,1846
2000-01-25,155,"Chicago, IL",SFO,"San Francisco, CA",2030,2029,2250,6,2304,2256,0,1846
2000-01-25,157,"Chicago, IL",SFO,"San Francisco, CA",800,758,1029,3,1028,1032,0,1846
2000-01-25,525,"Chicago, IL",SFO,"San Francisco, CA",1925,"","","",2205,"",1,1846
2000-01-25,399,"Chicago, IL",SLC,"Salt Lake City, UT",1205,1425,1632,5,1419,1637,0,1249
2000-01-25,533,"Chicago, IL",SLC,"Salt Lake City, UT",1914,1914,2130,5,2123,2135,0,1249
2000-01-25,1439,"Chicago, IL",SLC,"Salt Lake City, UT",914,917,1126,2,1124,1128,0,1249
2000-01-25,1110,"Chicago, IL",TYS,"Knoxville, TN",1314,1311,1521,5,1538,1526,0,475
2000-01-25,1818,"Chicago, IL",TYS,"Knoxville, TN",2120,2113,2333,2,2347,2335,0,475
2000-01-26,560,"Chicago, IL",BNA,"Nashville, TN",740,741,850,3,902,853,0,409
2000-01-26,1050,"Chicago, IL",BNA,"Nashville, TN",1914,1943,2045,14,2034,2059,0,409
2000-01-26,1550,"Chicago, IL",BNA,"Nashville, TN",1444,1446,1551,3,1601,1554,0,409
2000-01-26,1069,"Chicago, IL",BOI,"Boise, ID",1914,1918,2143,2,2157,2145,0,1437
2000-01-26,418,"Chicago, IL",BWI,"Baltimore, MD",1115,"","","",1354,"",1,621
2000-01-26,756,"Chicago, IL",BWI,"Baltimore, MD",2100,2057,2334,4,2343,2338,0,621
2000-01-26,770,"Chicago, IL",BWI,"Baltimore, MD",1705,1714,2000,5,1948,2005,0,621
2000-01-26,1298,"Chicago, IL",BWI,"Baltimore, MD",1325,1326,1612,3,1613,1615,0,621
2000-01-26,1428,"Chicago, IL",BWI,"Baltimore, MD",605,"","","",845,"",1,621
2000-01-26,432,"Chicago, IL",CLT,"Charlotte, NC",1314,1327,1557,3,1554,1600,0,599
2000-01-26,462,"Chicago, IL",CLT,"Charlotte, NC",615,613,843,3,855,846,0,599
2000-01-26,536,"Chicago, IL",CLT,"Charlotte, NC",1644,1657,1915,4,1920,1919,0,599
2000-01-26,1616,"Chicago, IL",CLT,"Charlotte, NC",2045,2052,2324,5,2325,2329,0,599
2000-01-26,515,"Chicago, IL",DAY,"Dayton, OH",1410,1500,1647,5,1610,1652,0,240
2000-01-26,657,"Chicago, IL",DAY,"Dayton, OH",2115,2111,2307,6,2318,2313,0,240
2000-01-26,1128,"Chicago, IL",DAY,"Dayton, OH",1120,1120,1313,5,1319,1318,0,240
2000-01-26,1552,"Chicago, IL",DAY,"Dayton, OH",800,759,1002,4,1000,1006,0,240
2000-01-26,1754,"Chicago, IL",DAY,"Dayton, OH",1705,1705,1855,5,1907,1900,0,240
2000-01-26,302,"Chicago, IL",DTW,"Detroit, MI",1040,1040,1246,14,1249,1300,0,235
2000-01-26,350,"Chicago, IL",DTW,"Detroit, MI",1710,1710,1916,8,1923,1924,0,235
2000-01-26,396,"Chicago, IL",DTW,"Detroit, MI",1309,1309,1513,3,1524,1516,0,235
2000-01-26,440,"Chicago, IL",DTW,"Detroit, MI",750,752,958,4,1001,1002,0,235
2000-01-26,454,"Chicago, IL",DTW,"Detroit, MI",630,627,832,3,834,835,0,235
2000-01-26,671,"Chicago, IL",DTW,"Detroit, MI",2115,2112,"","",2320,"",0,235
2000-01-26,1425,"Chicago, IL",GEG,"Spokane, WA",1920,1921,2100,4,2118,2104,0,1498
2000-01-26,422,"Chicago, IL",GRR,"Grand Rapids, MI",1925,2057,2241,4,2112,2245,0,137
2000-01-26,494,"Chicago, IL",GRR,"Grand Rapids, MI",851,851,1026,3,1036,1029,0,137
2000-01-26,633,"Chicago, IL",GRR,"Grand Rapids, MI",2115,"","","",2303,"",1,137
2000-01-26,1260,"Chicago, IL",GRR,"Grand Rapids, MI",1444,1504,1647,3,1630,1650,0,137
2000-01-26,1446,"Chicago, IL",GRR,"Grand Rapids, MI",1144,1207,1347,3,1329,1350,0,137
2000-01-26,540,"Chicago, IL",GSO,"Greensboro/High Point, NC",900,1005,1232,4,1138,1236,0,590
2000-01-26,750,"Chicago, IL",GSO,"Greensboro/High Point, NC",1744,1747,2015,3,2019,2018,0,590
2000-01-26,1538,"Chicago, IL",GSO,"Greensboro/High Point, NC",1420,1605,1831,3,1658,1834,0,590
2000-01-26,392,"Chicago, IL",MDT,"Harrisburg, PA",1714,1710,1938,4,1949,1942,0,594
2000-01-26,482,"Chicago, IL",MDT,"Harrisburg, PA",900,909,1146,3,1140,1149,0,594
2000-01-26,542,"Chicago, IL",MDT,"Harrisburg, PA",1314,1314,1544,4,1554,1548,0,594
2000-01-26,728,"Chicago, IL",MDT,"Harrisburg, PA",2100,2100,2343,3,2340,2346,0,594
2000-01-26,1088,"Chicago, IL",MIA,"Miami, FL",739,740,1109,6,1130,1115,0,1197
2000-01-26,1636,"Chicago, IL",MIA,"Miami, FL",1030,1030,1413,4,1415,1417,0,1197
2000-01-26,1869,"Chicago, IL",MIA,"Miami, FL",0,1806,2132,7,0,2139,0,1197
2000-01-26,1984,"Chicago, IL",MIA,"Miami, FL",1805,1804,2125,8,2150,2133,0,1197
2000-01-26,647,"Chicago, IL",MKE,"Milwaukee, WI",1414,1419,1445,3,1451,1448,0,67
2000-01-26,1564,"Chicago, IL",MKE,"Milwaukee, WI",2230,2228,2258,4,2307,2302,0,67
2000-01-26,675,"Chicago, IL",MSN,"Madison, WI",2055,2052,2135,5,2141,2140,0,109
2000-01-26,1249,"Chicago, IL",MSN,"Madison, WI",2230,2229,2305,2,2315,2307,0,109
2000-01-26,1581,"Chicago, IL",MSN,"Madison, WI",1410,1406,1441,4,1451,1445,0,109
2000-01-26,367,"Chicago, IL",MSY,"New Orleans, LA",1200,1200,1405,3,1409,1408,0,837
2000-01-26,1789,"Chicago, IL",MSY,"New Orleans, LA",1930,1930,2131,5,2140,2136,0,837
2000-01-26,1867,"Chicago, IL",MSY,"New Orleans, LA",1000,1055,1300,2,1211,1302,0,837
2000-01-26,503,"Chicago, IL",PDX,"Portland, OR",1745,1755,1952,3,2007,1955,0,1739
2000-01-26,569,"Chicago, IL",PDX,"Portland, OR",1544,1545,1747,5,1800,1752,0,1739
2000-01-26,577,"Chicago, IL",PDX,"Portland, OR",1914,1931,2138,4,2140,2142,0,1739
2000-01-26,1401,"Chicago, IL",PDX,"Portland, OR",1200,1158,1428,4,1431,1432,0,1739
2000-01-26,1891,"Chicago, IL",PDX,"Portland, OR",945,1114,1306,3,1212,1309,0,1739
2000-01-26,749,"Chicago, IL",SAT,"San Antonio, TX",925,924,1159,3,1208,1202,0,1041
2000-01-26,1415,"Chicago, IL",SAT,"San Antonio, TX",1940,1942,2219,6,2224,2225,0,1041
2000-01-26,137,"Chicago, IL",SFO,"San Francisco, CA",1030,1033,1245,7,1306,1252,0,1846
2000-01-26,139,"Chicago, IL",SFO,"San Francisco, CA",2220,2222,33,5,51,38,0,1846
2000-01-26,141,"Chicago, IL",SFO,"San Francisco, CA",1210,1209,1440,4,1448,1444,0,1846
2000-01-26,143,"Chicago, IL",SFO,"San Francisco, CA",1144,1156,1401,4,1407,1405,0,1846
2000-01-26,145,"Chicago, IL",SFO,"San Francisco, CA",930,930,1136,6,1200,1142,0,1846
2000-01-26,147,"Chicago, IL",SFO,"San Francisco, CA",1530,1529,1732,7,1753,1739,0,1846
2000-01-26,149,"Chicago, IL",SFO,"San Francisco, CA",1805,1808,2023,8,2038,2031,0,1846
2000-01-26,151,"Chicago, IL",SFO,"San Francisco, CA",1920,1951,2200,8,2157,2208,0,1846
2000-01-26,155,"Chicago, IL",SFO,"San Francisco, CA",2030,2035,2250,6,2304,2256,0,1846
2000-01-26,157,"Chicago, IL",SFO,"San Francisco, CA",800,802,1002,4,1028,1006,0,1846
2000-01-26,525,"Chicago, IL",SFO,"San Francisco, CA",1925,1930,2142,5,2205,2147,0,1846
2000-01-26,399,"Chicago, IL",SLC,"Salt Lake City, UT",1205,1203,1416,5,1419,1421,0,1249
2000-01-26,533,"Chicago, IL",SLC,"Salt Lake City, UT",1914,1922,2131,3,2123,2134,0,1249
2000-01-26,1439,"Chicago, IL",SLC,"Salt Lake City, UT",914,928,1136,5,1124,1141,0,1249
2000-01-26,1110,"Chicago, IL",TYS,"Knoxville, TN",1314,1320,1532,3,1538,1535,0,475
2000-01-26,1818,"Chicago, IL",TYS,"Knoxville, TN",2120,2159,8,3,2347,11,0,475
2000-01-26,352,"Chicago, IL",ALB,"Albany, NY",1320,1319,1609,4,1614,1613,0,723
2000-01-26,1104,"Chicago, IL",ALB,"Albany, NY",620,623,917,4,910,921,0,723
2000-01-26,1454,"Chicago, IL",ALB,"Albany, NY",1720,1719,2015,4,2014,2019,0,723
2000-01-26,364,"Chicago, IL",ATL,"Atlanta, GA",1914,1919,2153,10,2204,2203,0,606
2000-01-26,446,"Chicago, IL",ATL,"Atlanta, GA",925,"","","",1209,"",1,606
2000-01-26,527,"Chicago, IL",ATL,"Atlanta, GA",2100,2057,2327,4,2345,2331,0,606
2000-01-26,796,"Chicago, IL",ATL,"Atlanta, GA",1330,1329,1630,4,1633,1634,0,606
2000-01-26,1268,"Chicago, IL",ATL,"Atlanta, GA",650,648,919,4,941,923,0,606
2000-01-26,1628,"Chicago, IL",ATL,"Atlanta, GA",1035,1050,1313,5,1324,1318,0,606
2000-01-26,1690,"Chicago, IL",ATL,"Atlanta, GA",1655,1656,1928,5,1948,1933,0,606
2000-01-26,1162,"Chicago, IL",BHM,"Birmingham, AL",2125,2201,2325,3,2306,2328,0,584
2000-01-26,1166,"Chicago, IL",BHM,"Birmingham, AL",900,857,1019,3,1040,1022,0,584
2000-01-26,669,"Chicago, IL",CID,"Cedar Rapids/Iowa City, IA",2230,2227,2309,4,2324,2313,0,196
2000-01-26,681,"Chicago, IL",CID,"Cedar Rapids/Iowa City, IA",1600,1559,1644,3,1655,1647,0,196
2000-01-26,743,"Chicago, IL",CID,"Cedar Rapids/Iowa City, IA",1920,2006,2050,6,2018,2056,0,196
2000-01-26,1823,"Chicago, IL",CID,"Cedar Rapids/Iowa City, IA",1145,1251,1329,3,1241,1332,0,196
2000-01-26,1827,"Chicago, IL",CID,"Cedar Rapids/Iowa City, IA",926,1010,1055,4,1022,1059,0,196
2000-01-26,1019,"Chicago, IL",COS,"Colorado Springs, CO",1920,1919,2034,9,2045,2043,0,911
2000-01-26,1785,"Chicago, IL",COS,"Colorado Springs, CO",950,947,1114,6,1121,1120,0,911
2000-01-26,490,"Chicago, IL",CVG,"Cincinnati, OH",739,738,943,5,948,948,0,264
2000-01-26,529,"Chicago, IL",CVG,"Cincinnati, OH",2115,2218,7,5,2324,12,0,264
2000-01-26,772,"Chicago, IL",CVG,"Cincinnati, OH",1415,1415,1612,4,1618,1616,0,264
2000-01-26,1140,"Chicago, IL",CVG,"Cincinnati, OH",600,556,757,4,809,801,0,264
2000-01-26,1810,"Chicago, IL",CVG,"Cincinnati, OH",1110,1109,1302,4,1311,1306,0,264
2000-01-26,1892,"Chicago, IL",CVG,"Cincinnati, OH",1655,1656,1850,4,1901,1854,0,264
2000-01-26,241,"Chicago, IL",DEN,"Denver, CO",600,600,713,6,724,719,0,888
2000-01-26,243,"Chicago, IL",DEN,"Denver, CO",700,"","","",829,"",1,888
2000-01-26,245,"Chicago, IL",DEN,"Denver, CO",755,752,912,9,923,921,0,888
2000-01-26,247,"Chicago, IL",DEN,"Denver, CO",910,907,1035,11,1038,1046,0,888
2000-01-26,251,"Chicago, IL",DEN,"Denver, CO",945,941,1057,8,1117,1105,0,888
2000-01-26,253,"Chicago, IL",DEN,"Denver, CO",1245,1242,1356,6,1418,1402,0,888
2000-01-26,255,"Chicago, IL",DEN,"Denver, CO",1530,1531,1659,8,1701,1707,0,888
2000-01-26,259,"Chicago, IL",DEN,"Denver, CO",1525,1524,1645,8,1656,1653,0,888
2000-01-26,531,"Chicago, IL",DEN,"Denver, CO",2220,2220,2335,5,2347,2340,0,888
2000-01-26,941,"Chicago, IL",DEN,"Denver, CO",1920,1918,2041,9,2052,2050,0,888
2000-01-26,945,"Chicago, IL",DEN,"Denver, CO",1150,1151,1306,7,1325,1313,0,888
2000-01-26,959,"Chicago, IL",DEN,"Denver, CO",1745,1744,1900,6,1910,1906,0,888
2000-01-26,368,"Chicago, IL",FLL,"Fort Lauderdale, FL",741,739,1106,4,1129,1110,0,1182
2000-01-26,426,"Chicago, IL",FLL,"Fort Lauderdale, FL",2110,2106,31,4,56,35,0,1182
2000-01-26,1948,"Chicago, IL",FLL,"Fort Lauderdale, FL",1415,1416,1750,3,1804,1753,0,1182
2000-01-26,573,"Chicago, IL",IAH,"Houston, TX",914,910,1131,9,1147,1140,0,925
2000-01-26,703,"Chicago, IL",IAH,"Houston, TX",1200,1221,1446,5,1434,1451,0,925
2000-01-26,705,"Chicago, IL",IAH,"Houston, TX",700,658,928,5,932,933,0,925
2000-01-26,1169,"Chicago, IL",IAH,"Houston, TX",1514,1546,1807,5,1746,1812,0,925
2000-01-26,1897,"Chicago, IL",IAH,"Houston, TX",1925,1921,2149,5,2156,2154,0,925
2000-01-26,1957,"Chicago, IL",IAH,"Houston, TX",1750,1750,2004,7,2021,2011,0,925
2000-01-26,670,"Chicago, IL",LGA,"New York, NY",2100,2059,2342,4,2349,2346,0,733
2000-01-26,672,"Chicago, IL",LGA,"New York, NY",1900,1909,2158,3,2157,2201,0,733
2000-01-26,674,"Chicago, IL",LGA,"New York, NY",1800,1801,2055,3,2058,2058,0,733
2000-01-26,676,"Chicago, IL",LGA,"New York, NY",1700,1707,1955,3,2000,1958,0,733
2000-01-26,678,"Chicago, IL",LGA,"New York, NY",1600,1611,1851,6,1900,1857,0,733
2000-01-26,680,"Chicago, IL",LGA,"New York, NY",1500,1457,1749,5,1758,1754,0,733
2000-01-26,682,"Chicago, IL",LGA,"New York, NY",1400,1355,1642,4,1700,1646,0,733
2000-01-26,342,"Chicago, IL",MCO,"Orlando, FL",2115,2112,26,5,43,31,0,1005
2000-01-26,1044,"Chicago, IL",MCO,"Orlando, FL",1655,1656,2003,5,2014,2008,0,1005
2000-01-26,1500,"Chicago, IL",MCO,"Orlando, FL",1344,1341,1652,7,1709,1659,0,1005
2000-01-26,1614,"Chicago, IL",MCO,"Orlando, FL",1035,1151,1459,7,1358,1506,0,1005
2000-01-26,1832,"Chicago, IL",MCO,"Orlando, FL",800,803,1116,4,1131,1120,0,1005
2000-01-26,299,"Chicago, IL",MSP,"Minneapolis, MN",1145,"","","",1303,"",1,334
2000-01-26,353,"Chicago, IL",MSP,"Minneapolis, MN",744,740,854,3,903,857,0,334
2000-01-26,359,"Chicago, IL",MSP,"Minneapolis, MN",1344,1523,1632,3,1503,1635,0,334
2000-01-26,457,"Chicago, IL",MSP,"Minneapolis, MN",1044,1133,1240,4,1202,1244,0,334
2000-01-26,583,"Chicago, IL",MSP,"Minneapolis, MN",1544,"","","",1707,"",1,334
2000-01-26,599,"Chicago, IL",MSP,"Minneapolis, MN",945,"","","",1104,"",1,334
2000-01-26,719,"Chicago, IL",MSP,"Minneapolis, MN",1444,1444,1558,5,1604,1603,0,334
2000-01-26,765,"Chicago, IL",MSP,"Minneapolis, MN",1644,1649,1802,4,1805,1806,0,334
2000-01-26,799,"Chicago, IL",MSP,"Minneapolis, MN",645,642,755,10,808,805,0,334
2000-01-26,1067,"Chicago, IL",MSP,"Minneapolis, MN",1744,1854,2008,4,1912,2012,0,334
2000-01-26,1107,"Chicago, IL",MSP,"Minneapolis, MN",1945,1944,2109,5,2103,2114,0,334
2000-01-26,1139,"Chicago, IL",MSP,"Minneapolis, MN",1845,1932,2049,4,2007,2053,0,334
2000-01-26,1583,"Chicago, IL",MSP,"Minneapolis, MN",1245,1245,1359,4,1404,1403,0,334
2000-01-26,1889,"Chicago, IL",MSP,"Minneapolis, MN",2225,2222,2325,4,2341,2329,0,334
2000-01-26,1917,"Chicago, IL",MSP,"Minneapolis, MN",845,932,1036,3,1008,1039,0,334
2000-01-26,535,"Chicago, IL",OMA,"Omaha, NE",1210,1209,1325,2,1334,1327,0,416
2000-01-26,635,"Chicago, IL",OMA,"Omaha, NE",816,816,930,2,940,932,0,416
2000-01-26,775,"Chicago, IL",OMA,"Omaha, NE",1950,1951,2109,3,2117,2112,0,416
2000-01-26,1129,"Chicago, IL",OMA,"Omaha, NE",912,911,1028,3,1031,1031,0,416
2000-01-26,1499,"Chicago, IL",OMA,"Omaha, NE",1540,1544,1703,3,1700,1706,0,416
2000-01-26,1149,"Chicago, IL",ONT,"Ontario, CA",1914,1912,2106,4,2131,2110,0,1700
2000-01-26,1733,"Chicago, IL",ONT,"Ontario, CA",1155,1242,1440,4,1413,1444,0,1700
2000-01-26,1850,"Chicago, IL",PHL,"Philadelphia, PA",600,605,853,18,854,911,0,678
2000-01-26,1852,"Chicago, IL",PHL,"Philadelphia, PA",700,700,946,6,949,952,0,678
2000-01-26,1854,"Chicago, IL",PHL,"Philadelphia, PA",815,812,1103,6,1102,1109,0,678
2000-01-26,1856,"Chicago, IL",PHL,"Philadelphia, PA",900,858,1145,6,1149,1151,0,678
2000-01-26,1858,"Chicago, IL",PHL,"Philadelphia, PA",1000,958,1258,5,1249,1303,0,678
2000-01-26,1860,"Chicago, IL",PHL,"Philadelphia, PA",1100,1057,1357,17,1349,1414,0,678
2000-01-26,1862,"Chicago, IL",PHL,"Philadelphia, PA",1200,1201,1520,9,1449,1529,0,678
2000-01-26,1864,"Chicago, IL",PHL,"Philadelphia, PA",1310,1412,1654,5,1607,1659,0,678
2000-01-26,1866,"Chicago, IL",PHL,"Philadelphia, PA",1410,1432,1736,10,1706,1746,0,678
2000-01-26,1868,"Chicago, IL",PHL,"Philadelphia, PA",1600,1605,1924,7,1854,1931,0,678
2000-01-26,1872,"Chicago, IL",PHL,"Philadelphia, PA",1700,1716,2017,11,1958,2028,0,678
2000-01-26,1874,"Chicago, IL",PHL,"Philadelphia, PA",1800,1759,2055,6,2050,2101,0,678
2000-01-26,1876,"Chicago, IL",PHL,"Philadelphia, PA",1900,1905,2152,4,2150,2156,0,678
2000-01-26,1878,"Chicago, IL",PHL,"Philadelphia, PA",2050,"","","",2334,"",1,678
2000-01-26,345,"Chicago, IL",PHX,"Phoenix, AZ",1144,1213,1505,8,1423,1513,0,1440
2000-01-26,423,"Chicago, IL",PHX,"Phoenix, AZ",1514,1516,1754,11,1757,1805,0,1440
2000-01-26,667,"Chicago, IL",PHX,"Phoenix, AZ",1935,2022,2239,3,2213,2242,0,1440
2000-01-26,1273,"Chicago, IL",PHX,"Phoenix, AZ",1805,1825,2040,6,2037,2046,0,1440
2000-01-26,1419,"Chicago, IL",PHX,"Phoenix, AZ",920,920,1143,8,1159,1151,0,1440
2000-01-26,1969,"Chicago, IL",PHX,"Phoenix, AZ",750,751,1033,3,1029,1036,0,1440
2000-01-26,546,"Chicago, IL",PVD,"Providence, RI",1714,1714,2020,5,2021,2025,0,849
2000-01-26,1276,"Chicago, IL",PVD,"Providence, RI",850,851,1157,5,1152,1202,0,849
2000-01-26,1734,"Chicago, IL",PVD,"Providence, RI",1308,1305,1611,5,1613,1616,0,849
2000-01-26,798,"Chicago, IL",PWM,"Portland, ME",2045,2052,5,3,2357,8,0,900
2000-01-26,1130,"Chicago, IL",PWM,"Portland, ME",1310,1313,1621,4,1619,1625,0,900
2000-01-26,1230,"Chicago, IL",PWM,"Portland, ME",740,801,1118,4,1043,1122,0,900
2000-01-26,586,"Chicago, IL",RDU,"Raleigh/Durham, NC",1330,"","","",1618,"",1,647
2000-01-26,588,"Chicago, IL",RDU,"Raleigh/Durham, NC",2100,"","","",2347,"",1,647
2000-01-26,1108,"Chicago, IL",RDU,"Raleigh/Durham, NC",1644,"","","",1931,"",1,647
2000-01-26,1114,"Chicago, IL",RDU,"Raleigh/Durham, NC",625,"","","",912,"",1,647
2000-01-26,590,"Chicago, IL",SDF,"Louisville, KY",2115,2112,2312,5,2324,2317,0,286
2000-01-26,1650,"Chicago, IL",SDF,"Louisville, KY",1355,1522,1716,3,1602,1719,0,286
2000-01-26,271,"Chicago, IL",SJC,"San Jose, CA",920,920,1141,5,1152,1146,0,1830
2000-01-26,559,"Chicago, IL",SJC,"San Jose, CA",1535,1534,1755,6,1803,1801,0,1830
2000-01-26,661,"Chicago, IL",SJC,"San Jose, CA",1935,1942,2156,5,2209,2201,0,1830
2000-01-26,691,"Chicago, IL",SJC,"San Jose, CA",1205,1305,1517,7,1437,1524,0,1830
2000-01-26,324,"Chicago, IL",TPA,"Tampa, FL",1030,1046,1348,3,1352,1351,0,1012
2000-01-26,1070,"Chicago, IL",TPA,"Tampa, FL",1725,1726,2032,3,2050,2035,0,1012
2000-01-26,1090,"Chicago, IL",TPA,"Tampa, FL",1316,1329,1640,3,1641,1643,0,1012
2000-01-26,1676,"Chicago, IL",TPA,"Tampa, FL",739,736,1038,3,1110,1041,0,1012
2000-01-26,1930,"Chicago, IL",TPA,"Tampa, FL",2115,2113,34,4,45,38,0,1012
2000-01-26,1122,"Chicago, IL",ABE,"Allentown/Bethlehem/Easton, PA",1644,1642,1919,3,1928,1922,0,654
2000-01-26,1656,"Chicago, IL",ABE,"Allentown/Bethlehem/Easton, PA",1410,1459,1740,4,1656,1744,0,654
2000-01-26,373,"Chicago, IL",AUS,"Austin, TX",1914,1952,2221,6,2155,2227,0,978
2000-01-26,589,"Chicago, IL",AUS,"Austin, TX",922,923,1153,4,1202,1157,0,978
2000-01-26,394,"Chicago, IL",BDL,"Hartford, CT",1650,1649,1946,5,1950,1951,0,783
2000-01-26,398,"Chicago, IL",BDL,"Hartford, CT",910,929,1226,4,1204,1230,0,783
2000-01-26,1126,"Chicago, IL",BDL,"Hartford, CT",2050,2046,2345,5,2351,2350,0,783
2000-01-26,1228,"Chicago, IL",BDL,"Hartford, CT",1320,1332,1624,8,1621,1632,0,783
2000-01-26,1404,"Chicago, IL",BDL,"Hartford, CT",1035,1057,1349,5,1332,1354,0,783
2000-01-26,1522,"Chicago, IL",BDL,"Hartford, CT",600,601,906,5,856,911,0,783
2000-01-26,502,"Chicago, IL",BOS,"Boston, MA",645,650,1001,8,956,1009,0,867
2000-01-26,504,"Chicago, IL",BOS,"Boston, MA",744,744,1047,49,1053,1136,0,867
2000-01-26,506,"Chicago, IL",BOS,"Boston, MA",845,845,1159,7,1154,1206,0,867
2000-01-26,508,"Chicago, IL",BOS,"Boston, MA",945,950,1303,10,1254,1313,0,867
2000-01-26,512,"Chicago, IL",BOS,"Boston, MA",1144,1155,1500,9,1457,1509,0,867
2000-01-26,514,"Chicago, IL",BOS,"Boston, MA",1245,"","","",1554,"",1,867
2000-01-26,516,"Chicago, IL",BOS,"Boston, MA",1644,1646,2003,10,1959,2013,0,867
2000-01-26,518,"Chicago, IL",BOS,"Boston, MA",1344,1411,1725,14,1707,1739,0,867
2000-01-26,522,"Chicago, IL",BOS,"Boston, MA",1544,1542,1858,14,1858,1912,0,867
2000-01-26,524,"Chicago, IL",BOS,"Boston, MA",1744,1743,2053,9,2059,2102,0,867
2000-01-26,526,"Chicago, IL",BOS,"Boston, MA",1845,1845,2204,13,2156,2217,0,867
2000-01-26,528,"Chicago, IL",BOS,"Boston, MA",1444,1605,1920,9,1759,1929,0,867
2000-01-26,884,"Chicago, IL",BOS,"Boston, MA",1044,"","","",1355,"",1,867
2000-01-26,1018,"Chicago, IL",BOS,"Boston, MA",2045,2044,2350,3,2355,2353,0,867
2000-01-26,138,"Chicago, IL",CMH,"Columbus, OH",1310,1311,1514,4,1516,1518,0,296
2000-01-26,601,"Chicago, IL",CMH,"Columbus, OH",805,802,1007,8,1010,1015,0,296
2000-01-26,1118,"Chicago, IL",CMH,"Columbus, OH",655,808,1011,5,901,1016,0,296
2000-01-26,1452,"Chicago, IL",CMH,"Columbus, OH",1105,1128,1323,4,1310,1327,0,296
2000-01-26,1518,"Chicago, IL",CMH,"Columbus, OH",1644,1721,1923,5,1854,1928,0,296
2000-01-26,1548,"Chicago, IL",CMH,"Columbus, OH",2115,2109,2315,6,2325,2321,0,296
2000-01-26,600,"Chicago, IL",DCA,"Washington, DC",630,"","","",907,"",1,612
2000-01-26,602,"Chicago, IL",DCA,"Washington, DC",730,"","","",1010,"",1,612
2000-01-26,604,"Chicago, IL",DCA,"Washington, DC",830,836,1113,24,1111,1137,0,612
2000-01-26,606,"Chicago, IL",DCA,"Washington, DC",930,"","","",1209,"",1,612
2000-01-26,608,"Chicago, IL",DCA,"Washington, DC",1030,1324,1600,2,1309,1602,0,612
2000-01-26,610,"Chicago, IL",DCA,"Washington, DC",1130,1139,1409,3,1403,1412,0,612
2000-01-26,612,"Chicago, IL",DCA,"Washington, DC",1230,1304,1533,1,1506,1534,0,612
2000-01-26,614,"Chicago, IL",DCA,"Washington, DC",1314,1327,1615,2,1558,1617,0,612
2000-01-26,616,"Chicago, IL",DCA,"Washington, DC",1330,1329,1617,21,1617,1638,0,612
2000-01-26,618,"Chicago, IL",DCA,"Washington, DC",1430,1440,1716,6,1711,1722,0,612
2000-01-26,620,"Chicago, IL",DCA,"Washington, DC",1530,1539,1807,5,1810,1812,0,612
2000-01-26,622,"Chicago, IL",DCA,"Washington, DC",1630,1634,1908,2,1908,1910,0,612
2000-01-26,624,"Chicago, IL",DCA,"Washington, DC",1700,1700,1934,3,1947,1937,0,612
2000-01-26,626,"Chicago, IL",DCA,"Washington, DC",1730,1815,2050,3,2016,2053,0,612
2000-01-26,628,"Chicago, IL",DCA,"Washington, DC",1830,1828,2059,2,2108,2101,0,612
2000-01-26,630,"Chicago, IL",DCA,"Washington, DC",1930,1928,2203,4,2208,2207,0,612
2000-01-26,632,"Chicago, IL",DCA,"Washington, DC",2045,2126,2,5,2323,7,0,612
